4290
5161
26586
19113
1095
10554
15506
9014
28618
32170
32103
26247
16777
4630
28696
9233
1151
14659
30661
2768
6600
1021
14787
17912
6355
25117
13526
21697
8350
187
29211
28591
6796
9922
10813
16093
2906
25599
26647
11785
23541
4638
6086
16844
19266
31974
23412
14215
17489
15086
30292
9579
26370
20160
7630
19579
24040
7695
16578
12675
4721
6270
1424
31947
1087
24897
8447
23136
25674
6678
31047
3176
16452
373
18734
8052
24494
4128
8772
18288
5717
23850
22560
28837
12005
4197
24791
16097
23973
13924
31248
7595
31164
16063
17670
7851
593
31734
11433
6900
10046
470
26896
24675
6297
21791
30611
30951
10377
13428
7300
16941
15357
13672
1228
31396
32536
21263
3329
18497
29117
10501
32765
24709
8731
15243
20415
12370
29905
25781
5662
30557
16980
28152
17483
10206
31236
7289
7322
12642
3261
30531
2529
19920
11485
18547
9016
29750
2044
22031
18611
20502
15306
4999
29798
29865
10774
7928
14896
5070
1494
2419
5285
27277
3733
30725
12069
5271
29740
30788
4696
10559
56
2902
32667
24218
7934
14445
28187
1740
29011
30083
14494
21811
18937
12395
15177
17777
18314
24292
23679
31318
17964
30801
19709
5767
32424
2703
17253
20987
28641
9719
16207
32621
7141
17097
8070
3359
17991
22291
30864
8821
14830
18661
31698
3279
24572
10772
10019
11017
17184
23745
16528
7801
8787
12698
31084
27038
7097
11581
27396
14140
12873
2994
26130
16752
16563
7558
14868
17392
26899
32090
12667
29677
29484
18526
18429
2558
2175
6878
3352
27364
18480
9808
29618
26070
25683
8638
9819
205
3228
22393
25931
18602
9460
1038
19751
599
10444
19199
2879
7496
8726
15376
22304
18674
27102
14264
15310
20231
20581
16908
7726
10477
23896
16250
23814
28988
27505
10852
29391
31853
24419
25392
20707
528
22989
4274
11241
12717
25622
5390
16218
9625
31114
9524
7314
15928
9329
27602
16990
9185
5752
17167
20748
6511
18286
31966
23442
2962
5135
18102
18324
26240
16561
30175
22495
30222
17827
4894
16206
14963
18012
28674
7488
13042
16335
32443
14279
26580
24064
4953
12492
16664
23785
16756
26079
10743
8826
20820
22839
12380
8832
15099
1209
7846
15390
26082
15210
6284
17107
7013
2844
4760
19201
28219
10808
15504
26971
6754
18570
30232
27122
13548
6744
16731
15031
20283
15348
15663
28355
25034
18550
17263
12625
28472
19389
25061
9138
22260
15912
1913
26524
16765
7110
2522
29428
27559
11711
30619
10685
26054
29337
6566
6550
25230
12359
24419
18790
4318
7216
7409
25793
30058
16726
6639
27923
8541
12811
26015
19083
5904
18771
14280
15748
22225
26173
15456
30556
4434
29719
6893
275
32337
3139
8380
11822
15206
22651
27877
20083
511
23806
17312
14510
26502
18902
15966
12577
27385
3793
27144
356
32203
12492
21153
31924
9041
21196
30377
12254
11695
28310
2087
12843
19365
24279
30642
868
16731
24412
19590
27503
17855
3453
22570
371
31160
7195
8396
28601
16507
814
7759
14147
9922
267
2801
18192
7781
4945
20093
14146
7320
22070
17698
24230
7048
32340
29972
1772
2874
23820
8251
16141
7577
7364
19762
29289
24669
25092
18973
8454
22729
21418
21686
12066
24465
20256
18156
22517
13940
25607
2472
30418
28667
25565
12141
1842
547
11205
24729
24422
29781
10287
23183
12489
29914
3165
23787
32701
957
11776
20424
4409
21784
18623
3789
23783
27763
10126
10150
31826
9073
8936
4705
22094
13488
30334
27576
31108
20876
9147
10179
1687
25705
7874
29427
28853
8762
30587
17680
4923
10143
11256
5350
1311
31776
27376
8453
24046
23706
18388
13982
1632
14887
29328
23218
10692
1426
29012
31619
13137
9492
8627
708
1213
10376
6995
15988
21235
599
14654
25006
7885
24330
8327
9416
24618
23485
20793
1834
27069
2727
13112
5585
17205
24031
28605
30054
29939
26780
29010
25839
5168
27765
11601
18406
11194
14433
15126
18695
11666
24657
14062
30262
30205
2852
20061
17501
19952
9112
26078
30835
12023
28913
12104
1717
26024
31769
23103
27943
3077
20563
9833
12121
22023
9605
19586
24479
15526
2661
44
17357
7489
28323
10242
32512
18012
30992
621
2680
7609
8888
22944
7855
8161
24732
23151
4434
14154
9424
27538
20582
9166
9484
21966
11755
11994
23966
8827
3620
10876
23669
20236
11050
14770
8232
26484
12160
23624
27678
32231
9521
16660
560
19883
30311
14843
7619
27462
20406
22743
24522
4450
30451
6269
25870
21901
4709
25919
8960
4174
21290
31951
970
22894
32325
10298
10340
3999
12633
7227
21887
1203
26220
23749
2696
18025
29917
15931
23175
17881
1378
2102
10606
28286
7140
1618
8491
8827
17414
13857
12697
24872
3806
27080
9942
5249
23434
13478
21258
17261
21746
21056
17810
17570
23423
5407
673
15158
28174
11092
31663
18926
18199
19518
7474
17912
16941
4466
31909
16985
15193
1257
25760
29875
4920
24264
22010
13491
7595
28318
31950
5845
3917
8308
1909
17622
32109
28212
20466
9477
1023
17381
9287
23651
24415
26932
4797
25832
8868
4173
14869
31717
21897
15005
24862
21878
6137
2375
26740
4548
15047
12073
19783
13025
21990
7275
13817
13827
9934
20101
20648
18536
28502
21978
553
21316
18693
4909
22480
2028
2497
4103
17784
1465
13978
5997
29176
1764
9526
7896
16106
5038
14376
13252
15591
26067
5227
16507
20653
456
29373
601
25415
24932
23373
25243
8705
30422
25625
10928
20836
23723
25391
14229
17751
19742
23063
27000
6952
29371
1125
14461
22963
10406
23605
10184
15137
23273
10996
2655
5461
1450
1179
24148
16303
2460
26009
15483
26466
25317
17531
31673
21795
3125
16229
16168
6685
32754
2484
32748
19179
1477
18876
27140
22563
10349
9183
20930
8940
32682
21576
18444
10407
9073
14703
21495
19122
11218
30850
8974
26811
12140
6187
8015
9014
9476
18152
31916
8823
1480
8948
19961
7964
28834
28875
5263
10212
2039
26002
18413
9074
6756
11788
19502
26093
26311
8178
11456
33
4927
16029
17421
2009
14800
6801
538
20301
24487
2538
23978
9332
6389
27193
31378
30487
4042
16700
16129
23091
30781
30194
30904
23287
30013
20223
18134
31212
22620
30801
23185
8862
10255
18342
3099
9490
17749
27194
32135
10509
23934
11133
5663
28254
11441
6113
27010
14909
24242
16181
2970
22834
27365
25796
6051
20559
29805
16723
32619
7580
30861
319
18994
19248
12545
18994
27854
13463
28058
15592
12405
26557
16956
11609
1397
3887
13968
1491
6660
29925
28162
19767
31933
21292
25793
4063
3157
13560
18770
11735
822
4223
5944
13941
16407
1055
13463
24647
8881
11063
7013
32033
17433
717
19090
9904
7905
20133
26692
18725
8382
23470
15350
22969
12072
23026
30678
16418
5697
26022
21654
29792
14619
14928
12067
22560
29681
31588
6564
31737
24821
10911
17359
619
21694
18941
4472
31593
32276
22638
8213
3114
9840
24079
17531
620
28769
27527
19330
8297
19702
4577
32088
23738
16902
3730
32411
2329
22602
7342
28250
2920
28437
22903
19215
23959
13217
24061
11415
15544
4141
9806
29737
6631
7762
14975
29188
3788
21545
31362
17742
21807
22629
2736
1760
25406
19412
30432
27545
14346
3259
6615
18109
22528
8773
21474
15744
10004
14342
26140
18452
570
3823
8071
4390
15923
28347
23878
10820
12146
28588
11361
28708
18388
14039
12063
19791
7839
278
26579
19836
11331
25484
17920
25764
4136
19341
21395
18224
23354
26375
11536
329
1610
22087
18317
18830
15353
27266
847
8744
21939
23764
19858
22181
21116
5121
28070
47
6470
10817
15673
30677
20111
4565
13589
29484
7965
25872
25472
17203
2307
14509
24546
6575
13534
29655
17623
13788
10487
1820
1915
11463
21343
20002
28813
14549
6651
21674
20260
20133
4816
13665
27998
31889
12707
4241
9938
7892
32666
18676
10977
26790
23876
2546
20172
15469
11704
16872
7309
1996
3706
18493
1498
10597
3113
7409
31768
14253
608
29556
17042
21368
27175
21405
3677
27679
897
13475
22796
30829
8197
3324
25138
8057
4648
18491
22013
31852
15205
4501
11464
16870
31420
22018
15411
14084
29629
12001
9067
20168
1666
11119
30710
26689
20328
928
27625
32479
10741
764
25571
4389
13633
6669
17070
13825
2657
15731
10772
7472
17319
27830
24272
23420
2464
14012
9483
22443
29369
26711
2651
25730
1625
12121
29786
13297
18246
23647
20944
10677
3139
8722
9634
26141
9697
3986
23074
9251
3245
11001
25545
5037
6702
24679
30269
16277
29949
15345
28749
12987
19703
12575
20407
8762
27992
1035
9448
1119
7115
22839
9527
31409
20253
22386
23469
30457
21156
1155
5819
26362
31475
2289
18949
9099
26177
29021
21469
4928
15511
21358
21445
2908
10441
22404
16091
30483
3634
12806
30507
17068
25226
27953
24425
11437
7298
19420
15093
13578
15402
11637
11232
5002
12467
894
10851
30856
28211
21395
29718
8017
19622
30424
20861
25022
29493
6427
9589
17032
31256
29384
32459
19207
29620
29272
7415
11628
16637
22863
23439
26938
30314
692
20187
2507
3948
4364
11785
28530
1569
18348
25438
142
3294
13406
11176
6897
7283
24231
14014
18947
24804
6453
9677
27572
4135
19212
4664
22415
8493
14198
18700
30473
7467
24849
17446
20938
4064
16659
1959
825
16055
7613
3997
17849
24662
5107
25099
31188
4512
24930
12723
21062
26284
21118
26338
26226
26201
28191
9499
4207
19737
23332
10507
17596
4591
1726
5154
8476
9704
18523
15565
19753
15356
20879
20325
15692
27434
1488
30383
25642
28667
7837
5821
13773
32525
17153
29036
16463
15820
23633
32729
1599
3625
6834
24894
7160
20433
30165
2002
657
18218
17645
9859
28294
28987
16644
17261
19370
27534
2776
20543
18356
24616
13056
23791
5773
25045
11631
9148
26408
27573
19515
3591
13683
29995
21579
28748
27543
29938
22225
9341
14649
18066
21702
4074
23732
5381
29572
5858
26518
11455
6313
31715
18099
30202
9462
9643
24874
29611
5477
15293
6684
27826
14392
18191
18555
21221
15555
7398
14825
8433
12706
2281
24760
28733
4461
27068
10968
14145
31535
8470
464
5274
17393
32289
28361
25952
6962
19710
15105
27794
7786
20822
17721
20791
3481
5756
24109
3082
18630
19755
25116
31992
10378
8577
10069
4174
6491
11441
24497
1524
16797
2850
32084
26211
22200
7058
1606
14463
7647
9328
31051
5068
1229
1116
29673
10111
26498
27000
10849
25315
23843
5434
19676
29921
29454
27168
31782
2998
32297
13827
28367
1067
26339
10083
12991
17791
8088
24141
30125
9538
9597
18999
29859
23047
26971
2792
13674
13133
21136
11720
32050
4271
17269
19936
23110
11786
5887
14974
158
12171
28168
13186
1595
16267
3179
14547
12476
331
1092
27330
3247
21574
10426
28207
12386
8814
25368
18118
20714
13220
14207
25437
28360
17593
11329
21479
2659
7565
17639
6561
22148
19636
25186
26653
640
3062
19074
4053
23549
3394
22260
27644
20312
22317
25762
25477
7222
31831
30554
19361
18817
6644
32693
5570
8147
32082
28881
14504
15253
24903
23931
23422
4215
15492
24498
16582
14079
10580
3010
9660
22056
7123
30170
31185
32240
8090
10656
10787
16022
20184
6300
7358
32288
7005
13230
12010
15188
24455
28576
25376
8881
31119
4609
7142
249
20333
14541
31114
31406
24734
11691
12482
13542
31338
22000
11717
613
6968
29861
558
3714
30471
20220
6079
29487
9152
15673
7697
31326
13572
8002
22485
23789
19589
26817
27328
11013
21235
5620
28335
17501
18184
302
16229
2653
14216
13937
26110
19256
11794
10153
4147
741
29542
25376
8044
20612
23819
25376
30779
18533
15768
18
32461
19877
24735
25741
13076
1753
3420
28424
29536
13610
29709
11719
28285
30191
4575
377
5409
31471
22806
22928
30278
23996
32190
9649
10038
17160
22890
25519
27807
2303
19073
16011
22776
30489
3440
22463
21598
32651
25766
30710
27906
23792
818
22474
13851
3371
25294
11496
25756
6051
30082
26179
2437
15415
28730
23731
8210
16896
25511
23302
18321
21282
28479
3566
19445
29671
27098
17254
19251
30156
26414
8279
6626
29859
19771
30120
8489
4984
4051
31584
23019
20907
16708
13366
20854
29616
6088
10070
17290
532
9390
26499
30340
32337
5277
31645
29947
20308
13907
32352
28106
27637
8973
21727
26331
13881
13024
11656
21403
30692
1309
15459
30373
28248
23897
5727
14156
18014
996
12870
12129
8108
29488
3869
9522
2215
1987
16849
373
25698
31500
23024
2095
20106
15860
8241
22053
24296
1465
20064
6641
7324
1171
27130
6997
10446
12668
22922
29099
9492
30977
12857
17574
27622
20720
4095
6721
11694
4388
8517
15287
6854
6597
17904
14980
21983
16825
26551
10083
9475
18635
23152
21362
29860
4835
29712
9227
2733
17126
9631
1105
773
19813
12345
12606
21222
10920
3567
25384
23904
32642
29406
4996
17518
26903
178
14085
31416
10885
19043
24733
9001
13222
30608
30697
12503
9934
9080
1589
15134
3716
7557
15045
24131
17915
20817
11899
30996
2943
4618
23987
25082
32336
17218
4079
31172
21011
3014
31978
25600
32437
15654
31103
3396
11370
1703
15915
30046
66
2176
22140
8574
23915
17926
16699
12396
24506
19964
32464
5328
30806
26882
28984
13140
5247
15024
26220
20379
15321
28336
8289
19344
23708
26558
7704
25488
14381
4226
14610
12058
30412
12956
30186
24273
15856
6605
10955
25967
29229
2192
8230
15534
16202
13423
31516
15915
25580
10260
15770
20414
22512
30415
11139
21797
17056
664
6017
1714
17230
11850
5552
22226
7871
2835
22716
4361
31255
17456
12952
29989
18734
26445
2951
8912
10342
7823
20369
23992
2498
14715
6275
32636
28268
31153
5379
15798
6447
31635
23382
410
10454
14123
12799
15869
14715
4356
29877
32364
7903
31364
19386
25789
645
18965
21465
26872
6012
20639
3581
30456
12686
21574
10682
5807
9164
27525
22471
13433
2630
4672
32199
11816
5871
3901
31883
1665
30683
18098
12871
1343
22188
4796
14680
22937
21029
13524
6716
2360
32296
11038
433
26358
19418
30254
17119
15237
5031
23704
30927
20629
10472
547
8956
12269
17818
24875
7874
24473
16977
21734
7671
8128
24304
20668
20574
12768
10304
5737
19756
1449
28638
30997
26659
32000
13124
4918
5837
23382
23930
20134
25672
15242
8768
20665
8048
31040
4890
16050
28829
7085
17986
18997
11119
16048
3148
8060
12754
16677
5187
24102
4006
17208
18025
22920
16725
1029
18801
11410
9207
24818
15566
19096
7418
29762
19279
13020
11680
17770
1940
27622
971
22641
4553
4555
28178
6325
6198
32736
24332
5329
3676
32754
19365
27389
11944
9991
28026
8046
29
1873
29866
4822
6338
17199
456
29931
28202
31710
12452
17067
20034
23511
31395
19291
23048
23022
26893
11311
21926
16490
16015
12423
5646
22258
10953
17856
5219
4604
31277
22026
1025
25758
25615
9825
31153
23070
22614
15053
19785
13687
15031
26625
22
5113
1241
17553
13936
4665
2148
22015
23224
6654
28852
15865
11448
7916
21033
640
2224
27733
24066
5009
29374
27520
7771
12382
28289
20275
31210
28488
7250
180
27673
8088
8632
27077
14756
11442
25607
20237
13233
23574
27757
22434
27370
30258
26372
8319
28293
18363
7506
23055
22645
31567
16775
24343
30752
15808
5930
32066
782
16273
24898
1864
12712
9438
12303
6682
11924
18649
5375
7591
24307
2318
1231
4401
17600
4548
5948
18827
13665
5888
22584
26018
16880
11355
2272
29050
19753
24638
1894
26062
32319
17786
9046
27951
11681
26953
14954
7772
23734
3945
4823
1076
21859
31521
25104
18259
20486
27225
24680
2950
2029
24411
28273
974
3951
28058
9299
26859
25260
21075
12455
16222
27869
1542
22112
29915
7392
13188
10016
19515
8444
19120
4948
708
12967
2265
24227
13873
25048
8805
12539
26539
11393
6706
7356
31228
24584
30727
8990
28112
12494
28343
13452
8760
9027
5539
6728
32173
9029
21141
15389
15670
229
32528
28457
8863
17870
1881
6280
2173
17097
9604
29709
6314
11560
16963
11115
31529
4575
1759
5012
6283
17792
27623
1046
31834
19863
16697
28101
19708
80
28012
9104
27074
16632
30863
7645
9052
1030
15571
16812
13451
31291
17499
11713
23177
13833
11021
24447
31353
24436
5696
22588
4785
2514
526
4163
1752
10048
32487
15085
16593
25495
29820
2541
11157
837
5799
10726
13945
28251
3039
14840
27837
3049
32497
22771
23684
19509
31193
30619
25776
23217
25156
7014
2329
25815
32398
6821
23739
6261
6671
9884
308
18102
17434
21218
26793
24667
28020
20249
32350
19211
7955
30956
8485
5837
2794
29049
12955
19741
2566
3235
16276
7954
24240
13953
6346
13677
16132
12389
3063
32050
31398
7877
5920
13707
31142
15081
32250
18675
25229
18469
9975
20769
7954
17068
24440
11287
11752
21080
17125
2922
10505
29755
26932
15138
30299
23204
9411
28338
9149
32121
27381
27970
13781
13485
3055
14140
11409
23231
30839
11985
11482
15862
21421
5551
2483
26640
32400
16277
20201
30972
27089
9759
20362
19926
19983
9465
30476
32414
22689
994
1792
4721
3913
8999
5090
25646
6917
25193
951
10731
2678
13872
19364
24763
25342
14967
7281
18506
13736
8623
17649
31000
8980
21397
3813
10782
24122
5212
18965
21645
17654
24481
14947
6697
15150
4715
32725
19033
27848
32436
2665
29510
21404
17075
9310
9045
1319
18858
16228
784
1902
18850
10833
27394
3623
28193
24026
16011
18310
15299
3287
8923
29486
8654
32742
2027
17064
11738
16036
31980
10038
5731
29405
9204
8765
2602
9814
2368
29996
25900
13540
8251
1229
17264
32645
21920
27307
11877
29130
12545
19150
27872
23014
21515
30749
8827
28316
12356
25433
13883
4730
16412
21534
32329
18743
13593
28561
1288
30423
8419
30625
9010
15960
18096
1466
32257
14872
7371
17817
31335
11089
1760
3381
30275
8819
10790
27012
19864
12863
17377
3245
19884
31293
23461
20888
16177
16385
13938
11761
30507
1576
28339
22723
16541
7676
9332
30788
8008
7447
6839
28167
1867
28290
18655
22942
875
6769
4339
26336
32242
6631
17976
23256
1995
14946
7713
14135
21227
2997
13319
23637
10263
3259
5416
21781
14046
1609
15565
13109
6459
5212
3808
4691
4804
13061
13686
11591
22415
8020
22622
16543
26822
17151
24737
27895
21715
30194
18383
5241
29633
15943
8157
6239
11300
16475
19649
11049
5124
12413
19659
7042
15559
17515
20216
22351
8747
12378
26239
5181
29830
13739
19963
27112
31380
28015
8532
20177
16750
9228
7272
1335
8122
31326
17257
10130
16218
22319
10423
17924
7764
16643
22114
25277
29709
6015
6589
23157
6117
5581
6085
8140
2844
14846
22298
5633
3588
26900
23522
10785
28094
28402
19153
1912
7769
9195
21587
8394
24315
32206
18762
20331
18697
10337
31044
5722
22588
2723
20033
27659
30662
10970
11625
25490
1501
29116
6411
11909
5672
6878
25589
26802
16574
14059
13503
26490
14010
30019
25781
13835
29225
21763
5112
13513
10071
21030
29697
25449
12519
25079
25590
27651
6661
18908
5542
21371
9081
882
5115
22736
10553
20447
5635
10693
11482
29652
5293
27022
24107
27414
17097
9706
20131
1739
12005
28554
29280
12152
28533
9277
3020
11152
3353
9306
27382
7061
24168
25154
27371
18772
21900
29732
12620
12463
17256
18551
21859
31758
6333
11294
17191
32399
5141
24616
19181
9890
22478
17027
22993
8222
181
20394
15096
16065
11491
16052
6542
22920
27463
14354
18308
19476
910
21124
23110
7107
30874
9131
16008
16883
4724
7792
22512
31885
29106
6883
23936
2723
19665
10467
22908
12408
23359
3140
21822
19851
12864
13042
16815
2880
28599
4072
27641
32368
12888
24622
7041
27536
2524
10032
6845
6585
29209
12649
3020
3017
188
9370
6659
31277
4739
13919
17372
20679
1863
10800
10030
7836
22100
11593
7566
381
29477
11434
13769
25227
6628
31807
20192
31809
7631
18848
14231
25410
2903
20421
13257
5413
16825
21241
32553
20844
24443
5473
12349
5240
8465
9426
29330
13131
22496
26053
28590
30762
8462
5472
4911
610
21788
11459
4671
4938
17144
12999
17909
25686
526
20186
29083
27665
17024
9268
30120
530
18781
7387
13104
11934
3671
4410
10342
23887
337
6608
31694
25957
7953
25261
31193
21130
11830
27858
11144
4659
29215
3323
12154
13086
24544
26879
10763
19687
24332
6875
625
8820
19168
11561
9378
13210
10898
4392
958
16845
21275
32447
5907
31066
3002
9290
4065
16040
14393
11521
26342
17860
2616
16381
26775
15003
20832
14008
9642
18837
23281
22862
21804
12327
25357
29280
503
11558
23381
30068
29720
26332
2103
31446
26013
5956
27788
17061
11231
13001
6841
25063
3496
2696
26906
5291
17165
297
28084
10318
17389
4950
30458
23857
23927
5943
17505
5838
16781
21092
22001
11763
24348
15298
17913
6376
2979
12507
16146
27803
19908
15769
26508
28592
19554
11103
14679
13288
4468
11578
1401
8530
17534
1568
26056
26457
22985
8210
27498
19601
18124
1457
14002
29698
25533
30662
24331
27215
4295
5109
4205
11023
22215
13982
710
31693
433
26832
25813
30246
25534
29972
9364
24367
28332
20193
14187
5550
9697
15367
19471
16742
30893
12341
19801
11677
13584
9707
7559
1538
10073
2353
30055
2153
25983
12890
6238
13999
12533
21225
6670
25061
12321
19291
2732
19907
24517
6686
29270
15842
27396
7368
9767
3212
30819
13971
27075
6292
31219
6816
10173
31218
1551
17708
27622
16796
9313
31303
9388
5477
10387
6373
1517
11310
14151
3383
14700
15694
15155
4822
2368
6711
24838
23385
26797
14397
32031
3763
31048
9486
310
17660
12963
14001
28106
16808
9531
23752
1207
6007
5994
17606
22893
23779
8369
26104
12339
8380
27241
26249
28369
6660
6108
23631
8061
9310
21795
4011
30921
3281
27475
8834
11274
28002
5070
16999
18638
3909
18448
13710
19887
12815
19571
12152
18039
28905
21858
25777
3453
8672
543
24321
20704
5415
3519
26506
25765
4875
12951
31354
2388
475
19565
27931
4145
23800
4554
22895
27710
23047
1457
9874
9407
31216
30629
15172
30498
12713
18548
853
14139
28299
17895
7310
6731
19689
22526
26590
25243
28573
17872
3115
22836
32383
9993
23636
12787
30064
12296
15668
8561
4838
24124
29167
24816
32392
3156
18765
172
3836
20264
17872
1004
3057
6944
29257
2085
12932
333
7721
20961
3803
14327
7070
24855
30463
172
6933
12697
777
23435
30648
10408
19995
13654
28732
27760
851
17827
9176
814
4169
17271
14686
4772
23530
27101
15883
20795
12833
19513
1443
5639
21602
18407
6760
25806
31073
13793
23405
32185
12898
22792
24302
25916
30059
7534
30697
32284
12557
21502
26758
22036
19647
19238
19771
3782
14876
5319
11468
14322
18678
21126
9775
3004
11637
11014
15927
27750
8176
742
579
25543
4956
31113
25031
17058
118
21410
7332
15648
8142
223
18656
311
15585
13742
29338
23209
23703
14592
14010
20450
30124
16833
4571
6556
3164
6381
8183
17197
26618
11810
6336
775
25487
16803
25290
6933
12147
17562
31984
11607
21392
5883
22061
11636
2436
30663
29517
9292
17506
15665
23165
24646
6712
27772
24471
1539
5680
23023
16064
18361
18202
5906
30199
18012
29565
16949
21152
13837
25440
27281
1857
31297
21843
7895
18525
28915
11851
7774
12083
27917
20096
30177
19334
29433
23575
30370
28340
1420
30002
5768
13868
6703
90
12511
32309
5699
16243
9637
13194
31969
10496
23754
4452
7475
11358
25939
7922
31001
26882
20418
4586
25491
31480
3399
10349
7630
18400
14995
10590
312
15353
28756
27078
22656
8455
21602
2341
26022
18979
2253
14360
15487
13799
26097
7086
2488
6079
29619
20390
1914
22737
11430
4308
29695
19296
12675
28996
19832
31856
14040
15341
32632
21573
18628
13565
25941
10025
24908
19757
20670
13593
20395
5533
21783
32429
29825
28759
31525
31398
23706
30094
17585
6858
11166
14961
23196
11236
27765
23704
1024
13249
25391
13132
30835
2433
12618
28123
1562
13599
15863
16426
4395
2658
16663
15002
12345
16222
13406
1107
26223
10120
8869
4820
4909
20603
9706
16569
4467
10382
32384
5557
2555
30361
14131
7593
27395
10087
26390
32055
5844
8862
29823
18142
7312
31235
11260
28454
1382
13221
10934
26294
6214
14716
26148
537
25461
24121
12756
17873
4401
9081
6858
15261
2406
14845
7199
27414
11524
27187
12340
29422
8090
11682
32540
24307
21010
15079
16802
9186
22388
13721
7427
16620
27421
24373
1359
835
12130
28486
14130
18695
31802
9088
25491
13508
31874
24330
22206
29536
17342
25259
10853
30991
32378
14275
26881
19023
18003
24152
29926
17815
9207
16465
7394
22339
23032
25937
29691
7681
29470
730
201
31405
31803
31395
15642
11751
19710
17008
27782
24738
5832
24741
22757
6190
17538
13015
7072
8259
32558
32400
2226
28489
23239
9240
8314
3276
4051
13806
18073
1956
4692
29217
19015
17996
25371
25068
25998
23062
3293
16227
2452
20937
21251
30376
11859
24034
1511
14604
13688
31460
11504
14875
5932
631
27420
30373
31685
15037
28879
4719
2947
8924
25104
19731
29984
24831
9840
20169
25691
2540
1307
15582
23624
14767
28906
26778
10960
23607
28670
24387
14966
29156
20958
29368
1201
17989
8988
8982
27014
32466
3534
5576
22689
1447
9327
31633
22127
31719
24708
25981
19350
32687
12148
28364
20902
17874
12736
16599
21371
32349
9544
43
3072
9123
350
20982
7511
24535
10228
28739
9284
2999
29196
14167
2032
262
25560
21320
17345
27335
24873
6722
30620
21800
3477
55
8162
6213
5673
13952
11103
25683
3586
29931
23935
5906
3718
3506
9738
28538
19323
17124
30563
27334
13404
1581
22905
24187
30018
5866
23505
1896
19403
11132
29099
6523
3488
17400
15295
12756
20303
4452
3113
22747
18225
808
21273
30541
20576
4553
4603
32303
31676
23730
31741
8589
19330
28028
25974
32694
22825
27974
25355
29301
24487
2801
7631
25228
4719
4282
4736
8436
18171
30492
30819
1082
15963
11016
21242
10710
29961
26599
320
18988
14567
4179
18516
3360
3878
31696
4029
16659
4403
1531
719
8902
7056
9561
4726
3487
886
24259
19315
18053
15041
27733
23953
18767
26382
30079
24014
11227
534
23097
32333
27693
9567
1452
9704
23423
29139
7457
8530
16927
8709
5408
20522
13860
30957
19230
19284
3226
9825
12396
10976
6006
2420
12885
8547
4909
26405
21458
1073
27909
9796
4469
19857
29532
31204
10637
31573
15175
9290
21739
18023
709
6692
22652
12221
5069
13035
9914
14524
290
15900
25157
3869
8673
4429
7015
24899
12690
32351
6740
1282
5835
23232
12672
3952
14154
6651
21937
6947
19335
12253
16848
2499
14757
25859
14852
23914
18032
20959
10296
11474
23736
27687
19537
12205
10874
25712
25715
27527
11276
5355
19598
12773
27887
20952
16928
539
23328
7688
20900
25734
12995
26481
16876
12211
6743
19822
15166
1575
610
19119
28336
806
16542
30359
32185
6688
28108
24458
1267
32351
30596
30494
13635
16621
2906
25098
17728
28556
3446
27789
7608
26633
14245
28766
29502
9345
32317
10517
28808
4276
9810
26234
20052
26165
13481
8355
4402
1255
19176
9889
17166
21438
30620
7926
32699
24055
30307
27496
16969
20637
18883
18076
18397
26511
21608
21446
18819
20009
11621
11852
3014
17939
13233
1454
29327
21339
9184
20867
24172
18650
16411
13085
16278
27771
32438
25447
31593
15819
18002
4464
10325
28831
26552
20725
23422
21962
26990
31899
19469
3898
9359
4471
4669
16756
5873
6794
24092
7950
22038
12589
6536
8037
23500
3801
10476
28192
266
7163
16387
1817
9938
7883
24041
1532
2113
31319
16077
26564
14383
23942
5325
9272
11911
15279
31210
22126
5727
19031
29358
15490
25271
21500
237
1792
15973
17957
5624
31087
6928
27383
12985
29910
28528
8474
15318
21925
21014
4925
5378
12872
27823
3582
13014
7168
17338
25274
22943
10709
30605
7128
29314
9052
8386
17104
30529
11666
2485
20739
25734
9134
8689
8585
5807
29397
31266
30924
19994
23476
4562
7909
14055
19466
25075
21802
9145
8957
15940
21393
20157
25818
5215
16521
13012
17514
1084
11689
18184
6436
10866
4640
12883
29458
22009
2815
16247
23715
3074
20187
2627
4454
9732
23678
5002
12760
17257
11678
11962
6235
10380
23643
9882
7753
8929
23378
9943
9210
11673
31435
21188
18513
23571
8193
771
10780
26158
28817
20729
10846
12833
18087
10163
20120
1580
18529
1375
18251
14724
14193
21453
4986
18365
12599
24956
8689
29633
15842
28792
31287
23841
9769
6541
11121
7275
20561
4249
2645
6650
7551
22950
18897
16578
28089
23121
217
11138
7629
17000
6617
16120
25613
20905
15263
17435
13129
13754
31849
24771
13407
8699
1174
2155
29729
15011
30336
6055
20989
8770
1866
25122
14035
6602
31950
5272
7714
23325
27912
22624
11044
12634
29365
31116
2846
30691
29221
10244
7556
16166
9619
5681
8915
26930
19324
1587
5939
20753
2624
8305
16124
17331
19373
29033
22723
16923
18734
9720
13291
29926
11540
23381
23047
29742
3942
884
1982
14762
21345
7820
12401
20382
10432
3639
13899
18773
24777
32012
14722
2971
26272
12981
6205
10830
28867
13155
4263
27873
29489
25593
18962
20934
14994
9842
9080
31884
30579
26100
5894
4553
1477
23682
15405
28877
16204
11389
32007
4179
23314
4420
8740
4738
18477
31563
4150
27585
27878
18144
32518
5506
9324
32107
29309
11926
26870
1129
9327
22339
11251
19967
20853
19215
8650
13931
5604
19920
9105
22368
14723
28258
12930
32092
19708
2696
23180
7925
20141
31147
12461
4475
31677
12484
25927
9651
16581
15262
20746
22689
22384
4105
10430
17232
28428
4856
12790
22382
2504
28591
27149
20634
28317
8410
18998
5653
1845
3881
20275
5439
30255
22123
10177
21837
3263
15011
11094
548
27300
12737
27997
9405
16427
22672
3348
6731
5681
23868
27079
9259
30912
12398
12763
22238
16470
14847
12117
9680
31311
10769
10453
9963
4162
4665
7498
15930
20357
510
21255
7051
27834
30721
19558
18743
3409
27421
28447
26936
10226
2951
31722
28184
9664
18598
9559
16623
3704
14691
11443
20931
30143
29778
14611
2686
9818
10759
26685
12845
25227
12150
4114
30784
21854
28814
25293
20860
7329
22558
10856
1087
399
26459
5377
30030
11461
6346
31441
19224
10208
27898
9725
24869
7170
7789
27154
8965
10423
24632
3992
21991
16884
20402
9230
19717
10200
17568
12314
5496
8164
9301
16008
9713
12264
25667
1736
21216
12470
8050
18792
13780
26748
31420
5634
14189
27752
9216
7657
10500
15324
932
29716
2869
2969
19166
11938
2148
24812
8721
29046
11457
9147
24419
21585
23724
28968
9583
14912
30909
22836
22879
28385
29351
1650
30323
7448
18571
26153
13821
20706
22852
15613
4814
7143
32390
11143
4704
19581
10722
7057
5017
21343
19123
29906
23261
18311
14333
31338
3858
15246
24207
32387
7246
14691
24297
12126
22900
20288
5447
6111
8571
17529
11632
27003
22787
5691
1508
31415
5249
3179
11345
13269
28509
7280
8296
12815
27808
6422
29371
27190
19875
18039
5922
16736
27500
9405
26859
25081
21622
25019
15124
23143
19258
21552
28119
4441
18982
31652
18664
7544
28126
19260
24997
7517
8691
2111
19328
31333
6414
22666
23494
6104
27156
28281
23199
3261
27931
3199
13806
17283
1797
23057
8232
15946
7522
26934
28645
16916
24091
817
14767
10263
8770
9178
21651
2294
20565
3955
27548
611
19226
4251
11200
24994
31917
3331
9677
19312
24841
17036
27566
5720
19716
2264
25325
5401
11422
19673
10347
12562
5789
19600
32728
31226
10878
17348
7593
16234
5658
2865
30833
31677
28481
28047
13623
31742
14517
30901
24703
5279
3178
6826
7148
15841
507
2468
4052
27584
3970
16104
2575
10339
22821
29070
10819
4525
130
18432
6157
6887
2366
9235
11715
29201
10765
9329
27506
17176
26789
8176
5149
3138
27586
14917
12187
13642
6536
20712
7750
10355
14169
10338
15075
21768
495
13521
17478
1780
9204
30875
27795
4472
26075
8355
15540
1692
14896
12277
12986
13019
22925
25945
25365
21944
13005
27945
47
637
18246
2660
20576
23912
12706
3971
32535
16086
9637
1184
17392
11066
27550
29989
17385
22699
399
19804
14230
17158
1254
32276
19539
18404
27270
2671
16013
8977
16249
24513
21290
25866
16980
21088
8281
4776
9558
1275
23157
17607
3081
27315
16558
28414
18892
294
11938
2452
3690
25184
13630
28216
2823
27481
17385
19265
2484
25589
11677
23513
30816
21242
11345
22193
21096
146
9653
18103
13011
23889
627
24386
22418
4903
20190
11996
18987
30168
25195
14098
25051
18320
6865
9215
31823
30180
1720
1092
29291
16486
24960
32187
31532
15927
3083
6699
9567
13658
27449
24688
20045
30746
17011
16533
14369
19903
4018
17287
29922
11450
27962
6880
24205
28821
19288
27248
10383
8049
6029
192
8512
26993
7887
17079
23310
9956
23184
4600
12202
10959
23421
22151
3244
18243
2944
27459
18314
5536
5482
3862
232
7240
22614
27280
21895
7550
9767
31447
25454
20944
11119
3745
30257
13936
30191
19144
6106
11908
554
3128
23887
16797
16996
11437
8596
32279
26274
29451
1490
21012
11163
31731
3187
10169
25781
24449
29041
4256
7645
12650
16845
1999
31115
1380
7387
17719
8564
27664
5724
918
30459
12479
2425
16991
28316
21661
22290
17400
12787
25398
8788
32081
15969
18894
31172
29447
22290
31550
4716
1296
12972
3571
14830
26539
3829
9125
21516
9984
19561
13135
31050
897
22563
28810
1907
1397
32237
875
4031
6104
14040
8402
29579
15217
7021
28040
28729
19583
28627
15324
20603
2176
6707
26245
20466
28210
21362
4915
23614
4914
32287
19746
29594
28118
3795
27351
20468
6633
31220
2573
29369
19545
18041
8722
16475
5385
22788
17816
498
3579
5962
220
19779
31714
10226
13825
12566
26209
4743
19552
32635
11783
10293
7332
23276
24065
24909
9340
2948
32706
31897
4568
2104
4516
23377
19890
1157
17975
17801
16377
14547
23833
7044
4955
5390
2472
16439
13281
3278
27396
27129
24367
31774
23564
9942
25761
4054
3133
6112
6405
16604
12339
2452
14485
8750
16530
21119
2446
29423
17153
9740
3008
23232
21340
8249
4745
26992
15531
11985
27666
17311
29694
7613
22647
50
13781
29358
12760
17729
31093
16107
11976
3566
4953
16770
21578
18360
20483
11434
18392
22508
17965
8280
32196
31196
23230
8887
14778
22769
11306
19301
19049
15335
28956
31739
10791
20835
10851
14030
4736
21823
30960
29627
22019
14544
16492
18225
26219
2387
25668
16299
29679
870
18681
11094
8122
31133
17123
27638
42
21333
14065
15066
14347
23691
2116
5637
16022
22647
1772
14401
31495
22944
4344
22708
11120
3963
11505
10815
18759
330
30453
10368
703
26835
3000
7988
7295
10221
15933
5627
11903
17729
3674
16798
22680
3096
21514
11742
26715
665
9748
12004
17940
5337
4249
5444
10199
16092
19879
3850
6989
9981
16357
30103
15232
21300
27550
8328
21462
26639
13524
9859
9923
28271
29351
13803
28007
30482
28846
6893
24228
23745
23768
18963
8827
32621
19550
30223
19239
5812
18082
23883
25934
27048
16098
22847
31766
18448
23978
20187
15308
17317
9693
13730
9985
24639
22975
23664
31939
10216
24837
13211
18098
13706
22457
28061
1453
5673
13228
27603
29253
13385
16609
19201
31564
18292
31193
5438
4465
29206
29380
28535
7860
2608
3405
14648
15151
29290
20664
20744
20896
26454
26873
12373
20886
25858
31162
28920
29398
24650
25734
108
9643
13661
23279
3633
11289
1986
2599
4184
6088
31732
9178
21038
28097
16967
7649
26826
18916
12912
15385
32
27256
15969
1438
24608
20010
5533
4646
25950
16698
11738
20423
14986
3832
30680
23878
26306
28071
11345
21656
9525
29445
19176
3936
10666
104
16551
13037
26234
28017
86
16282
28457
20486
30359
11815
17214
29694
25093
8457
27516
735
19162
31871
25544
4284
21857
30736
3731
21086
17416
15148
25837
13704
9426
29657
32326
31218
25912
30724
10263
12652
28543
26010
22469
26426
18565
7649
10097
18727
28769
21335
15473
27578
28912
31591
15958
32567
9710
9245
5744
32607
7834
15944
22440
27445
6155
7747
16944
21023
20215
27028
13054
16290
277
9379
5390
18022
27602
22029
21187
19970
23253
12055
25317
17913
24099
12067
19998
20383
24204
21459
11502
14512
17823
5078
23504
29768
15680
1145
21398
10641
26456
28519
9091
9610
31485
19059
2125
897
24815
15748
22982
21891
492
9096
302
14269
10257
8658
28840
32217
10558
31617
13545
14140
3520
19426
83
25833
7734
26824
696
13485
10276
19039
15340
14185
24271
8993
12671
32608
3469
27695
24181
8835
5135
15148
18194
7215
23126
10111
23402
10353
106
7460
2907
4514
2186
6722
7626
1518
8958
14830
463
8864
13147
10802
18550
26578
8927
24328
7672
12350
18877
29625
22043
6344
6282
29583
31457
22138
14608
9935
22332
17844
4758
16030
750
796
17961
27259
26270
1734
1189
26878
6198
28052
17337
15631
17843
26118
10102
4494
6263
28135
25381
20648
28908
27160
26797
9828
102
23000
3826
28749
28636
31677
9490
321
693
31410
9679
15269
29707
27229
4852
1475
759
7426
26364
26944
383
7938
391
16597
20276
2148
30753
16804
15664
5717
25045
6545
24247
2210
32007
30519
4436
23988
25976
8849
29180
9511
32139
13298
16335
30654
26871
14851
2366
10488
24866
29316
20600
31413
2990
13103
2674
11379
2051
12997
20176
7973
28048
30644
8414
31086
21976
5360
17743
7523
4697
21137
13482
9065
20797
32008
21499
21386
6011
25576
17790
17687
23570
12393
6673
7405
18158
84
537
2435
29309
10128
14019
176
3619
14483
12887
27125
32120
18239
9584
1701
28524
4259
19101
30350
13365
17930
17828
32700
3120
21494
776
14712
32147
22078
21616
12732
18786
22898
21393
24443
10577
6616
5885
6224
31557
7917
28047
8728
22912
3083
7516
24859
8442
215
17276
17136
17690
7811
15922
23287
1484
1973
32496
4456
13474
2985
17274
28810
25190
9240
30088
25413
25237
28484
4368
28019
16058
25688
22909
10516
8990
4526
9518
18232
27860
30802
9926
167
4056
17656
25665
21479
26067
22126
19531
26436
19893
21940
17725
8298
17026
10336
29301
32418
4507
419
7666
18225
22102
30140
16863
32285
19441
15222
82
10434
25258
20829
6277
11135
26271
8556
18795
18570
28042
10323
21003
29916
30794
863
24584
107
1356
12708
14659
32243
14631
26220
21556
5730
1478
9106
3456
1269
20910
2327
22669
5519
8361
6582
20752
16280
12406
9868
859
13010
18737
25532
13114
20813
20754
20204
18973
9264
15529
28240
30045
17869
17110
10328
240
20194
5534
4683
679
9191
9570
16542
10442
5761
10697
3684
31570
20948
7602
21050
7917
20769
11084
20314
31843
27120
21409
13455
21067
12079
29111
22611
11148
10563
11709
26317
10568
13049
30717
18929
27345
17152
21446
9009
5894
26426
32643
28017
15051
14552
27285
4592
17601
19518
21502
29498
27649
9876
29353
31908
1321
29679
7026
24288
7513
11358
10130
7365
7532
29941
29521
6465
32578
31893
31072
32248
18171
8998
26368
18101
28127
2173
16108
27622
24544
5296
29212
10889
15004
20049
529
24560
15356
21856
10952
10342
14203
17567
28485
22865
946
11719
3662
14048
25539
7377
7772
3425
8436
13784
16575
9870
22851
27602
6750
7182
19703
26933
5423
24560
10879
26027
10825
30293
3585
16442
5210
1649
2392
23496
8827
1112
3579
21916
18491
18329
10801
14183
31160
16356
14654
25481
18265
2752
23148
5792
7569
15548
13036
1649
30232
31887
10916
1104
6207
21083
26480
16222
22
32209
13371
16735
31590
31060
16056
5775
19550
18499
12025
29065
19588
27222
61
17014
23608
21848
2107
22783
1156
20098
31846
17500
12598
27296
12595
23880
10018
20250
15641
15634
578
20119
21056
31428
24365
22364
20273
17382
1463
30177
32321
20451
13097
4656
4910
20987
301
9324
26401
29632
30280
22922
31417
1236
5568
11408
2677
19153
8267
15654
19743
29089
18956
7069
25307
16100
17843
11165
24927
13452
25252
9411
19670
28904
21826
19024
1604
25202
5952
18071
23674
5661
5537
11882
403
11956
8303
22215
20004
18736
27999
20690
3891
14088
13857
31344
31607
28984
14507
31993
5973
8130
20256
27143
25089
19685
30285
4579
5830
17924
15591
32310
6051
24700
5697
29316
32016
2573
1413
27992
17804
12826
22276
19119
12832
12485
31741
12785
23324
25941
18318
17536
7094
17764
763
17274
5425
13511
24720
2822
9078
1059
968
14640
26819
12597
1518
30569
14057
21536
24214
12033
19262
15483
45
28738
24908
3945
17788
11969
20294
23494
15414
16953
14991
7511
11598
30805
14685
29646
16785
29875
10763
10715
16476
10594
612
27488
23300
4927
37
8753
14335
22004
16126
20477
5762
32530
11637
17078
30009
14076
3841
19531
29429
3656
5975
30908
27431
21066
8931
19589
13904
13347
29272
23418
31845
990
9227
23105
5351
2033
17309
4687
12837
4816
20813
17610
12221
30776
3210
1472
29142
6916
15968
11722
12669
10286
9078
30518
8499
25437
19150
16813
26493
6874
6408
11089
11681
24763
7498
30270
22449
6612
20810
10007
19962
10956
7887
15695
11163
18551
18788
29675
19787
2626
11504
28164
30759
7331
17159
13237
5027
20138
28956
20722
17875
13395
24427
1960
23814
2162
14043
23434
21944
12434
31065
10193
24883
13913
18884
27646
15847
978
21221
4252
2443
18741
19075
15999
18455
13298
30183
3157
18582
21201
27419
31008
20982
20987
7696
3097
2200
14630
19785
16294
29300
14655
21153
236
23519
15430
20230
12183
8070
30218
27304
630
9548
5896
4661
28592
32055
11442
18131
12902
27732
22948
7725
17565
9918
14170
7355
24187
595
7179
12420
20693
11741
21938
14096
10535
31675
20244
12188
30185
23026
8757
16279
26722
31338
24068
24907
15786
4097
5742
2659
10899
8753
21628
31144
1186
23867
9987
28113
686
22897
10925
19048
32057
26774
26848
8261
24927
14433
5591
24724
8553
22136
19870
26974
28643
15306
4661
10327
27175
29761
27715
26512
13345
22513
15981
25417
15930
6228
5929
14019
5283
25679
30009
13847
31687
3716
28868
31394
2881
17013
3783
30947
16935
24603
30812
2217
9514
10446
5719
2284
24884
30706
1805
24140
24542
21115
30442
6331
352
12152
11104
31376
25729
14514
28949
25523
3092
16995
8637
23448
23292
11513
9938
7432
7963
21550
1493
9891
3359
22953
14649
22053
7077
12034
19431
6591
15024
3525
1821
0
8275
24584
28999
6553
11978
24028
30464
10373
789
16992
27648
5110
8636
1171
22624
22867
6431
29702
18961
13666
16741
18119
652
16360
8996
30149
3652
1391
17636
9462
9246
25156
6827
14942
11431
14570
19335
6139
13680
30550
6558
15589
5712
18649
202
44
7008
7166
21061
20772
26853
13025
4807
4166
9134
25928
4309
32107
6490
30832
6170
28958
1176
7358
11142
3526
29657
2289
29531
13868
4147
13707
23227
3703
7693
24265
19233
12132
24063
19870
20553
6182
13572
28103
14575
29262
13807
10023
13249
5291
1758
14710
6079
17817
13823
30339
19556
2615
301
11659
7059
12183
25578
27306
27871
28876
17888
13763
29823
21509
20102
25784
23254
13725
12954
14239
17673
5040
18660
7728
7046
32442
2908
16982
18214
32573
4913
17361
16300
13560
2644
32233
2769
13653
21865
27524
22810
29068
15580
19082
10463
49
16146
1325
23729
30368
20432
13479
1256
6387
24524
2238
1820
14306
589
1454
18243
12390
12616
21444
18075
26332
6339
19364
28700
21625
21727
3195
23426
17800
6551
22820
11593
31153
30005
18983
16707
26115
27070
27950
269
12659
18823
885
1184
32100
23633
535
25810
10266
15794
3867
24953
29583
27676
6512
16292
24638
9957
13088
20010
2666
25005
18823
9009
31636
8097
8505
1374
4041
1739
10845
7896
23667
5031
15107
10434
7423
12770
29194
10401
6891
2588
5889
5849
20977
20816
3531
17124
6673
4122
30280
31744
18999
11270
13628
6679
17800
27713
21447
23512
25179
29288
27293
26939
5140
1790
18218
17710
7902
27178
10361
5956
2142
8893
1046
11233
1333
29956
12107
28679
10082
6565
15341
29722
18167
14972
8637
289
31959
10727
7570
4490
24972
23519
9281
29126
5551
5104
25445
27460
6745
7973
23590
21997
14304
13317
20229
25069
1348
20668
8010
15664
30021
25793
4735
6384
12986
8535
4966
25871
27281
12846
20560
3689
29692
14923
7091
4571
2238
7489
12622
30137
26073
13113
22844
12758
11680
6016
28821
5537
2674
6380
19035
31651
4954
9507
15707
23566
22713
14443
6921
25415
32502
7267
32186
27343
17099
16280
4851
8734
12132
17036
21158
9035
30819
7371
19093
12323
18336
3264
32080
14749
26390
5199
5947
3655
32738
14119
15068
21295
5721
10443
31757
21954
18009
32512
19056
28865
14192
1876
12283
23863
10931
19990
16073
8662
18314
20119
28394
3643
12306
23672
18268
29021
21971
28556
14419
20582
29870
9306
5769
6505
24154
32752
11471
31264
16226
11730
22458
29834
9506
24279
261
12825
10473
17776
32091
22609
10630
25778
17841
9979
11091
4624
6120
30035
18983
1826
10873
11236
32068
856
146
9117
24559
5785
9754
2867
18551
5417
12737
11190
6398
6892
18714
16484
29345
7706
2752
15530
28927
29292
3473
5381
24119
30407
22110
11514
25405
12264
13266
9281
31409
7102
15980
24030
7880
5956
28501
31908
28256
32652
15685
27716
6504
15915
17873
27700
10516
2845
2478
12764
22214
15528
4328
25495
28248
2168
14205
8564
31805
8211
29352
16131
22741
18284
22297
32694
3778
30575
31539
32605
2979
17742
25722
478
25614
23252
5492
19569
16349
13103
32675
24708
18699
14444
7495
19294
16136
29154
26883
2583
32737
16691
10437
18874
27026
13375
3748
20438
32760
12676
15169
7048
29927
24951
27583
18826
19848
20921
1450
29431
25232
11552
13245
12570
2545
6083
17035
27036
20982
1015
31562
11086
17685
8340
2717
3539
7143
19570
18167
31827
4941
3824
23365
19986
5113
24720
12090
15973
3670
18348
31325
20240
5040
15544
10166
17859
8397
737
2996
2819
28808
24957
25860
21487
29743
24381
11157
10629
24662
27355
30983
28420
21445
8877
22624
29386
31110
2070
22887
30833
4806
1813
3308
32692
27916
30345
4432
10225
28066
11471
26497
20837
31717
7460
9718
517
347
22478
15164
22125
17898
8200
32294
491
31880
30312
29856
18293
24701
30440
23033
10054
5830
22978
20723
26427
5990
29998
21400
2202
20025
5496
31243
31933
24681
12493
24516
913
18910
25873
32273
14122
3918
9334
10676
31317
19222
18214
10133
11595
15714
12286
8877
20377
1992
3137
6108
17160
457
13971
20911
19247
14773
6768
31315
20568
16838
31335
4109
7083
10795
25546
15426
10432
32130
32520
28430
21805
24403
15013
20437
21830
19323
21070
29563
28370
20928
5749
11956
11595
17985
20079
3630
18292
18681
2286
15685
14815
18731
8319
19374
6075
24049
2784
18265
24154
28325
22753
21701
13766
16314
2824
17009
24360
17681
9731
28816
14135
12973
20397
4066
259
15615
15552
20616
9627
8907
14122
14545
7921
27456
9249
9274
27160
5023
11229
30822
18306
18030
23127
18157
6410
14783
30085
14859
24578
12305
24558
6965
947
31535
4738
10091
26598
16495
19484
10157
30266
27121
2284
1582
7887
18831
79
22001
24268
6241
18966
12048
5126
13207
22881
10991
29905
27529
18240
5323
29130
20182
19624
8832
29424
32243
2176
13004
9147
3363
21522
32701
31708
18679
17973
25001
31297
16724
7216
25944
10621
18486
26592
21342
19793
4005
22669
6956
25808
21324
26239
22382
6963
30037
464
3960
25540
12255
30932
31347
4121
13766
31973
9702
18234
22552
9501
10529
25612
26413
12789
5709
6994
31589
12431
12874
5592
24926
26291
3469
31428
12678
17261
1661
5335
21845
22124
9846
2277
10842
22899
14275
2641
24326
13629
32712
5859
6260
19729
11318
30718
7342
8433
2501
14534
20661
3048
1743
3458
12260
12666
29759
7078
24818
8274
27591
19884
16891
19591
1222
29695
110
31196
15830
1119
19308
14160
7961
12062
27333
263
20716
1826
16346
15067
2685
16543
7881
14636
27030
1354
17434
25858
322
25255
27942
14726
1598
5596
1317
6686
6538
32378
30595
12897
15565
5720
28780
3318
26559
2234
32514
21157
11619
19283
22056
5771
19833
619
7863
22859
29608
14126
8916
27189
14179
25698
27588
18084
5342
7833
27738
32607
5633
7940
9502
23042
14422
2588
1837
18960
22398
18527
9786
27240
21017
20046
31198
12125
16305
7390
9820
29737
24191
32440
4318
15913
22943
15818
32664
21787
14987
14477
19452
4279
11273
11979
8009
23028
32656
12083
5421
29337
8522
26509
7879
28368
29762
14906
26450
25744
14106
17176
5502
3552
8726
21349
17321
5745
17315
11911
4567
6805
8065
23554
23648
17016
19409
3082
8754
22700
31935
755
7341
3676
13291
12077
26160
14212
9156
1140
5064
4421
20580
15547
16993
1291
26615
9455
142
2436
19291
12976
17946
29100
32058
24462
15674
29822
12470
32588
3216
6205
23798
6543
3046
25998
19992
13952
6379
19381
26470
1689
16487
25052
5172
19497
1634
51
4892
2565
30946
32023
5339
24767
24213
31830
16159
20285
4749
23706
21915
953
19851
9928
12051
6440
1573
5465
8800
8304
14340
27835
3071
9902
25607
25390
13008
5372
11942
30707
13305
18540
20183
668
30638
24933
5169
21931
30472
9558
23122
2405
9445
23451
2461
19207
24791
282
29780
18878
22956
21908
16142
13958
12208
24554
19845
24263
4498
17531
2316
15507
2543
782
15247
30547
21368
8767
29716
16001
17051
3219
7511
26968
3999
2722
17173
1663
31066
28420
22416
493
10728
12163
2263
25452
22280
12316
1045
29486
15776
5113
9716
241
15388
11007
24582
32272
22167
23904
30949
27891
32181
15730
15324
9395
12303
5892
30333
15836
8667
1367
10405
12446
21516
26290
4112
768
18701
25666
26583
4276
113
8259
13763
5797
13353
3416
13544
2999
3952
21767
24478
23319
24578
3837
5935
21462
3857
5425
15299
28110
16319
30638
27203
10005
32290
16453
11647
13059
18266
3637
31141
8692
3274
30791
7632
5180
29129
10838
8023
26029
11250
11362
5548
8420
28475
32706
17167
16621
13751
25258
29420
16549
19082
14905
32546
3984
15320
3198
21331
26940
1658
7427
15882
23696
16576
19580
10922
5268
19575
13273
6186
5902
4540
3285
7856
20733
16035
29839
5543
5979
3180
32691
18948
5289
30006
20698
13269
4604
25845
7693
16910
15037
3228
23346
25890
4341
26359
29728
135
12081
13897
8338
24274
4655
11927
2152
16939
16176
6750
3132
23751
26861
12370
3534
5520
8679
29592
11074
28144
30773
5328
28001
25899
798
9338
19148
2312
216
25901
1211
10760
14929
1468
1517
13394
14472
8764
17818
28722
17340
23244
3935
28349
6717
4125
4262
5762
22736
281
23011
30604
1117
3196
18103
25934
13497
8167
27665
25672
722
6291
12284
13726
12745
17552
8612
30939
10065
1033
11746
19923
29102
8942
2307
28600
12113
2299
23556
18422
16914
1490
24612
25850
23947
4602
22243
32648
28530
7319
26869
5402
18146
22996
4685
7536
13985
30122
17503
18966
18873
7998
30058
22966
27976
25862
30170
6078
18611
24625
11999
31462
15952
16547
17938
16139
14964
3231
20462
22853
8870
12999
9982
30234
24997
26209
30355
24828
17376
24395
12476
25827
17471
10759
24063
13727
23723
14794
4828
8483
1329
10688
14430
22726
16551
25573
11371
15980
8476
7976
3386
23007
16204
15696
25585
18756
26589
21823
10251
11310
7469
31142
11992
11091
1120
18462
4241
6894
12622
21866
6868
11311
13521
29218
12458
1606
23366
13514
13760
5871
32081
15224
20608
3959
10439
4335
32170
19830
5384
561
12859
3036
24937
19706
2704
9593
28643
24441
30630
1623
15613
13895
2433
3873
6418
30527
6858
28795
19992
4414
19102
9635
12405
26857
4772
19603
11835
152
25695
12212
30829
3769
20846
28303
28708
2383
30244
21853
11146
5940
14925
19079
13898
25249
15707
18224
24530
27421
690
15195
19972
22455
5646
32196
8024
31481
21277
17582
12216
30753
19663
28906
12160
29807
5054
7712
26702
24516
20945
23659
8191
4519
16669
4836
4558
14040
26546
22164
32255
23454
20535
20019
20300
11946
1846
21307
9049
22195
24903
5171
31476
28603
6928
22446
13410
29142
24059
26344
7440
17068
17565
28167
13823
6660
11806
7773
22902
11633
31907
4896
19678
3695
19622
7521
15504
20914
6762
2075
789
14832
6808
9170
18086
19850
25257
5679
23092
16800
2741
4424
11965
27019
27055
21128
2553
2701
25716
6342
17743
18340
2805
14443
15272
19105
12215
30966
28302
4869
30090
1943
10174
11172
2643
16813
16430
9620
15358
9740
12631
20782
9071
15330
8559
27459
6414
21784
284
21483
8660
29620
28699
24228
26346
3106
28987
25912
295
20036
31271
5569
28829
10542
13283
32029
28698
4228
19423
21458
14200
29484
20079
15656
27241
4369
202
4890
30341
29776
25609
27937
20625
31282
19119
14863
31073
23572
17268
25737
8137
6210
15473
13362
7919
829
3884
25389
5964
2868
3583
8239
18424
23173
19087
12071
21700
9312
1470
12638
19996
14641
16974
4904
9904
29144
10999
3045
8529
18585
14653
29853
7821
24927
32416
11550
7238
10624
11970
31365
12562
7540
2453
28054
15658
8660
21882
16849
17218
20359
7050
25426
10862
7222
16451
31755
26398
22673
24278
15025
12715
7839
16303
1481
12951
7062
22667
21179
29099
15920
27629
18868
7124
29502
12059
9641
23221
17684
5059
12629
9803
12876
17287
12974
23068
19822
10510
6290
20858
6398
5693
25439
27973
8262
25882
21134
23523
11223
1938
11316
29109
31265
9158
6020
235
6981
29185
16873
28869
21096
26358
28635
6094
1871
14510
21491
20029
2754
2132
26250
14855
3335
767
10619
11810
19466
31325
21930
13199
28280
31210
7098
27958
14592
9558
17551
20513
31321
26741
14235
18526
27057
11022
75
30707
5052
2124
14699
20850
6309
757
11028
32629
2143
2245
4999
1977
11873
21241
5956
24246
23591
6179
24419
9580
22222
11830
32575
27330
20976
23883
29353
11205
2964
32146
15015
24458
20342
18159
10073
10341
3088
6057
9965
32570
18258
26677
21230
25238
17058
6836
22136
23469
32008
22698
18177
21721
15582
30064
1977
9504
3690
4067
1313
1778
16011
26161
8436
25030
1032
23798
9581
16239
29565
23814
4750
19345
11603
13010
27674
7040
14354
25009
17542
12336
30248
9003
20683
17967
7442
24457
5533
14034
21121
12163
17739
5237
14658
31659
27578
13757
30037
25380
24135
31918
1441
20162
19587
10702
20582
24441
26213
8938
28436
22635
26222
1067
21015
22918
1760
28628
2977
16370
28408
5010
11265
1056
16378
30827
8954
2030
13698
18131
17878
182
14794
28336
24150
8350
26524
23475
30090
26923
17953
4997
16341
25214
3694
27515
21691
10525
10266
20079
27115
5016
24940
9595
24044
21780
32642
7618
26877
17753
2462
16780
12645
13838
18223
26939
16730
24013
2340
12342
17004
2913
1575
9308
8170
29757
23302
27477
1772
5599
29786
2949
24577
13791
26378
28756
27692
26941
21881
3673
12719
25258
12432
327
5267
29896
8602
5378
23321
7813
24969
1015
16575
17178
12107
19515
18829
29636
1708
12564
22677
980
3149
9165
30523
520
11139
18401
12809
3139
27735
20970
20302
21691
7403
23940
7836
13923
16128
27814
4700
27816
10881
28923
11037
32457
141
14793
30453
25160
20872
29735
4880
24503
25016
12546
26351
644
20003
25662
908
18416
31453
24095
10815
2200
8399
20819
13697
21799
4919
29211
3893
31985
8216
25321
2333
10468
24119
9836
3425
11792
17815
25013
24269
18780
28901
28271
10453
7648
15753
22140
12683
7343
31869
24222
23073
27268
15684
15891
19241
10235
16566
16968
13319
30905
7422
7938
26129
21065
10345
20046
30312
32104
18747
3424
28280
24374
30539
28135
26383
28087
16034
23553
17085
18958
12695
3233
25097
1581
10602
29056
1277
16949
15314
28602
29870
27005
25817
929
27135
20018
16874
15056
12745
24118
27694
8550
27628
20783
10125
1190
7955
19321
21240
26935
9273
14871
24131
1111
31760
6220
14853
5528
20808
8246
25382
9695
28554
11542
21690
28365
25966
5282
24892
12791
3181
26680
12164
24283
21944
31223
4996
23864
10383
10096
23039
28526
30105
23576
29884
29508
11136
17695
16405
30934
1509
31864
9840
11699
9665
12800
19938
12141
14019
2808
18913
19543
1006
8048
14364
15613
21509
5174
28719
4311
3941
15088
11490
21795
15034
7799
10476
26430
30486
7474
28312
21095
29312
5141
3851
19980
24599
25392
16009
25343
17347
28699
29341
26936
9911
6330
3517
24776
2192
20371
17541
29940
16856
8816
16523
19626
16204
28603
16521
27025
21486
24512
10829
9192
3776
14742
3105
29171
23244
4973
32701
3334
80
24135
9139
3966
4429
29968
19261
15537
23168
6988
27350
4237
2242
27995
1096
30737
14360
29245
4703
25910
28086
9776
996
11912
11931
13898
14682
18466
9694
14207
29527
30201
17167
21877
4915
17712
4132
26573
3460
4328
26593
4351
24277
1220
2992
30969
23770
1561
13354
19643
23064
21899
20178
30096
15027
2801
8392
8312
23057
32040
9220
14679
6816
9574
844
18009
17178
16298
2671
11542
15496
25929
31292
24559
12700
16967
7410
21695
29232
7398
24619
2424
8781
3277
26168
32693
395
27195
5925
12434
31058
18161
6314
14170
20678
17461
14967
20610
1488
9040
19407
14225
28548
8691
12181
27665
9006
11359
19799
2687
10185
26190
222
28548
28804
20413
3072
1904
9143
21410
7655
20691
29621
7657
26385
8752
8705
11585
23207
28998
32130
9306
2008
29750
7536
23682
21541
15652
4774
11319
13181
25333
20926
12567
12639
6985
1590
26392
16709
7147
26120
13791
8576
26805
9143
29301
2080
30113
21288
2595
398
27543
27978
11251
12270
25743
5101
21819
6202
7328
7815
17729
26671
16927
6042
14709
26873
8356
24300
26942
32577
15613
4739
14705
26310
980
31741
838
165
6343
21369
13804
16709
30280
10147
24536
8742
19211
4032
27356
24731
26177
12229
21986
3826
27278
2537
31024
29899
21821
22210
5431
128
6037
7260
23723
15171
26351
32035
17444
1156
26946
1895
26865
22801
833
11333
12127
21095
11657
29048
26782
15750
22707
30909
10946
23492
1604
28409
25002
16044
11590
24714
2290
1409
12336
17314
24109
9911
7951
27969
11123
29394
27976
8376
18990
19888
303
28699
4175
12807
22051
17192
11221
20219
15851
4043
20948
2836
15070
10584
2317
14467
6965
1215
30076
32402
25284
1127
26706
21489
22824
7117
14852
7947
29778
6039
18838
766
16410
18375
24325
5376
25335
21617
22045
17656
2810
13209
7727
1097
28903
22244
5972
30668
22257
20949
11575
3807
6051
8576
17856
7119
26651
20056
32467
14610
24023
29156
23538
23975
26506
12069
31199
29189
32115
12204
17801
9081
14858
14870
20756
31671
29334
26410
18915
22516
25337
31137
10351
10595
12521
5508
5167
26045
22976
16176
11719
9655
21963
6324
30554
9124
13170
1671
12260
30089
18954
3518
11698
19472
6917
16424
30834
24646
1502
2669
1427
29134
26788
22120
14156
18399
30206
15930
13848
8166
12663
16112
23419
3569
31771
12025
1807
3225
14958
29826
24211
30533
6513
21140
6970
28707
1891
29674
9804
16924
22217
23717
10751
18341
2604
8256
151
26573
6241
17171
6831
11740
13210
20045
12382
6506
9403
2246
17961
17041
22806
10991
14347
8388
27182
12726
5366
581
10877
32357
24362
28899
9673
17535
19604
23717
22640
4658
1222
23940
5124
14777
8770
1354
3139
5727
1261
16588
20409
16437
23686
11386
28741
21497
32563
5632
6527
3722
1025
26956
4178
8338
12855
5735
21078
20389
9381
11622
10682
19057
22421
11973
7444
9760
17952
31911
20909
20857
14771
16857
14561
5458
2982
25414
13522
12441
10203
7642
9691
7179
27684
7705
31414
19730
24714
14851
2180
3674
31221
17609
2613
18438
5314
6542
29033
27519
31308
10210
20767
27481
15428
8881
15021
12480
9057
4767
9412
14784
1572
21178
29960
10396
15304
29712
8865
18308
5325
21927
4007
8703
12872
25259
17387
28708
24534
21628
897
8660
2816
21382
13076
27047
15414
16644
30074
20798
21071
3635
28919
15986
15862
21340
7852
7303
21855
23076
25724
5713
11758
11190
12573
17831
3802
23753
15873
19278
28112
24550
19087
29037
10598
20279
29901
25643
776
32755
32413
16020
5772
7720
22969
31458
7091
26649
5113
27747
29563
23588
4419
30984
28308
5928
19351
24337
6495
14519
7325
878
9701
20325
12670
17843
4126
31930
18352
10706
18193
30652
18380
906
14898
29147
26287
26190
13295
13041
32453
30974
11256
12945
6892
5684
25572
32477
22424
2559
1866
13709
19700
18509
20476
13283
8320
6789
14331
11299
5193
12702
27285
293
17640
31141
1589
23633
26565
30029
20596
11010
19548
24338
1886
23771
27370
28627
11774
31317
12037
24243
8410
7688
363
4227
26250
21802
16399
515
4554
9558
22149
11133
12649
31728
29008
21628
13962
17604
9826
3632
32191
20506
18735
9308
27957
28601
29817
31756
1942
16736
18019
23783
3068
7523
17189
21962
4316
25950
10864
6998
19531
15950
5665
9455
3828
23604
4850
12974
9141
30247
23672
17158
31042
29232
29683
4836
1512
1560
10670
28730
30653
7658
27809
1122
28688
22402
29163
24138
12774
28907
9302
18573
8030
4165
24403
8191
3769
130
21224
13314
29595
24400
27911
2893
4025
4583
21264
29730
23056
22386
13742
11202
32376
3135
23555
19032
16901
8296
8803
28219
24155
11375
30987
2227
8003
31637
412
2111
15599
12121
23731
15134
12860
5358
6539
15325
6751
25928
25400
10648
43
10222
13591
14829
8400
26918
22440
15453
21342
20465
7360
22599
18739
10586
26893
23011
29540
30134
3574
16647
22849
29428
29345
28636
29579
26095
17949
1425
25106
17042
5830
22757
4311
19936
15008
9835
19998
18036
28693
5310
30339
22929
28578
8703
30587
9222
3609
22469
4018
26989
10709
10726
6672
1685
6709
2510
31600
8223
15458
6033
20309
22719
24536
26864
29382
15411
8811
17456
5129
24459
4516
20657
24685
7174
12283
13253
9343
335
12111
7598
842
2980
946
10428
23065
16141
3531
15745
1991
4090
28413
9583
1555
23716
30990
27916
1822
29241
14286
18771
23443
25036
20718
12361
5004
8797
5284
25444
22706
28064
30070
235
18915
691
27310
4865
20261
18089
980
24136
10688
24204
8923
28261
24996
23080
12171
13503
14492
21994
9673
6294
17211
28038
14421
5778
21755
10511
24178
4498
29464
16259
22328
11324
21598
7700
21626
18741
9933
16161
6540
16319
19742
4887
2742
15963
9805
25892
13740
31511
16237
20633
16326
25960
19564
30717
12603
14025
10158
9053
21757
9480
2798
21442
3182
21439
19933
13242
24292
20388
11543
11973
24567
28516
16058
12906
5897
32003
7871
2286
14501
24574
8645
5935
1952
10837
6957
26051
9234
10767
28773
26245
30999
5789
16744
10047
18212
6090
15716
16634
18512
5191
10002
22808
20469
28412
27785
24486
20088
6018
30142
24949
29952
9745
6324
19881
27338
147
19823
15952
31672
19514
4580
26480
4389
7177
19692
27567
27127
12258
2760
27003
28446
10377
23867
28614
2259
19187
28883
14354
2261
12948
17890
13086
275
780
22795
14055
31964
420
511
30052
16636
9577
17533
21564
10460
3639
15251
25286
3507
23166
32525
29036
21127
11261
6717
4228
20836
4896
20233
9063
28323
18535
6635
480
1615
27972
25317
32163
11534
18372
12888
7386
9707
6353
11023
24563
32519
11621
26828
30031
2378
11762
1991
15617
27701
9432
6208
17210
21051
13707
2399
26751
16385
58
20300
2301
4623
538
29866
23741
22685
19425
3213
24807
21726
23578
13427
6573
12659
4477
19101
12097
28089
20056
32065
3848
17629
27691
27945
17022
3996
11528
30096
30669
8923
10371
5902
29590
4815
27236
28796
6555
6079
24888
3497
22223
20160
6314
3358
1606
7448
28997
10970
28724
9873
156
28164
24022
29688
30445
4416
19530
25171
5408
12349
16076
30606
20356
23206
10618
12330
18593
2198
7364
8765
19163
24865
13874
8060
20713
15772
23272
6285
6511
5457
29776
14895
11986
20655
1888
13219
9359
5443
24603
1122
6167
10116
8591
28469
7163
14596
14307
66
1519
27091
9705
15167
7350
28211
1753
5011
8867
20030
16770
7909
18422
10518
32206
18756
9609
13545
6354
1226
30389
5738
3683
17690
17652
13726
28037
26760
25561
6472
4623
19573
25617
21593
15218
14425
30380
21952
24322
13883
3280
19332
3252
20308
18567
19056
16391
14628
23888
25344
24447
9644
2332
6997
30727
2172
19033
15885
30123
31083
14883
18172
15321
16048
668
12934
2000
21420
26362
20267
9714
14808
4441
17558
13731
21909
15408
23073
15784
23120
17928
16067
11801
25144
1424
3370
3582
26182
23440
23430
17006
13208
690
19119
27484
15280
26070
24952
25170
5243
24993
21425
29318
18631
17739
261
7876
31715
4034
1746
32592
16028
14285
8456
8953
637
23725
4842
11527
7114
14622
6754
21342
25757
30130
9263
15702
5543
21828
29430
28325
28095
8155
22039
23924
6855
10912
5988
32157
3940
18780
19988
12273
11702
23141
24049
2210
28192
12584
26365
5559
27459
564
25408
32613
21810
20999
21441
17929
22633
21765
25329
947
30457
6310
19394
4424
19399
8893
1737
18146
827
23569
23181
24193
13939
1828
11168
22156
801
10103
11839
31902
16526
6113
2305
7961
10827
1493
12489
21031
13198
17704
19020
30256
3269
20237
18092
28288
24130
10040
3033
3487
234
27235
13115
24520
21300
8392
14082
32134
2474
16760
28423
29966
23717
20293
24687
1320
1484
28917
26370
17992
6199
2186
28646
27087
67
25462
20263
12319
28918
14871
11428
8278
1126
24002
20532
4834
17753
7292
6902
14954
27015
7977
9725
515
31214
11955
21494
7274
8114
14617
18589
26868
23087
13574
1088
5948
8339
7315
30478
21612
1375
20733
23370
28657
16932
10523
28993
21645
25610
16653
12829
21130
20387
879
32444
20561
4394
26662
31992
6093
1492
17505
14264
8185
1613
7436
21550
11406
900
15942
5139
7687
1484
12019
8742
21163
17820
18529
21334
22767
29551
31002
2178
12346
19996
4676
11118
18849
25870
14369
32451
10630
27450
29180
9291
15175
1357
28324
18479
29935
9358
14838
11561
19625
8652
17046
22435
7044
17944
7063
18152
20304
12666
28554
31628
20611
19898
24327
3003
20930
20987
12346
31527
26729
15226
28815
30520
23073
14945
26912
6301
28857
10038
26204
5449
15114
18549
20429
5878
11849
16877
1496
7811
18191
30202
22607
2729
25697
26800
9775
20295
26493
18374
29852
20270
30195
23590
32594
15627
25870
15022
24308
10741
7714
14806
4918
21325
4671
16125
28321
6544
5174
26826
11449
32507
16497
17609
19074
366
24860
6826
2492
8378
19228
21762
14457
7026
5307
25010
28319
3108
24069
19220
298
15712
28873
31891
30066
29090
5748
4230
14729
9392
2394
7668
13382
15061
13075
13273
16746
26031
8827
7728
31462
9236
10692
17233
4622
30761
26387
22588
17680
22386
24490
4312
6803
29386
18197
4016
30022
28529
2062
32224
2638
6950
22691
25358
18556
13
21765
31892
24653
21401
16238
27081
8336
24111
11249
29652
9433
5452
25522
21451
8347
11101
23755
8568
15007
28481
31383
14148
32376
25294
17947
14394
742
23636
6612
26944
27442
27671
14169
9251
4875
676
28750
25496
2927
4501
32276
3816
16507
27753
5990
22980
9595
26696
30845
4923
2162
28974
27458
28893
20695
7558
5636
18735
30551
14709
17116
32023
16934
192
29215
16200
8605
24650
25055
28311
28670
17126
10991
3725
29913
11961
31331
24716
25795
22886
4894
28734
19499
662
18577
15997
17949
15092
709
16852
8557
14953
5929
20566
23566
26086
3597
18293
3087
17579
21129
26408
645
9074
24403
32569
18641
3154
31865
3884
22019
15315
7640
10856
24472
31067
21794
18415
8828
18835
30576
6554
574
22100
8611
11642
9959
663
31955
2795
19005
18931
11586
27851
17864
14183
21026
13674
4056
16868
15521
30214
8926
23511
8293
21785
8631
21084
15101
19931
17247
16077
26650
32491
6728
5885
18035
9187
7723
5306
26098
12733
8569
3281
21275
13174
4811
16182
32477
15627
6221
2714
20171
31456
18591
24514
6304
10294
14633
11015
20970
225
5166
18494
7833
10229
2199
20401
4475
20513
29045
16572
31354
29420
1037
29492
23902
5612
2277
29420
29582
18728
4690
12388
29801
22301
4986
10147
11955
18688
31854
1121
2075
30429
7740
11858
30828
4072
16068
28454
26763
24237
4664
2422
1050
5925
122
24362
13369
24674
30901
32196
4164
14736
30842
20350
13215
6835
13317
9083
12661
17388
17327
16391
31106
4299
2483
13050
15496
27893
28765
6530
24166
28152
2430
28963
14754
9635
20293
1287
1335
27488
13983
25173
30051
26221
4786
30292
4065
21014
26453
5873
20985
4999
3099
15585
8802
3715
5102
6447
30361
1965
31882
22581
8470
513
15985
3127
19036
18377
7806
573
21290
27647
2218
2875
1423
26868
11826
21637
2810
25906
3566
1316
204
5535
26407
32523
22889
21275
22316
11666
31720
5345
27593
1457
654
31641
14294
11249
146
7006
4254
792
17580
13652
15259
11617
12780
8359
24711
7816
32416
6055
29195
13732
31021
14738
15954
16391
32356
32741
1411
3395
27491
21699
28173
21739
29727
9304
27039
32752
13075
32128
26973
19189
15896
14899
14331
26898
20870
3368
21984
22373
20780
3357
22983
28418
21152
16676
15897
17560
10985
17505
31730
24594
1226
1933
20348
9511
15033
5887
15336
30848
24374
21817
11014
8661
6652
32733
2361
23840
25564
4373
24496
3957
17570
15419
5064
6996
31568
25193
29156
5920
18452
9748
17153
12025
14196
11958
32399
2733
10153
19036
12680
11912
13024
3211
9842
14405
16631
19212
4740
30682
16526
17954
16529
28944
8502
23720
18436
9884
30852
25591
3259
17763
26668
24421
20508
7340
12397
6871
14107
13646
13610
18105
22749
31991
8128
6694
2280
19650
7144
14221
32461
22191
776
11513
1076
20141
30023
4379
24795
9795
430
22834
3250
643
20917
21321
17955
17403
19002
23630
21842
15573
5446
1970
5704
30554
19744
27659
22957
16864
6656
21317
30505
27544
28989
7834
30171
7884
8489
27887
1323
23709
27270
3312
21704
14874
3975
19405
30624
26183
24496
12672
11197
4353
15800
436
3555
23541
23524
14503
19681
5790
889
12624
3307
8411
16161
10124
27036
15754
19091
29824
17264
23066
31585
418
18421
13785
21878
4604
24501
21286
21591
12258
9470
259
24208
16205
8299
1204
16659
29329
3392
22338
15386
7103
2169
13370
23124
10633
16160
22754
796
22880
32700
15102
26056
9772
32616
14621
9445
25206
26461
22151
17921
23697
489
14266
20614
3664
8178
11470
31209
15166
1870
18104
12085
16749
25646
23076
28789
717
32063
31293
13741
15509
30598
29898
21331
32488
3675
14164
31294
5222
26421
7721
24287
15559
10248
17767
4869
23396
29659
11288
585
2292
13417
11862
22179
5831
18451
1619
31707
412
4986
275
793
17802
16641
25181
10811
32621
9397
31599
30101
11828
23597
1850
19370
15048
5907
24502
7101
18804
31406
16732
10690
5251
6087
31050
1048
2553
7380
12799
9067
9568
6648
1988
19465
13634
8845
12812
1268
8407
3051
20481
8909
17195
6410
984
13436
29841
2697
6162
16609
16370
25794
17390
19265
10574
29348
16293
27346
24307
12522
22057
20405
16866
25732
30763
149
26799
13605
15962
15175
31642
29325
24269
12486
18803
10156
19081
27203
30096
24722
3184
13191
29770
14387
3624
2337
24887
26601
6578
4755
20193
547
1128
25240
18049
3952
16143
21317
15535
13019
18591
1138
26460
256
28155
11104
7402
20371
32339
11618
1279
17904
29035
5299
21539
2546
10134
1868
17615
29155
1372
25979
28097
17677
4924
17722
27943
16290
22977
127
13010
27435
17234
23196
29721
15980
1806
27833
30238
12298
10351
13046
13718
27574
15699
19322
32520
1165
27606
911
31478
24688
958
6788
17403
12730
14461
12145
12286
18195
17948
1844
11064
363
5558
18460
6529
31925
29271
8408
309
19659
26002
16367
11549
28654
9273
2345
26738
30344
29754
2598
16001
18065
28061
4475
17403
6460
3047
1122
2784
13765
29107
30107
1085
12933
16128
31960
26751
15010
20248
26215
10389
27446
28159
12857
12157
9951
11901
8980
30047
27453
11751
9351
16149
7801
19349
2777
2007
24956
15239
28053
14830
20947
30974
8154
19903
15872
23909
7356
11956
19147
32654
26343
29065
24080
24187
6156
16920
4788
20119
30211
8706
4466
11752
23855
846
32208
2027
3142
2992
27426
20030
24714
28475
10030
10343
25550
7162
30036
12095
29280
18448
2481
29418
19438
12820
18660
19710
31910
20914
16427
14024
28573
15068
11796
103
6300
22932
11350
17696
13150
23183
32300
24676
31331
12583
30225
5429
818
15966
21659
24015
23613
26888
7447
6098
570
21136
22416
30421
13915
19652
3691
19980
19270
32153
27357
30053
26056
19427
1246
29581
30582
9725
30043
9822
3687
15297
22910
6349
14847
17544
16370
6884
24698
26776
11522
17698
16519
23852
11388
25550
18156
17939
30414
31149
19876
14950
23340
8363
21584
13579
28833
21306
16045
13969
4321
12081
13247
14562
32191
31637
25624
5955
16975
4888
21540
15031
16056
29215
9505
28448
4342
4885
12856
909
21131
22326
31542
21155
22278
8536
9859
27839
25465
15541
27542
25089
8429
7780
23003
1038
14122
9552
2852
27005
15476
17606
18900
14803
18126
10882
21007
15077
32731
9543
30408
8101
5690
28813
17607
18440
28803
7519
25255
466
26055
21486
32541
23719
8882
5315
24474
24946
32081
21356
10667
63
8214
19427
14322
12596
12460
12432
18653
28432
1829
20159
1624
8772
32258
22157
30135
6038
26145
30310
9482
27464
16176
16175
9462
13531
3094
14263
11071
31693
20779
23093
7398
28441
5103
7760
32265
21857
13454
7622
28224
3553
8514
17930
17586
7812
1610
11024
2245
31790
29878
9878
15829
1670
24353
3783
5557
23215
18141
26848
19523
9879
21472
20290
23223
25077
26693
24784
31043
1747
24368
2361
20849
1147
32154
24527
4029
4840
7465
15182
25767
16044
29067
10400
21972
3625
10936
4300
21511
11428
2420
11265
9956
20737
5472
10191
18549
15362
29546
32561
1701
10887
9225
1107
6193
18946
10724
11971
3515
2678
5571
6029
6371
28883
10078
15412
20118
12501
26377
21533
1533
13689
19915
16581
18158
4924
29423
26939
20836
5220
19716
21175
25845
2738
5934
17100
28133
9154
16307
27889
28586
27087
32074
15483
24038
31910
9865
22583
24130
10162
1033
2688
29062
24768
28685
25113
5512
21732
22499
22643
30469
32195
30221
31580
5692
8790
26438
29461
28865
27600
1620
27289
3990
18446
5370
30772
440
17905
25477
22741
14823
18087
15604
28086
20638
9173
24352
23100
30952
22590
6249
31332
306
128
18009
32613
5741
29722
29601
22714
4246
31931
3197
6412
19663
9309
11581
16354
2954
14258
503
21342
21288
1384
21789
11216
883
15291
22896
1759
3050
31933
7149
22677
9913
12643
25452
23042
373
26812
22665
23537
9479
3130
5206
8311
4024
4393
29349
3389
18873
23052
20918
17555
6233
25980
6586
6196
25592
9934
11032
19720
12503
23220
22032
27670
14162
23719
5065
6480
13105
2267
1178
18910
4938
9371
1340
31584
5329
30333
30611
30004
11934
16002
7032
15959
17237
7017
14078
16182
26735
16875
25671
29249
24262
28635
10710
18810
5813
30454
1944
30493
25576
20224
2995
10962
9119
9306
30765
26358
9054
28150
5762
13567
14046
26600
32654
5198
18148
28448
25329
25232
13810
14490
29743
8766
19039
1020
18852
9352
19830
16343
185
25136
23119
9796
8855
12360
24967
8676
11557
15064
11181
14244
31950
3287
7364
23231
32559
27731
16199
10341
28516
17464
31390
16303
6376
23273
1874
23409
1483
5841
19612
3017
17669
32309
19726
24572
10354
24791
18451
31861
14247
15785
21382
9271
26265
15055
26511
2975
25505
24221
7511
20304
14836
4727
28255
25978
1977
20793
7682
429
30057
19657
23796
14809
15394
9918
10195
28416
21523
3299
5182
21724
7448
8152
14960
1283
16485
18384
20039
20249
10544
24451
19702
13303
2319
16582
21646
24561
27751
31308
4131
20472
13429
18895
2270
4575
12837
15417
1590
27906
23125
750
537
31547
31730
10754
31935
27447
3104
12843
12539
15865
4260
17681
937
19693
27843
31026
20929
21790
4989
31283
15039
520
19128
14107
5830
12685
28181
5310
2282
24832
5203
19987
13096
419
28736
13893
147
7495
5045
16375
22224
1136
30609
22629
29959
22385
9171
20449
10466
26579
31815
14730
18145
12664
10716
9178
28255
27481
2143
10458
28153
15517
15420
9147
15213
20660
3412
28592
14404
6063
19709
23745
2255
30447
12551
24065
14167
20399
8058
960
15814
27514
12749
23423
24874
15108
29311
7292
15336
13957
1866
25372
30557
19394
1711
11053
31078
22165
15675
30276
4251
10826
3352
15032
9343
15524
17208
14588
7966
18064
18301
10044
13810
23735
18949
13840
2993
22907
27715
9222
19968
21329
4828
1808
28306
27673
22632
17377
8925
14009
7061
23201
2799
31080
31652
15937
26797
5692
26537
11738
3277
11523
2550
20236
4043
21687
20171
25833
20115
22053
29953
25046
22226
4316
19293
11890
26226
29253
12736
17485
29341
27119
5982
12595
786
9485
3675
22525
4901
3557
30043
20899
18368
2182
10489
3822
13200
31484
20599
22802
11034
17301
12923
23994
29966
9432
23180
8939
30220
19622
1972
15312
29311
13963
23932
970
22883
32154
15997
10088
22160
10653
32533
23704
17906
7787
26225
7914
543
23606
9224
5444
10024
608
16772
15167
2901
16439
20279
24460
11502
17790
1727
17280
31536
10531
2131
27629
1808
29306
23880
16324
27642
2317
28275
23789
8176
17256
30254
13979
27716
6509
13047
16068
18418
7495
16414
3044
29985
8547
31245
29097
4993
23706
9682
31512
13988
26611
13679
7934
6256
22546
24390
12986
