14194
22275
20999
22734
23738
28295
10020
25997
3284
22490
3435
12835
3254
25420
5188
7697
17897
2295
12019
13597
12409
5512
24350
7731
16997
24013
1384
9680
28934
14762
16809
9700
18148
29565
4518
9791
13585
6054
4190
31697
17305
28169
29560
3575
19290
8209
29727
30599
10554
23958
5025
10933
25111
24970
30306
17951
18859
1828
26929
16806
2032
19695
27940
20835
32190
5588
24946
13237
7223
9285
11831
27510
1032
16766
30052
12452
17160
23127
8923
10305
4827
12675
19958
3962
22312
11961
15893
20789
25390
31632
13083
32578
29049
8710
17870
21276
10307
22080
13003
10031
16899
29608
21872
6138
5748
25850
7900
17400
24075
25994
2623
22893
154
3433
23197
23713
13579
4988
6262
28292
25972
5862
9403
9379
11564
6466
14012
18263
12671
15637
20034
21430
18502
6675
28689
21966
5913
9700
9567
27742
17304
19071
29753
24679
27923
8095
1967
13461
12351
26458
19837
7533
21315
26922
515
12182
16651
19182
17997
6745
1211
997
27682
14968
6344
10603
9265
14432
3501
23280
10389
29475
23212
1839
16025
21930
2309
25941
6028
16217
27725
23001
17002
23243
13036
14367
7264
552
28160
27263
3534
13938
5548
30101
12934
3044
1053
12438
8643
15499
8314
30885
5333
32555
12611
28418
32610
29582
4730
13258
5778
8891
5699
8641
20692
3574
19537
12724
27046
19331
9609
17889
26894
21304
25032
20067
824
5201
22021
4833
29560
22642
29546
31775
22985
7161
4982
3729
22965
24087
22210
28248
2942
20123
9936
7832
8348
27824
31854
29111
23350
4260
26798
26087
945
30399
11918
25484
24449
10452
8273
25440
17298
31722
5857
1169
14477
5646
31455
25189
6362
21188
19288
24528
27775
24663
6611
3882
27183
3735
28249
16837
22091
32098
15319
14599
5193
18823
15049
28817
21553
27108
1447
12214
8463
26734
32229
17959
7209
31873
23854
27630
13097
20054
3965
1409
11716
19645
29350
18192
11500
14643
625
9415
13001
18537
8869
11854
27401
19603
25111
30598
30357
29634
18547
10781
20951
3151
6438
19765
29241
27876
24033
2073
7919
17813
29039
8199
13305
12845
28771
28788
8949
6855
12890
3022
32260
4797
29556
19472
25672
32738
19664
14808
13664
16375
23652
12493
22187
16930
28631
9669
32207
3773
8912
1848
30704
11733
17588
31289
13186
22520
4823
5299
12754
10012
17901
14584
14861
21183
12361
28472
4804
30312
9251
4848
29921
5069
9101
20391
5292
21466
2083
20411
21152
7519
27043
5280
31889
28014
12707
26473
4130
3878
11680
30022
24565
28726
19769
8856
9975
26091
5251
24114
8511
2536
518
26228
20470
15086
11275
10359
11885
762
29141
9478
374
7486
14105
25070
28519
16433
31730
512
18339
27004
19169
10976
2133
11355
23492
12106
23591
9631
10378
6496
30394
6922
28877
28135
6926
18643
16501
8922
12175
1984
17328
32435
10092
8282
4906
7433
12385
20091
32123
26770
5451
5050
11551
12110
7605
20660
29754
4438
16849
32273
7033
21087
32216
14924
28000
137
29561
11773
25300
15180
19613
7370
19619
22519
21604
2361
7312
3309
25985
22938
21392
14220
22163
5231
17486
4712
17852
18492
10308
17503
29848
9889
32194
20282
11024
12496
15285
24944
25941
6168
26989
20690
11693
10914
25982
15081
14468
1627
15350
29717
31226
19862
19786
8945
23441
14215
21311
3155
29459
3843
2760
8124
12042
12597
28104
29416
5275
15755
7968
28379
13307
30285
305
10740
10047
1752
19759
12856
22324
22333
12982
27360
3754
20462
12698
17940
28402
16043
2087
9778
10938
24274
21050
11911
30706
21874
18407
18264
11032
28853
27988
2405
5911
32389
29743
4153
31292
8254
17522
26015
15047
9239
24072
17115
16383
1397
20453
22971
23358
9418
22044
18407
12277
24484
18209
22011
19407
4005
19443
32278
30561
18288
23980
8184
16211
3653
9561
5851
26000
6315
26356
2410
15113
4567
22546
1012
9358
12922
9398
10499
1491
17846
13646
18995
26002
6361
296
5566
10428
21148
30295
2339
12305
19115
8405
25699
7470
6178
24835
4552
32130
15071
28935
10437
2462
5835
32319
26003
24629
30660
24908
6016
20503
24337
29651
29461
16853
1017
7732
692
18588
3687
11387
4214
17536
24588
1947
14500
30012
29610
18043
7345
12348
14018
32715
29362
8217
7868
21964
4565
12404
17095
32194
1725
4285
25070
26776
27655
8687
31170
312
27543
17026
27623
18706
25405
12377
6862
4290
1315
12656
26205
931
16063
3179
5950
12871
17619
6006
4766
31227
7531
4397
21083
24122
15781
32378
12805
3220
12767
10185
9071
18683
26005
4688
10213
23813
16690
16033
23707
20374
18717
23445
10272
20496
15713
1519
11991
27912
29914
14072
4561
22356
18802
31537
31179
30245
15342
22692
4212
1927
15621
26981
23658
11559
21737
26269
26404
19235
7132
18364
13003
16343
4892
26664
31376
6063
3662
1372
1697
586
16164
17868
8593
19923
27488
10760
27513
17387
26145
14381
30848
25152
2029
11739
6988
6127
939
28359
14694
16886
6332
19797
29542
6196
13359
18745
3583
19841
13314
19335
12062
527
16587
24804
23285
1931
10009
24387
2091
14936
24549
575
24033
2801
2180
3510
11593
27392
8851
9977
23450
9765
2389
26084
20485
17996
24976
27806
9902
4082
18531
7499
27097
14331
11635
19547
15462
21128
13857
22567
26764
4234
30537
5325
8524
29806
2143
7279
31426
31448
22715
16668
9645
27938
226
5794
22177
12441
5105
1286
28801
23952
6035
16543
30507
15354
18128
2974
22917
29600
23075
29289
2554
25608
9066
28162
1541
21573
4476
16723
3631
754
20864
8127
16658
8359
16314
7017
25626
7449
24826
29037
11212
5635
12869
21035
20263
20772
21454
23121
29812
18417
5220
21058
12785
12627
13585
18327
6355
8098
24931
17491
29458
19803
16255
25740
5316
1805
6727
18161
4295
12147
27773
25141
905
13658
24025
1946
20540
29032
441
17798
21317
25796
28629
14121
17123
10941
2790
20818
2586
24553
21813
13985
26941
32446
6382
26051
830
12683
704
14872
3362
31647
15577
25332
4463
2985
14170
9699
15665
11745
8900
1235
10188
26206
7588
14029
9166
3979
21431
9347
28622
25999
27014
28325
17669
16565
23598
17696
18354
30429
23592
1596
5579
8019
3232
5233
13317
14430
1330
19820
31895
13708
30730
17609
18168
4957
4434
7449
13296
12443
3297
7773
20463
25257
27934
21452
20838
17712
32252
27907
5664
13408
18949
22191
18100
11121
16562
20388
4223
17833
29630
20776
13790
31963
22919
22235
9514
23142
21943
6762
8490
17616
7905
26514
9407
20257
10041
19340
8557
25587
12088
31010
947
20819
4126
5002
32111
23671
5748
16873
14705
2154
29830
5572
22901
24991
29788
15837
13912
26833
17191
3972
15471
30653
16028
13043
17003
3235
28293
8419
17436
32129
2226
3595
27666
2895
30573
24651
15827
6205
22061
9315
20934
31306
16554
19789
922
15369
32123
31852
18976
3158
21486
28983
24057
13442
5198
15232
20206
14669
6668
4383
8279
17399
20534
31364
30346
1566
28493
1392
8227
19848
2884
9664
3867
25120
9214
19651
28632
23063
23222
15872
8674
32093
18091
6171
30127
3740
9728
8422
13939
31830
13702
22907
14776
4916
26449
15291
3294
12913
17541
12700
17031
21099
1903
19384
29569
19858
20087
4468
32367
662
18591
23832
30258
4230
27184
6948
16103
24796
1557
22292
16850
8213
27813
1310
6420
18356
23254
17595
9602
367
24765
20089
8521
11914
727
15325
6957
4147
10943
1255
25041
8254
21401
5458
8554
31551
13984
19635
20087
29233
9195
13203
12595
30144
13627
25689
19742
4707
13376
28472
27057
13532
19121
5023
12820
29809
15327
10421
18095
7166
2826
2807
10747
5546
1610
30349
17571
19974
31024
27788
13408
32537
14007
25598
25522
22231
1785
22240
27997
2343
10849
26834
28110
16782
20542
8344
15292
10253
19725
553
21632
10069
3940
17892
29058
9643
28612
17781
25363
13061
32116
8902
13384
2200
4802
14466
1678
25919
29183
16257
18457
1949
6158
25523
29348
17365
29666
27526
26956
11291
14490
26068
26827
12974
30376
8282
24479
21838
12589
11463
5207
27906
30203
31903
12970
24707
11172
30386
15492
5998
16724
8023
6187
29315
8137
4851
23888
26676
11987
11998
26556
7338
27934
6307
18224
18399
28997
7369
9279
20286
22182
10359
777
21202
29032
4094
32721
32619
8741
2609
12962
10820
28166
24877
24120
30809
31763
18501
24327
15785
27895
14580
29089
27167
3748
17082
11350
30055
30980
24779
6461
23608
5695
6733
9606
2500
14349
21848
28749
41
6327
23466
8744
17186
19648
13364
8703
29905
14116
26546
1242
27317
29746
17355
1082
32242
29792
20068
32453
19485
17067
10709
21598
4116
6061
30104
24789
30694
19081
17137
840
32012
8991
28745
29563
3552
29181
22458
27191
13280
14824
18635
23274
31000
27014
28851
15795
23523
3643
29615
26602
25354
2151
7202
16805
1532
24731
26892
29527
15859
16454
22564
23571
23930
20335
19313
24857
20690
5292
19669
30923
5175
4707
32760
15569
4141
3664
27847
19460
25080
31702
3085
17634
16533
18546
3503
29040
31651
32569
2016
32547
509
9114
14421
27869
2421
30131
28686
31471
26097
24317
4591
30808
24656
7074
19674
2333
29388
20765
28300
23801
813
16498
18165
31084
26322
18799
2972
11042
21841
9659
24072
22802
12544
7668
20739
29663
27387
5271
3455
10395
13283
32294
7550
25994
10120
1102
3663
30774
23949
11362
30555
22863
25851
25292
31063
29552
13746
25318
13386
7766
5652
12826
18528
30400
20345
13249
21286
18163
22659
10458
18088
4977
14738
14261
4904
13402
10481
14488
20666
10551
13860
32708
4964
7936
25116
10524
26169
1767
15474
24650
24497
3895
11894
17047
2245
18688
31301
22049
8388
1988
26147
13622
24269
22611
10703
30100
22328
9734
3652
3978
13255
20263
14998
25731
20265
19670
21467
11677
1558
6884
8037
15553
2216
12552
4338
26456
32435
17553
14090
18613
3942
21003
29343
7680
31697
16094
20483
11198
15981
31269
28929
4104
13639
12961
29084
31305
5606
22326
13692
6527
27166
4172
6499
12458
15674
26669
31710
25987
27642
18571
30546
28402
17350
25774
438
836
1054
29613
16169
4149
978
3122
28840
19937
23958
8759
16805
6203
4813
24650
30679
6906
31351
18977
17471
18910
18680
11687
31626
12118
5862
8163
15464
25503
10201
14645
3930
3609
6827
19736
17824
26230
16329
17814
6360
14006
1561
9418
14645
15173
31362
5704
1547
3464
30892
16462
10459
29711
14957
13536
11061
32223
6038
18612
13943
22261
4817
7311
24145
1310
23245
1486
5413
10074
20662
27668
22792
21300
32268
23157
17335
3999
28274
16870
15526
11213
30670
11115
6541
11926
32704
29290
17071
30096
21301
31028
26800
17930
5564
16248
12080
29334
19885
32165
44
31658
21847
2946
11860
26458
31359
13758
4121
25898
32230
12164
20707
15282
8331
3966
30101
16803
22820
6878
12042
11475
28963
4543
24446
16572
3872
20875
6179
31996
15044
28750
29355
19414
17949
13257
27999
24693
4892
8579
1978
13985
20641
25863
7422
17192
20511
6383
12900
8652
2398
29732
27849
25101
28304
3019
10238
15347
28639
11174
4738
13362
8265
9115
27148
12295
85
22974
28436
12222
8673
30832
11362
9663
9502
29269
22029
26729
4342
20051
6601
21301
31451
19352
23462
10714
23378
972
2834
414
634
9594
31811
6798
798
12532
2819
11040
9844
7487
21611
32508
3168
31466
24348
13511
12506
2409
32589
28408
31990
17259
32623
14487
12771
31149
900
26632
31322
11224
3035
5741
25770
25716
26998
5974
28230
19211
19780
16139
15683
27074
6522
498
17490
8602
9250
15424
29692
21905
16234
12655
23208
8117
27013
18154
7675
3050
22334
25566
25107
837
18084
273
13862
7850
18211
12024
8116
28165
25355
22393
18283
21162
8646
21036
11811
5319
3128
28854
31792
28707
10693
10511
16539
2439
24095
19860
30231
29861
21877
11759
18154
6125
18491
32560
19264
14624
23345
12924
10139
16001
21790
15206
21168
10996
26084
30394
10767
4568
3383
6564
6372
27232
24896
6540
27726
27184
14024
32095
10852
8327
15161
28683
25980
10339
21008
9909
26613
27876
16077
10171
22042
24818
353
22718
19360
8711
21817
29004
5867
18188
32295
22833
30625
10004
17378
32337
12514
4972
32688
7161
10774
31772
20452
7066
9756
11004
2555
10609
17361
5663
13843
16119
21939
16350
25342
20527
3202
27945
31486
25834
27258
9127
7229
31269
2744
13823
16032
8137
937
29641
15384
29532
17939
28981
6508
5625
27925
32021
27055
22502
32340
19021
20022
7746
16635
4896
5449
11921
6823
2960
28829
24938
19373
21552
10504
14201
11922
5867
30054
29596
10427
7992
5403
27390
30247
19106
16271
21540
10640
6534
4207
30778
16644
22826
1660
4281
28634
9985
20913
13334
23896
8705
1939
3282
26013
7868
31850
25833
11936
28530
4640
17138
21446
18902
18997
12501
15879
27025
8151
9964
28708
12161
3596
5793
27904
14492
13967
26948
16025
501
8883
778
26142
29586
26228
6087
30702
21533
15394
14866
13351
25753
22894
13828
19221
31651
29877
10286
12624
22924
4470
15817
23005
4721
14590
29730
10966
22663
27367
29977
22960
23359
5449
13397
21193
9881
10626
12157
29934
9103
16643
18581
19306
15814
40
29654
1939
14987
29488
21794
11768
5897
13847
28082
2162
4719
20838
235
32645
27049
29279
12379
24118
23294
15540
26115
5721
17471
10297
26837
23038
30755
14895
9207
17069
18125
9969
30667
9485
15806
12533
14862
19403
7655
20429
8882
8703
27973
31609
29578
11351
2255
32083
12816
27371
8333
18003
28445
25586
11578
12972
2772
6981
12856
21571
29076
19460
1743
20907
26365
2572
16314
12790
28820
25016
2507
1588
21238
25638
11446
18478
29198
30256
29636
32565
24244
24432
21738
12609
10653
22952
22730
1650
25257
2988
23851
24323
1373
13954
14356
25047
9333
28966
2148
7778
31527
23015
18183
5208
7648
11998
5193
10771
3297
14077
24961
3199
26551
20277
6510
8533
17820
31439
11580
14647
28746
21707
18117
22651
16679
8696
32418
28412
13665
25105
7323
22355
11884
28779
15221
17986
372
20586
30945
16512
27269
15731
32364
29844
18824
3281
29534
2857
29377
19881
5682
27344
26851
27199
15333
18282
836
14004
29803
30876
16118
16617
4377
17692
15150
19394
24045
20172
24225
21968
16579
5502
14642
18233
7273
28782
6251
4107
3022
6981
25136
19024
25520
14377
6718
15028
12717
19954
24978
8114
13641
9349
11812
5623
22214
29339
29046
17670
16508
9557
5049
27289
1626
31014
6168
12866
14868
6883
9414
18080
9240
27369
22071
26468
20155
5281
9338
14985
330
7090
30689
13701
17631
18121
8120
30810
5146
4746
28269
31294
12912
4449
22710
18828
5067
5706
28595
6162
7570
32274
498
11392
17196
13593
18815
31324
2226
7992
19610
354
28266
21944
1676
13317
5599
25559
32344
27910
29194
22277
881
29557
23711
14756
18302
27171
12500
10557
26750
1060
25083
1895
24106
25757
1216
20525
23758
23756
11568
13163
19458
31706
16373
2939
12051
31682
28783
15611
9047
20919
26815
15325
1546
24585
7220
24544
7470
31568
3000
22163
20570
25917
23354
6016
31202
19123
13865
32272
24383
7052
4953
32259
15408
28994
29919
31229
3985
4604
618
15161
21828
24963
26361
11285
6363
16828
19651
17569
10267
9539
11353
15413
9554
21432
872
20445
14328
26181
22383
19372
27624
5518
31464
14135
10301
734
10964
11280
30926
10158
68
7892
3348
1785
9566
24970
359
17045
11145
8278
32638
24983
1238
16804
18772
30617
22964
15827
23124
5931
14564
11993
28748
21172
32580
10702
14019
3841
18506
9775
26309
30477
17367
1534
7796
11513
31480
1224
9343
10985
9343
20952
15182
17460
8394
22433
20582
32156
16155
30052
9987
9829
10009
6895
14188
24551
6938
11623
18046
17970
29879
15509
25674
30513
31042
14704
11544
31145
4006
30672
6190
8661
21205
6047
15733
10549
15135
7616
2050
16373
20660
2701
12098
3966
14389
4264
16611
19780
17460
19151
23380
19902
10310
29290
19145
3352
26332
3977
7361
18954
12461
30879
9069
6509
4543
11730
381
11085
25188
12763
31833
4270
28297
29119
11048
20704
23209
1988
5815
22378
13458
25458
10349
28347
6542
25983
4026
18884
2716
28091
20074
4647
31936
29130
26013
692
8410
19567
18907
13283
9409
28971
12062
31810
22661
3413
18872
14574
8531
26014
13535
23733
32070
30541
23590
14444
18659
16125
15848
14446
22739
21214
5166
14099
11784
7147
6563
31363
22066
12466
5615
12384
20158
18207
12393
30688
10871
14540
13858
8242
9715
20253
9230
10162
30646
26860
16818
18623
29771
14173
8092
8587
16522
4597
25362
19292
20732
21979
24931
17174
19186
30021
20774
8027
29615
8480
4582
24769
5796
4397
17064
6726
12096
6988
25601
5891
1771
25518
31471
15510
27111
30769
15336
18163
4555
24976
30556
30006
10653
20417
11249
5827
30471
15023
29517
24314
21305
15970
8031
16220
17328
24183
32279
9103
1516
29913
30961
21189
13187
11947
20464
22256
29137
21305
29556
30089
10671
5328
25549
25059
26436
20117
32643
23131
26167
20187
4649
21711
6874
24584
21724
20470
6959
31878
2818
2211
32668
9795
7882
16374
32343
31532
32629
14024
21622
21935
6670
21177
26537
14603
13631
24504
23634
6259
2522
28112
3417
7666
25335
6913
26461
14525
23997
21281
26694
23577
19867
16458
13518
29527
15884
23970
14956
15586
16192
22390
17537
14426
31827
28889
6274
12058
20243
10698
31572
8931
17848
2457
24847
10480
7169
26218
13342
5006
30173
15734
25048
21365
28154
25696
15103
3101
18645
5234
19044
31482
10222
8161
30779
31886
8870
14253
14864
19558
7976
18992
9731
18344
31096
13283
12901
25835
5310
30469
30383
24241
30195
494
10632
16607
32033
20429
29242
15647
11056
362
4265
20682
6409
30550
2189
29986
19339
31778
5369
26258
14848
3884
23175
7704
18458
1166
16924
26915
15912
5168
9352
27394
7900
11063
20348
4812
24803
17773
20081
22826
16872
15171
21886
1496
528
24915
18136
29771
6383
22916
30795
25357
12319
7300
13728
13494
5182
22733
4357
25794
10578
9572
16233
21177
28226
25976
27998
10326
9714
22869
16463
11269
5983
22695
13538
31863
22227
24485
1765
27350
11667
31393
11957
22938
29168
9160
6883
1075
16869
22689
7644
16290
19890
25021
8542
11701
17101
22153
22729
16843
22213
31439
4546
23057
7142
6196
14433
6987
17633
9037
20061
30554
19411
25045
10886
14438
28982
31331
26389
1695
11095
4120
13976
28535
24501
31174
24054
25509
10511
6428
29849
30662
27781
27037
6085
2220
2153
8830
147
27338
21386
21694
184
20145
18247
4961
14135
8864
32065
30862
4756
2591
25648
30438
30491
29018
9856
18090
4501
3285
3298
841
17491
16773
23397
28188
29713
29464
410
10620
30822
28689
27212
9414
18134
21626
29901
31
9871
26385
6367
2283
23568
10412
5011
9253
11395
22425
15620
19955
7485
9066
23319
13280
22943
27736
29378
28449
13176
645
28167
19749
27593
4360
6434
27250
21877
6174
23159
3482
32287
3976
18031
28768
28692
18274
8401
13530
24212
13393
17873
4863
14796
22084
17908
3385
4223
16961
29139
11868
23958
23838
24749
771
17185
9618
17760
21285
31819
31917
6411
26479
23502
2971
21600
825
14526
4574
20121
486
19447
10567
10017
29639
23553
543
20069
26199
5844
6585
8554
32370
724
17671
6336
8792
27948
4728
26371
23519
31872
21242
16125
22148
31324
12843
3759
3088
32451
19039
11214
26544
10210
1900
371
17482
31791
30096
32621
32504
3660
6257
21952
20109
22503
23183
23686
13513
3246
27185
7746
21759
13890
31786
14588
1521
16859
13721
3078
32405
708
4442
15092
14889
6156
9385
25829
24120
23749
2503
2526
29264
15833
4331
27521
22816
26334
5916
9929
18831
23469
22128
27858
15549
18105
3258
3971
28399
18452
18605
14622
22951
7568
7465
5409
26049
12613
7655
9781
32579
417
28135
2686
18933
803
9496
24122
26940
25531
22751
20562
1588
24717
19253
18546
2523
17926
1066
18849
23989
10522
7981
12347
26067
22891
10098
766
22670
8491
8052
13141
21912
19163
23730
22785
15002
945
7745
10793
8865
25022
25291
31500
7890
3516
29977
3400
6677
30599
18246
12476
22304
10450
7258
12314
29088
832
12100
18451
14046
11870
17257
31396
21040
20747
866
7434
7410
26082
31414
30246
2262
776
24919
10728
9895
4928
6509
28047
11123
10614
5808
16289
21769
6303
16959
5202
24318
20777
12346
1562
27911
13057
558
21291
30875
8543
12498
29223
3814
13295
30619
2570
3461
15187
24475
13692
20192
15294
10256
16306
23994
31735
3299
32650
30604
30546
27198
25728
1289
5586
14303
13874
24120
10188
17123
1222
30449
3463
23487
22403
12656
3766
24179
28139
32106
30305
16272
13042
29573
2876
1336
4635
14135
24454
4751
14930
28074
10242
4861
8049
24919
6227
31558
13895
29322
25890
25809
2950
8058
27867
2440
30304
6613
13105
600
11868
5276
5610
7894
19391
10373
2274
18246
30846
9905
17939
17870
28838
18257
16087
10716
21108
19359
2023
32667
21980
25312
26633
27251
20581
23207
32763
25524
15384
11163
19639
13069
32572
2281
7014
30949
6085
9254
152
16800
6406
7720
25522
4148
1948
2595
1189
15984
15803
28352
8833
19773
18836
23544
24748
19464
8780
26227
14390
25350
5990
22461
24126
12123
9306
30520
23834
1508
1341
15661
26456
18062
7057
27396
5534
8236
12488
26000
29256
29995
8976
20289
28178
5323
5786
14577
8653
29969
10434
20192
26734
6802
24464
21749
12143
25019
2027
21092
14898
18870
10020
20652
25368
19651
14162
5634
32296
13293
18251
24994
11635
25220
9887
1396
9457
4023
30777
21042
4897
23454
12382
25136
19010
9567
10545
722
22971
8605
32456
23492
30150
5483
25987
12580
14028
8789
32574
5000
13239
875
4597
18733
27642
21633
23986
23175
15323
3001
14932
14344
9611
1254
9880
15363
29944
26935
11855
17901
1044
23449
14544
24968
21336
13344
11328
19558
17292
27863
30537
29607
8164
26745
25587
7817
8934
10247
12101
5688
10104
12775
23634
32148
27038
7295
8904
28793
16923
17409
4862
12629
17946
24577
23975
28954
6399
1821
10915
27603
10076
14904
9549
28375
3009
971
29123
24423
8568
30945
4353
5639
380
31017
6313
27708
29792
4047
5929
32678
18951
20415
22346
11243
31589
26095
24259
29893
15992
69
31955
1768
11965
23939
13005
5602
7024
15639
29680
25097
26575
20275
25030
16517
19742
986
30437
23649
12675
13425
11197
24573
19721
16683
9181
24981
21698
31427
31818
25970
5109
1606
19976
5539
20052
11673
23712
12030
21831
21080
6606
26442
14659
19367
25371
11763
9585
18888
11578
3329
20667
11241
27120
32061
2113
9691
18002
4399
14528
20993
15484
21624
28038
3174
222
8397
10481
7012
5632
5250
26494
4233
17217
19853
298
7196
16813
5295
12925
27118
21092
8498
6192
21961
27943
9341
18856
24275
11238
21918
25526
19939
19404
20625
6689
15666
29423
4714
5519
245
22152
26144
7073
28771
4750
13529
23100
12307
18316
12091
5620
19285
28345
1873
4009
21628
27168
27042
8195
25944
8673
5729
4365
15920
9521
15120
13175
29268
6981
14960
28599
29565
16245
30902
10136
24500
1062
18985
1410
27152
3344
16651
16304
19957
1211
31204
30867
32186
27208
3212
6359
8427
16879
9889
27148
15063
31675
3653
258
22251
13417
23103
2180
31548
10258
13658
22749
18655
10154
27002
930
23400
31938
3103
2259
10
27624
13650
3295
27277
9864
26986
20469
20774
2418
3320
16968
24100
21572
7840
18188
27632
19343
17623
25160
2009
11324
27706
30473
3654
29696
24836
18124
8602
25258
32650
18048
23394
26721
25183
5906
8550
23762
3578
27967
32754
18704
7521
29186
28775
27626
30711
7000
8489
7630
9058
4348
13214
29852
19056
19900
31074
25138
31218
18218
14184
23189
5545
19383
6600
3541
15804
29098
24469
22494
6258
14531
22397
28073
8555
13086
11694
14929
18441
4937
23910
31610
16562
22690
1654
16960
23759
8325
6391
13332
13826
12109
20705
14555
8111
4148
31271
25800
20410
20625
4211
26685
24161
23313
25364
31599
4668
23357
28732
31000
14320
12262
22683
915
31387
4918
6233
2744
559
22534
26967
21330
7904
5880
31211
15821
31280
30984
19914
25389
8838
27496
24360
7175
10412
9877
1675
3549
10841
2766
12640
14922
17287
16584
19051
12152
17450
19276
21971
11470
16147
19871
5236
24374
3274
26864
2860
23135
21231
25517
1881
5547
30699
20133
18353
16989
8086
11162
26814
5723
6324
32293
9364
21454
14640
4855
13661
28272
16312
15060
17569
6422
27964
19672
27156
3393
20002
1255
861
29985
27886
6350
32756
24063
11627
4521
16148
29347
26716
577
16357
5612
14692
838
27230
15027
30091
6721
20772
14779
13814
4487
24116
9936
2275
8300
27048
20151
18333
12591
23879
6118
10459
21309
7447
26076
22797
15045
27938
19593
5442
736
7059
26994
3490
14502
30574
32458
20230
20386
29530
1251
17493
17412
9453
29297
31525
26695
18525
24928
24902
28389
8650
1152
8494
11647
28807
10146
7310
6053
17054
29302
20267
10407
14154
13443
20445
11867
28870
26338
14729
7811
17155
952
2707
8133
16028
18124
25959
31596
10368
6795
30792
11193
22651
15431
3976
10663
25482
26990
32635
15992
23525
27332
8994
931
16922
14355
25150
28455
13771
26972
28350
28589
6757
29670
15005
13632
12671
16251
17592
23465
17708
14418
14571
5874
7228
7441
28000
10468
13288
24526
2895
24964
6236
17274
6079
17895
31551
7771
17445
25882
10018
30837
3001
23515
15886
11094
30764
25987
16704
25077
28565
6616
1553
10526
27425
26969
28289
3999
106
20343
775
13111
3446
25301
4202
12839
7345
7375
10871
11994
29956
6471
378
16987
21309
22014
12861
28424
16348
12644
22123
16412
28307
28034
29341
19138
845
3313
19450
4292
27113
10122
3727
19732
14863
22883
18319
31324
413
3654
30016
20352
29181
15641
27417
14224
9802
302
7557
1977
7847
9600
20908
19805
10395
4589
1493
25037
25743
15945
31184
26998
7771
19720
14800
5770
4858
25144
23065
14235
7780
11470
6635
11297
31248
18704
27384
30379
30023
26918
15270
22488
15689
1227
13111
30437
23224
20723
4929
28664
16882
24998
31338
8148
10374
17208
8129
17317
19167
22095
32454
10723
15722
22421
30635
8202
11216
23190
852
17604
10771
14288
22235
10600
12121
15745
22524
26420
8188
2182
2753
20732
11563
26785
3740
6468
15716
18992
15860
16152
30226
10654
15520
16792
25397
362
117
17134
18980
27989
497
10430
6080
16491
698
31150
4629
1324
7671
32331
30054
5652
30753
8955
19896
20753
20781
3646
16866
6433
16024
31545
31407
26039
23640
21430
22711
30212
21578
9534
24139
18990
10741
12916
7238
6132
13783
7768
20365
11395
10491
18750
20116
10428
11812
24886
1615
8335
16890
7818
11186
27687
15976
14127
8824
14994
13797
9904
6916
16158
6085
3178
7172
21686
31790
24280
2153
8215
9245
20350
29613
14602
7821
9699
22844
14177
16677
4023
14538
11392
24024
7543
2311
31420
14456
19548
27527
2160
31295
21946
28627
13555
30654
17379
13719
28765
3671
24283
19101
22422
9380
20258
9336
21403
26203
8995
12489
9399
18813
24600
13057
2619
27304
29175
22808
6847
9333
27826
14509
31365
5815
970
24425
30501
30047
15243
25051
21915
24696
27097
19057
15052
18297
25935
1297
2687
19824
14575
20853
17668
5909
10961
5874
31428
28617
353
18127
5519
12676
29107
5054
22458
19248
15075
4257
9341
21035
21037
9763
31090
15118
8300
3694
27087
15126
16402
30401
4739
17238
15718
27193
17985
28849
11416
21151
31667
23001
14599
25525
9399
17059
29283
23171
22565
16428
12651
32569
26428
259
1542
2778
7344
19280
32595
4106
8121
14607
22762
9696
29023
13839
25588
13328
19495
9079
29704
30221
17721
4304
24235
28931
32069
16071
694
8743
22717
18499
6026
4068
3416
1449
23606
27560
6809
15190
31378
16522
11842
2550
11977
616
12043
17382
28207
24954
17794
29824
15109
28239
25269
7392
14171
17728
29066
28167
28505
20698
21627
25411
6654
17428
12873
6160
25231
9231
10531
20535
8982
19171
1137
15968
22319
24353
1590
10768
6301
27343
7524
27400
32333
5939
19562
14448
14293
16543
8412
23444
11325
26501
12508
4923
23767
20491
25572
21711
3015
11053
19830
27367
20815
16768
27673
5598
32394
26724
12409
17793
4434
4549
13201
9775
25442
871
27124
23708
14416
16676
28521
15911
31219
24776
3394
15350
8613
20737
14167
15286
30151
10612
4873
30148
21771
8571
21309
27965
989
6386
16807
28699
14242
25100
11366
22772
8221
9538
20662
6613
19401
22219
22427
15475
15551
25936
26880
32325
11164
4985
29036
6644
14713
18171
20411
1005
13423
26275
28168
15448
17312
19096
10152
7321
30238
12380
1894
2023
17826
22317
10084
28626
18160
18229
27715
12364
2765
26770
1654
30715
2847
10957
2260
13658
8940
3064
20361
11651
13609
13579
19877
22823
7210
14181
28489
21389
28717
6425
26509
24381
3822
9062
17130
8311
3668
18920
5163
32592
4242
8131
874
6015
13481
9118
15954
20053
5344
17514
12966
29811
19661
28420
7517
28707
25529
26745
10336
17686
30791
25142
15889
27239
16971
24968
1996
29738
4198
17257
19494
26366
23389
9424
22067
20795
29595
32092
28044
26394
31990
648
25060
21355
7645
25938
2339
9665
27534
30651
18246
5801
13180
4962
20371
25026
10750
3615
16699
8408
13517
25218
3979
24379
20957
18401
19571
14597
11355
21206
2805
16981
8660
23385
16460
15979
8494
31487
15340
9215
14106
22224
15766
16965
17006
28827
4167
8317
27947
18377
4699
15718
8537
7727
12278
14818
15215
4713
13567
17438
1992
5655
27150
30599
30485
18999
15139
9883
21942
3809
5328
26377
6137
10046
30873
29089
14825
6749
18219
7344
28127
23389
27742
6690
29965
18780
22581
12251
21047
17397
21682
11180
710
14961
32367
19902
13616
6282
23838
18941
9532
15401
2962
391
9635
6507
21992
7034
14209
11926
28829
9124
3109
27168
30394
9284
17393
12845
18977
12900
9327
28615
19649
25297
28786
15753
13087
17328
32691
23974
23870
1075
32253
5892
8532
23822
24792
11140
8479
11629
12486
25565
10992
3681
1643
24497
8682
27570
6053
21716
2853
19871
31171
17140
6650
24537
8903
7180
20576
23091
10807
31502
62
9310
17318
17166
13226
3860
32378
2831
21292
22173
6533
21155
29736
31116
2309
23617
28246
30107
22334
19716
640
18580
17
17551
1814
2736
16875
22178
21232
15753
205
32695
16129
26538
10331
16758
8050
21456
19235
11731
17381
1198
2550
20242
13817
17324
5212
2381
7177
19430
22975
8435
24830
12157
595
1168
1287
28705
251
16386
5686
24177
24293
31753
20632
4243
11028
25318
2258
25692
18508
28786
10769
30869
13122
8174
86
29137
5351
6845
24012
31128
16840
30742
21601
9120
7263
7953
5942
2491
13327
17814
18402
5063
25710
1358
22992
3100
26688
10618
26058
26007
8369
24261
31884
30930
23817
22792
3765
27278
15365
8896
22220
24263
22556
24192
31956
1595
1588
23304
6923
15932
25784
13304
26375
26053
11243
17940
23711
5305
5887
18696
20456
7260
251
23902
1651
29155
31011
3568
22293
16242
4934
29581
30884
22933
22360
29566
4632
11129
29012
6264
19822
8066
25265
3748
25671
23586
7096
23438
12550
14110
15495
274
30288
3765
28076
8045
19151
12333
15567
3569
7405
25234
1645
16229
1877
15637
28717
8420
5258
4310
23538
24779
13223
12056
18481
17819
30970
24730
4814
2601
11923
3724
6986
7948
28348
32064
3360
22761
13117
10337
11415
14423
31292
1283
15147
8843
19277
18436
21849
1209
1367
30689
12565
6412
17548
28573
1728
13140
24105
20708
12119
18519
21772
5435
20986
15810
20897
3061
32172
20872
27794
14800
32378
4230
5014
12313
5710
32136
27857
20318
29153
28207
28345
12846
21382
3308
29974
3722
5593
11445
25005
27538
5933
15117
28004
26064
6984
25577
483
31784
13242
23847
21734
26879
17252
17758
10494
29431
19663
19947
11697
31537
12491
29994
15506
7234
31391
25896
990
10690
13010
17199
22282
19264
25256
17463
15470
9910
25480
32276
21896
5315
20201
31460
27949
19201
2454
18504
30614
13695
11044
6861
10784
772
26075
31759
6082
18755
7743
784
6099
13265
7977
23962
32068
20124
30064
25534
10366
19311
25384
8941
8792
16510
17849
26037
20225
8103
6635
8544
12282
22835
30677
5426
23193
29406
940
28910
1188
4286
20899
22918
12043
12516
24127
5419
23719
5628
11012
31334
15794
7540
13672
25907
15511
31151
17207
15411
21287
23652
24121
1564
30461
9389
20540
7663
10250
11964
12984
31512
5681
23551
25757
18244
32717
1466
27345
31766
8031
22959
25592
17876
4881
8367
20031
8125
2891
25714
860
27715
1266
8076
13121
29642
4522
8100
26901
3895
5143
11620
2
7126
31438
2038
21344
24
26534
10216
14797
32130
27604
14646
22189
4627
5044
14409
9557
23925
31848
31955
8748
3510
956
15989
4142
21274
21319
18607
24701
18304
9243
8974
27635
26596
32370
10379
11061
9913
27161
30342
30775
20670
8656
24196
28746
21170
24028
31113
19818
585
8495
2409
7876
29258
31252
10980
18872
1983
13073
22813
26675
1696
30900
6708
6894
20990
1901
2955
20285
13614
17582
15399
11158
21085
27975
23238
8579
323
32308
7398
7626
5016
7494
11047
2690
28384
23713
870
19033
32343
27233
13095
436
2541
28531
15087
24991
10251
24947
13572
17246
14701
14900
25798
26011
25617
15463
26708
11615
2492
16926
23807
11913
5796
28306
19276
2368
1843
14896
15200
3867
17620
21314
21792
16065
253
3917
27435
7165
29982
17418
5686
16294
19535
18510
840
339
15673
27656
14003
26441
32340
26285
2217
16890
15159
5463
9046
26942
8016
31040
2841
18450
5504
17387
27967
17938
18951
16694
20557
29395
31368
13160
12051
7313
30425
4734
18704
18230
463
15943
15651
1531
28660
17273
17922
20993
14161
24020
6146
19926
1665
7980
32393
23104
23949
10111
27283
32576
26480
3101
12145
11167
18696
307
14191
6735
132
11665
3099
8420
27171
171
20040
5719
3814
32579
18166
2736
5297
22866
15126
4800
6088
4658
7263
27159
25084
26168
29011
2693
12849
17438
314
10959
24750
9381
4859
32044
4082
3919
11867
22109
18516
19702
24953
4469
15786
29374
19882
18159
9105
15765
19484
1800
31728
24907
9779
12405
9715
18367
15361
13038
15978
2745
18629
27431
1642
28510
12649
28084
6257
28742
31553
9558
18577
14998
1971
28772
18978
27047
20874
3588
16927
25588
14114
5296
5744
24142
29851
32480
23874
4025
4782
32211
15130
23785
2212
6296
28940
21305
233
646
30524
19383
15100
21038
19190
1612
10815
11127
20510
14390
18030
23812
21222
23671
31918
20917
19836
25429
11846
22860
1466
4878
9581
29325
29438
27865
22419
949
8929
22213
25863
14307
4205
4392
11351
9309
15358
28714
21004
2161
24009
29888
22888
12894
23332
11295
15808
14310
15944
4505
17480
14660
7894
19608
28240
25971
18358
17476
24505
9117
8366
21406
20449
22631
10872
14378
10265
591
26841
16619
27456
30326
27343
17316
29343
23506
2053
22507
31317
8845
21201
20735
3134
6938
8877
1086
22646
2684
27149
26100
1334
12234
25961
21092
18406
16605
4863
15877
27758
3962
14488
15477
5307
26389
11132
28509
5832
18802
13946
5937
27127
28369
30213
22861
5222
32515
766
23607
985
19644
22200
8238
27448
28712
21540
29457
211
18085
1077
2421
13918
12691
14172
25475
28955
4768
22533
6458
26271
7482
21280
1197
9777
23603
15850
2580
6896
6462
24105
20930
18821
22298
10615
14739
14345
9705
27191
12200
16214
27046
14620
14937
12791
30702
3745
29615
10280
32473
7174
19071
2361
22264
23070
14899
2436
120
28033
18085
21202
10711
6997
7218
12907
28771
17015
1184
7597
12082
10871
6103
822
12495
20566
6959
1246
6665
17713
30002
30983
10379
16385
8246
6615
18122
24101
27535
1785
2499
28500
2557
28922
10564
28244
3483
3326
31456
28060
15884
8142
19666
16121
4294
21565
32333
14329
17654
31317
12668
7361
19508
31910
27899
3989
7290
6169
18600
17845
31551
19713
2626
2101
2760
26976
27756
9478
10844
16911
7061
23484
17251
30302
16647
2714
26472
5371
25576
11223
2174
13901
20436
31188
30914
12831
29557
9154
31055
27224
749
1677
11509
31141
844
16336
16699
26603
26032
13517
30901
20515
30453
27650
26935
2930
18328
19438
22409
3495
21926
29609
31484
29099
17487
25842
21825
7578
16519
23096
29903
29281
18975
6038
13800
21960
2493
14571
14892
4265
20792
32376
32074
21600
21201
16814
3867
19575
27657
4086
23527
1597
27240
25033
10881
27957
21659
28365
26304
19708
29086
20532
25747
25544
32722
30773
20372
14592
320
21684
18797
20443
12021
1116
7920
15370
23054
12487
1786
5890
12311
16519
15246
4157
8417
15362
14741
21208
27349
8762
27620
10433
4436
22754
26223
26986
17830
13720
2507
18573
494
29802
27418
31966
6704
23680
10562
6495
12371
18853
3963
25937
29030
21206
26951
24609
25088
12783
23008
24914
31337
5817
7547
9034
27422
21734
8347
10640
6604
12013
17724
26393
5555
32196
30701
12607
20507
19379
23585
10326
18606
23773
27916
26512
12188
273
11182
153
7020
27177
1631
24388
5045
13069
27908
14692
212
25124
7136
21290
6703
19601
15884
9095
11864
4557
30625
17378
732
4152
20493
881
21831
13069
7251
29092
24507
17007
4912
5261
30248
12596
18113
6722
12328
8200
28731
1776
22136
16963
27821
24869
22933
10211
32145
5991
13367
2683
17657
202
13905
6549
31254
26378
17892
26982
31679
31688
9577
1326
24274
8260
10056
6129
6124
22561
2537
31969
19658
8831
23424
8495
18468
7130
14850
8661
28646
16938
7293
1179
1273
4377
12483
11115
11935
20497
20983
20184
6841
25995
10269
15234
20919
24829
12792
30770
13283
2687
1638
1226
8523
3399
28867
30345
21104
20789
9997
16452
28724
8403
31540
25119
6527
6624
26871
1622
16542
13584
29807
26844
14562
8845
20468
6477
12102
9026
21150
24483
4813
14444
28810
18602
1345
5389
25940
3552
26843
27910
11449
22645
20405
23613
24758
24903
901
18071
10310
4161
18077
8684
16209
29135
12663
19755
28910
22060
21728
8922
11740
26579
17632
29777
7702
15211
4093
23863
19784
586
18583
25743
25538
5549
10557
8417
26730
29994
18825
6157
6539
28892
31686
14991
20748
31004
19076
30508
15964
3370
26120
14460
24321
20666
28047
5807
19822
22069
12302
28834
16756
30249
5309
17872
14624
28140
26481
14080
16498
32562
16564
15567
25420
27642
24844
13013
16218
7248
11682
2175
27262
9833
25077
2974
31988
10804
15224
15563
11247
22944
24103
10298
6316
21373
30656
18776
28114
15228
15758
23516
17497
10834
1829
27155
9251
18086
21922
12561
21361
4987
29424
10545
28163
7254
31379
32340
4825
17996
12576
19036
3796
3894
16251
1093
5262
13942
1435
4495
2184
6091
25621
32759
31671
20416
4762
10776
30785
31706
31790
25773
23919
28290
8709
22805
6260
27415
18582
14093
25864
191
6184
31937
4774
4312
15431
17217
17764
938
27335
18231
7794
15712
13796
28816
5576
6113
6075
85
4299
19049
29441
20149
16636
29526
558
32544
4565
28698
32513
21172
20650
23112
19518
10325
27982
23482
7604
16945
18193
32158
10854
4906
14235
9985
18166
12631
16401
25159
10741
10161
7380
30386
12419
31765
7268
4984
8206
5150
30109
13461
19072
23491
31677
21770
28930
23392
28033
29595
15763
26806
21204
15622
244
2161
3534
26035
10859
3827
16287
25298
13562
23410
3532
31253
23157
8079
2368
12795
724
21682
30525
12953
7526
1302
9441
31196
10720
30964
30938
14702
17949
28726
1670
23868
14326
31725
1770
4742
12021
32352
15702
14244
21765
15504
720
7526
24289
17403
23033
17228
25478
10722
20489
12062
615
30676
22523
9389
2304
17391
4754
24403
25993
29584
16132
1743
6854
31001
28133
15474
3438
2542
29637
24138
1149
15236
6125
23982
32413
11272
29198
15444
5084
14556
25557
26075
5481
26105
23298
7221
8494
19452
5507
27203
1143
28506
10963
27363
6206
5532
10399
20176
9795
29949
13823
14142
31698
7639
19649
13262
8029
10499
20840
16036
18355
27048
12505
9106
20978
2591
13120
7400
20046
3288
5382
14449
11172
21536
20281
22944
17883
13976
12776
11938
30833
13234
16188
15641
1232
26457
18211
12673
19891
17515
15671
27485
3539
30627
27376
10782
12540
13053
5267
29581
16426
23249
5142
17059
8168
29326
24930
20943
3643
451
21816
1877
7598
17908
5397
7377
24998
15586
9869
8523
27356
27243
25114
3621
2451
19184
27714
23157
6294
3574
32162
12336
11805
18680
24394
1010
14119
22029
6599
31733
10406
13860
21317
24931
21317
17472
32590
3707
10189
797
16030
10994
7844
29726
4247
9634
5662
26906
14523
17951
19504
28988
10671
29121
20539
27859
29791
10114
21115
11976
2654
26360
22960
22795
25575
24041
12284
20875
20431
30157
8428
22951
5792
13795
6013
22247
17539
28542
23482
304
6566
13207
622
27980
30516
24778
25064
28636
31019
29502
18239
32398
25189
5680
23061
18639
12300
2093
20140
28634
30477
9108
15506
18482
17109
23616
18028
23282
15863
27766
12544
27984
6697
110
30998
13238
27672
7660
9090
3909
2138
25189
12348
22712
32580
493
11785
5901
6466
27393
29875
17781
5512
16645
27706
7320
15417
17638
31076
23048
17580
17124
30660
4994
5727
22788
30556
27106
26501
16103
1498
28691
20110
26680
9411
12659
5784
14004
1678
7612
23852
23460
3359
4876
13151
11592
10734
9872
1601
14823
17255
24116
19573
19068
15090
17931
10146
29522
10873
31432
26526
24532
6161
3127
26834
1352
8083
5017
13894
11460
2981
18959
18142
1108
15614
22792
1262
26275
28831
26037
6546
30808
3837
25278
30919
28169
6020
3865
4662
23961
3436
18094
5178
17125
1371
11751
13185
29816
27053
10848
15436
27006
8012
1291
16536
17351
20735
12087
18378
7000
9033
10264
23080
8791
3797
20952
18925
15166
11714
10759
1859
24551
21641
29018
6987
657
21229
32725
15401
14109
23149
13703
15703
4913
14711
31160
30965
23212
24847
25392
12707
102
29129
23502
17413
20912
15856
12612
7677
10376
29977
7012
12354
25139
16602
24913
18597
22062
11146
7315
26758
32144
4357
2961
16006
15276
28559
26083
13430
606
29768
870
8860
28718
15475
3316
20685
12627
22751
16736
25354
23950
26332
26201
20327
27145
8803
13299
16819
6278
30005
392
7210
6110
23097
9496
9036
6243
18555
25786
14965
10131
17678
8378
11829
10871
25039
11600
14857
12853
4263
7414
16158
6445
17996
26125
27374
30717
23322
13716
26354
10233
31038
12525
15929
19063
14669
5493
22669
17995
11391
27151
12910
2815
9466
25222
19111
13037
12074
17237
8226
5392
8000
4327
9851
4454
15007
11579
22467
2024
29023
20739
312
1775
23449
22673
24785
26377
24374
121
18837
18602
27382
25291
1641
18869
2033
28334
25292
1752
5060
30521
17760
20168
29034
25918
9317
14662
3882
22404
32047
24487
10986
9469
21984
10497
28356
11392
20271
18986
23290
13912
20174
6902
18694
15277
7085
10829
31541
6891
12731
10042
12775
30470
25734
28476
20078
26809
13858
29157
23147
15393
20236
30740
13164
29481
7321
4389
5447
763
268
24199
15074
27849
20532
18135
8513
8470
8846
9942
28181
20806
18672
24
26398
29078
6005
26137
15551
15272
2630
25348
23684
10904
30087
22097
7398
23162
4901
7055
8546
26459
8156
24969
23829
23489
5174
307
12748
1825
5899
31407
29855
14588
6547
30474
25062
8100
4929
15644
23480
20643
29414
3768
11783
24011
38
10197
26566
4650
17809
8429
6132
250
19141
6506
30681
1213
8938
4834
9241
20070
15749
26383
28130
32577
24340
17788
11001
31357
4882
30637
27732
9924
23835
24885
25671
32176
19567
5893
9083
12821
24092
8669
25410
5863
7170
25698
29408
24921
12793
21901
26044
16678
18668
4222
10280
28949
8602
4650
2848
21913
27607
11041
14063
13262
20779
25698
25309
22900
10741
27363
3148
10676
21657
27075
14597
19823
20477
3972
23682
6259
457
6483
22817
18283
1850
22212
27170
24493
19567
30418
31076
6484
16995
11359
4638
16769
11273
10896
29938
14204
26356
24104
989
14973
23783
1562
25012
10430
1710
2186
6649
4503
19949
14984
13709
5271
5670
22248
9468
11312
27558
11922
22749
32184
9509
8619
9909
7905
18574
10174
17152
4287
19186
7188
5607
18164
6813
7426
5096
10436
6335
18511
30025
16924
4689
30668
14480
15133
26056
22161
22213
15451
27649
7852
8790
8289
30804
13296
23861
20250
20335
19458
13242
13567
26300
20933
13773
30279
10073
14461
11876
29487
139
1727
25224
19078
7586
22708
6687
18835
20110
14516
11913
27483
18026
25644
4856
17368
14863
11272
25686
3533
21113
10349
4418
24441
8194
4958
26679
2918
18534
3470
8605
12020
20611
21767
23913
1484
10748
4496
29528
28307
12201
1383
29873
22803
29638
18344
12062
17959
4857
29646
11204
17068
27042
26233
15697
17449
30896
14181
20083
30766
12573
6116
776
12025
6901
25946
30926
11954
32604
18789
6889
7763
21851
15940
26718
32680
25612
8221
31214
16775
24282
20543
7208
21659
397
31698
29278
31294
13952
5696
4353
26697
27699
17355
10732
31118
9096
11411
9347
2522
3493
17012
11154
20343
15170
21946
28529
22780
32036
22962
28408
13983
24636
17207
29558
20768
29364
17084
17045
10606
4932
11026
17927
32008
11942
25374
4496
26928
8469
17146
26927
28224
14417
16614
20831
24548
28522
9923
22459
9094
20610
10289
5591
2984
27501
23095
26478
12056
20377
17514
5711
21704
4313
21680
24374
7685
21413
5951
15828
14072
31782
13022
5290
5795
19900
16019
310
5405
24078
6599
2169
7021
10763
20044
29263
7196
18448
99
10053
3328
19555
4845
10713
30633
20920
1863
15644
15274
7753
17756
21000
2454
3949
12219
7610
501
7569
28082
22582
2394
24770
15322
28563
9529
27966
12551
16638
11892
10379
15482
14628
29283
16888
15902
4921
8859
3583
1606
13026
657
10719
2356
15636
2340
5742
7712
32756
15551
28290
24701
19025
28969
31951
18633
32298
27
3196
10742
367
5984
359
18839
16180
23575
20972
6007
19477
12864
823
31805
4152
9465
6611
410
4333
7834
30032
9202
614
4199
6329
23631
9571
2554
21625
8165
31129
8852
29851
29600
26010
1703
27812
16051
28692
2474
7511
18860
28852
3091
1939
10698
17167
23190
3066
32207
1698
11907
28537
16237
32338
25902
31386
23565
5158
8191
23080
2149
19216
5917
29227
9513
24951
25793
32193
21988
19975
31332
30262
5152
18454
10246
31233
5322
30107
7669
11841
6788
25859
6476
4186
17369
3733
31464
1718
20476
24634
7057
7247
6169
3106
24538
22488
20993
22955
3282
3454
4695
2587
13600
5554
29604
3411
15783
7092
19508
6865
7724
28632
30258
29728
25857
3504
22882
31920
6118
29846
19646
17469
13203
5812
18924
8157
28711
9999
1738
948
24161
13025
13965
18205
19090
18344
21555
7558
27565
6419
18069
12878
20272
12222
27273
11759
6165
21942
14268
22181
14633
8470
10996
4763
24205
21705
22009
31612
24693
12778
5991
3298
19620
24417
16650
1712
11006
4577
27234
13046
18671
23483
12475
11262
26946
13860
27931
6479
23088
24779
7650
16839
12606
16722
32633
12340
17221
21857
29081
5889
19662
8711
16552
5299
28567
24057
15513
10551
27437
4229
1886
21389
6701
19859
10170
15000
13848
22758
23152
13493
25997
19518
32297
1938
31993
531
22074
2414
29337
17226
1599
8835
2118
19922
31346
32121
25620
31762
1904
8128
2542
1920
3790
7243
12601
16799
16082
13446
19388
8349
19638
28573
10231
8080
28149
7125
5650
2694
19662
960
20100
4694
9351
13674
20095
793
14951
25136
19930
20176
32639
10892
12596
4179
97
16789
15870
30073
12717
25220
15074
6112
10391
16376
13626
895
28116
13798
25597
20226
6283
18222
6651
24955
10087
21602
28453
29967
2616
17375
18912
20570
22327
3564
6509
17809
28944
16518
23657
11713
2589
11287
24097
7780
7629
5825
11897
38
27961
31410
10921
25312
20013
6598
19532
13231
5917
8433
13272
17027
6383
14242
26539
14967
31047
31991
14471
1983
71
23368
13267
10198
18401
9416
27969
9382
9618
3747
12211
15217
17487
1457
28166
5372
10916
23703
6213
15381
3035
31437
26611
15489
13139
22726
13442
5741
4774
29839
2931
5418
30473
24587
26601
7684
8658
3021
12234
4070
2061
7278
6608
15642
22093
8149
3042
10320
17981
10176
15931
13521
22092
9748
18247
32650
29221
5588
32180
3671
13566
17205
30267
18026
11075
12840
22760
20367
5069
29891
21934
6036
29890
11676
26701
13797
25613
14393
8908
29198
2430
12450
8832
30476
20934
15343
13292
31718
17423
32411
419
13417
24789
14505
15390
1770
14261
1737
7717
19494
8753
11028
4337
30704
31811
22127
7577
18938
5087
5582
32314
13134
4724
3279
20369
8401
20064
13596
10597
30692
25895
8503
6577
22963
31450
1087
5819
1062
198
29688
9397
11897
22646
8288
8768
2641
22226
6004
11025
1959
1996
15641
12208
21792
18598
10545
4949
2841
16279
7628
18166
18558
20957
8080
14194
11038
5845
26438
5761
30001
27173
6009
16032
12307
22793
24750
32667
11492
28010
11397
350
19297
29842
25234
31098
26341
17968
19164
19081
4283
20965
9099
6042
7313
28879
30706
19843
21775
25538
8005
21614
6277
21728
30730
15069
11759
3660
20378
6990
24426
29501
29343
15129
16696
20646
210
15129
15798
13352
6026
13948
17747
22240
26294
11172
15237
8545
3942
30184
7835
23720
23799
524
4456
13149
4881
27438
31235
22480
30277
32185
28812
13969
18745
12738
15293
7364
16322
4696
25895
2451
29312
6005
3549
30766
24233
21318
24004
6184
23414
19836
15088
23798
16590
27269
10022
6346
19008
15041
7661
24412
14506
9213
30390
22668
28332
332
19602
25284
31980
28373
3890
737
3639
14721
27013
29569
10424
8302
14029
2366
28554
12879
5875
19659
7433
6200
18292
17534
23403
31560
27564
22353
15989
11810
24068
2770
12572
4700
4278
19682
5519
6271
15680
12553
7984
20255
19349
31739
25381
22667
29760
23859
30398
27264
13972
12362
21916
16515
21189
1062
14178
4578
2807
13642
24868
3853
11250
7282
24634
9130
2253
480
10913
1782
1621
30052
26521
4405
14104
28846
27859
3628
30677
23937
9809
29044
26594
24047
29080
20674
6568
28990
30363
11753
28716
31707
29647
32397
519
1236
29421
30583
14219
32081
22211
25456
27257
14588
16895
9791
13100
13211
6148
27664
29729
26507
20501
10259
22559
19628
22603
3856
8876
23802
29131
25745
19323
2353
3457
19618
25429
27451
20869
1795
20523
20767
26855
14832
5151
17357
8749
25268
12273
32638
19183
3512
12557
24853
24683
13428
29554
4664
7706
27932
26335
19163
17792
549
24203
13241
19250
6449
7872
9269
8599
11272
19927
2560
15583
24808
6831
19511
22945
18590
31674
8794
25931
30203
6587
6949
16267
29107
10029
18178
5397
25184
25598
19065
32440
24179
26335
19365
16266
6106
5362
6763
8670
8024
20567
11199
27136
11319
31955
30501
2220
9102
29110
24801
28267
23404
30228
19094
15821
4288
10599
16386
9345
27976
3054
6139
22721
14790
1588
26887
27302
9407
8128
17742
15938
4065
26983
14423
15099
13791
7931
29688
288
29307
10851
28463
24851
13628
30232
7051
28950
11581
6156
5885
9523
16316
27474
30400
15950
9885
9484
12623
21150
30108
30726
10762
22921
6668
5022
9663
19836
24056
13506
11161
29677
26509
9365
21775
27202
5448
7624
18326
1622
18611
17038
15576
18535
10334
4843
15249
5856
20357
7727
8434
4741
23885
30788
32669
21855
2535
24141
27070
21629
22676
2139
23857
20073
304
12777
22040
665
22907
29161
8930
6099
29386
4890
28652
14104
5777
20599
6097
11852
4736
21271
12781
5966
4777
2944
4708
19780
27122
366
11965
9325
16757
26748
18303
31404
17420
31136
4217
13969
20854
31113
25280
32277
9471
29327
22085
3412
8837
8550
12368
29700
27226
30535
4871
27918
28037
9533
32452
7737
30553
24748
14782
16013
25250
20274
1141
32253
25430
29128
32297
24524
8847
22990
2743
11183
31203
25878
165
18156
9097
7346
26995
29392
8314
31816
21323
18270
21986
4215
10996
5792
16025
1133
22334
22376
10971
22691
23339
24389
15253
29505
18503
21285
17415
6918
31879
16455
3652
29543
8895
23523
15817
30061
5504
25290
27050
2756
7334
19128
26832
27725
6551
11477
10217
25060
16471
30146
8602
19035
19782
8881
19819
4480
15338
10560
18338
13944
22078
10656
6370
12852
26789
28873
21561
15025
11341
16055
31264
14810
2868
26336
19277
3251
25288
7353
15
16427
21809
27379
13047
26340
21342
17697
20161
31127
26282
7712
12709
23353
27945
14298
15378
25717
15389
26817
17070
30585
24758
27446
3177
2182
7727
14923
11726
27156
31126
29579
13597
12002
20987
5586
17738
6683
30657
20998
1379
8992
18134
17843
26687
17627
25833
14810
1095
29857
4391
27451
8892
32588
10786
14390
261
25326
30419
2223
7194
25314
19097
14125
6786
1981
11255
12547
17633
5582
22429
24332
26315
10049
6936
25879
765
2979
12011
11204
17083
2068
27478
10764
1985
10402
16124
23270
15404
19474
3971
23516
30241
5188
26730
13449
15578
25728
661
19026
8248
14869
2516
13701
31057
10520
16629
17720
30219
1471
4047
18523
23452
13952
9510
27194
28825
5902
16517
15407
8761
9486
19860
4060
1258
8334
28240
16185
12962
12533
6496
18498
5411
228
24224
17527
8820
5767
32525
3183
15348
8249
2497
16340
11304
29527
19683
17219
734
7749
27311
27092
1825
5142
14006
122
23701
15864
379
13814
16326
32091
27194
31944
3434
22727
11349
29509
20045
1614
12654
11470
6410
2835
21795
1022
10658
27787
19122
12080
21002
1570
15104
11721
13485
17354
17389
2667
1423
26625
30868
18007
17289
18931
8444
8521
13148
30767
32247
1342
11690
29394
217
25204
30510
5484
18950
26405
11040
13515
18960
1256
23329
5051
5059
181
26417
18352
19734
29769
16376
31932
23786
18369
32696
23795
31366
25481
3743
12990
6675
20149
7235
15066
9135
28172
30842
29802
27574
17337
8654
7944
7350
14358
10909
28060
3456
26679
22466
2996
4222
11664
8499
22245
15941
8339
24233
5732
25003
5640
16880
15587
13291
14998
25605
31715
6420
5368
23705
16673
29799
18081
3430
21101
23227
31803
12800
22791
7392
18197
6789
394
19230
172
12512
17705
29311
12845
8104
28195
14681
12679
15989
12274
20226
26102
3829
29502
5848
20309
13140
14532
1270
4344
15160
5479
18795
21283
2116
25138
25312
26842
12297
24504
6689
27173
26870
28296
4170
32605
30435
14803
15643
5958
19399
12629
8380
32741
32352
16331
15570
20150
21010
12993
14943
21648
21199
31586
6888
1795
16126
11860
6015
28031
18493
9297
29533
664
24054
20571
25755
20936
24766
21521
15751
13168
27542
15639
1261
6717
18949
27991
16759
26894
3232
10474
11228
28655
18724
198
20870
4834
23353
5749
22225
16149
3201
3511
10440
2232
20156
3946
11797
26038
19447
198
29728
23294
28353
25951
19950
9824
27420
16433
3532
20346
8952
31894
20252
10221
13895
27888
17737
27534
8489
6433
3847
27494
26579
31965
17903
7167
6774
346
10287
10994
11752
32316
21207
6822
3114
32643
11981
11518
32291
30261
17513
10322
23828
5389
7662
25290
14785
16277
26471
29797
16915
14258
6033
25108
18581
10957
3595
14581
31712
740
14111
379
14694
5014
9512
16085
2371
13622
23481
2626
12547
29975
9356
3118
5496
23413
24085
17138
21694
11064
18238
11363
2548
6078
25360
15130
22392
8378
10425
9038
19695
23607
20830
3245
2916
11596
28131
2290
6070
26889
9323
3743
3213
18514
30702
568
14508
4767
19974
26291
6071
4847
27427
23659
2792
17574
12558
32035
16397
29872
13772
28994
14746
25913
10322
4997
25263
8302
24160
566
29937
5012
13621
4584
18241
2424
22282
25083
10514
5990
725
23185
16042
14645
18869
21151
21618
29894
27852
22410
15533
12960
9297
4440
2638
24779
31591
8535
12623
14877
29932
28160
17689
28445
18820
12620
32737
18801
9711
7934
10140
22246
22900
22149
11099
13987
24098
18423
1476
19602
17608
9599
17768
11023
26640
14712
18581
30753
29328
26239
29853
28959
32491
4286
15746
10905
16629
22848
17859
2612
28866
5112
8420
21669
25944
13696
25194
19987
30603
11176
31384
28558
23327
22561
19295
8973
15095
10016
6445
507
8994
23983
3905
4971
138
18764
15383
865
29795
18013
27363
32697
23980
4546
14041
4580
8115
30557
17550
5092
20559
22429
5890
2370
578
26183
9760
18085
30834
14995
8853
22944
7066
478
22047
30156
17749
24194
31702
7551
17104
12156
7488
16224
23978
4227
9303
10391
30596
27811
10942
31615
25830
3155
8339
30226
4316
1852
5717
15046
6962
1306
20029
25808
15923
32033
20406
15636
23932
22918
280
31689
11962
32298
29172
59
13936
13105
21266
30729
23674
32096
20931
27313
25339
13505
25862
12892
18601
9053
8642
24442
27808
21601
28077
20641
26226
9913
6550
30849
16762
13380
11517
10736
3405
24484
877
26111
22844
25753
13316
12967
22273
807
11252
11519
27275
16890
24637
11727
15161
26690
20541
12659
20283
11362
7032
4142
6879
8454
18072
14632
18567
21985
12924
679
13313
13212
4511
31110
20176
28259
9240
28441
24473
13289
7683
16359
30282
6030
6430
17193
9393
20426
6483
20152
26737
10150
23353
18433
27904
61
29210
26659
25489
8017
28236
5857
3642
