858
31280
25687
4805
29537
5218
6714
4620
20463
8030
19711
26057
24481
19598
26430
29324
701
4188
18079
3700
8255
21004
14515
6051
7943
27773
10875
3899
22503
31438
2474
25431
19055
24222
981
30268
11801
18491
739
15864
8657
17632
10988
31528
26673
6329
10435
294
6969
10008
23550
8001
8395
32009
32698
17568
24647
32641
16163
183
11091
29195
12251
8646
24884
25286
11129
18310
19830
22488
11491
18362
28198
27812
32095
24659
18462
9267
31106
15762
21907
5976
15695
14488
29597
5197
28695
16132
10758
6055
13687
198
31946
29837
15299
16677
15364
8565
31689
7834
1103
792
2213
7933
2466
25734
22113
12064
29338
22627
18477
12520
21610
19780
10484
9069
5084
23449
31135
27466
10307
11851
2593
4976
15729
2088
28361
2242
2734
4531
28460
9079
4452
24491
18965
4878
5579
5436
7047
20045
6972
22114
24035
1864
3594
30266
24436
16949
13278
5528
7210
23404
27667
1980
9293
14612
18471
29869
18976
11540
23847
26221
31395
28829
4446
21677
20617
1024
6461
14830
10402
17635
25387
24628
6371
18965
20430
14972
14478
28452
19558
18909
5095
14977
16903
19328
12231
31619
5977
6517
6974
26113
22144
571
22748
19388
14801
14788
9719
11161
27795
313
6083
25147
27201
18620
9485
11055
8943
18763
9307
14065
11080
3929
22766
28902
22964
13523
22308
11041
743
30972
14275
27357
16057
24405
5153
19340
17416
20003
27933
10767
22500
5897
9425
31809
25725
16979
6626
5667
30622
18376
17574
15192
670
1561
13614
6139
13086
11204
671
22119
27213
26181
15667
22627
18128
17157
22975
12865
8002
15490
7612
11358
11208
31696
15644
25733
25151
18730
25001
7995
9410
29174
18994
9674
31333
28436
23960
3460
15997
14905
11439
13895
16829
4479
16116
24890
30622
8649
29430
3227
29894
1049
13017
15509
24663
12009
1078
13018
6501
3289
21337
20759
32740
8762
21588
29210
17194
8206
15159
19812
20347
6139
8245
10683
17009
7783
4394
18106
25456
31719
22684
15198
15635
15002
16752
32760
8592
21894
26274
9335
23758
12088
4186
29701
13194
20738
24482
26529
22626
23149
6005
11574
19537
17836
6719
13710
528
28090
21787
24440
15189
31917
5539
6031
4276
8674
2794
11914
25569
353
11518
11499
2502
5130
5526
31810
26218
21887
28
18649
22580
28869
10016
17514
25465
11680
4031
3070
31027
20861
21911
22173
8642
28850
6832
19102
20625
1706
397
11683
29480
26612
3393
28958
10707
16283
6197
14677
9815
3644
16122
10924
17831
18825
3238
14660
28180
8787
31961
8579
131
9881
2968
20720
6090
19844
8944
20094
26699
5466
26916
26456
23694
3306
1948
15900
14956
6157
22653
17272
21066
11336
7204
22636
30131
9408
30567
10376
9000
31857
32154
9138
32351
10496
3954
5971
29243
28754
889
31439
30411
4315
10092
23930
4915
25384
24252
29839
7210
6677
23902
20417
17056
17474
21913
14111
2380
15998
9791
4627
6274
29470
31740
6102
4286
25013
11819
21142
19932
8781
15582
26213
420
7605
28726
20728
24395
6780
14859
19412
16580
24472
7932
7559
16005
14841
27159
9284
13176
31956
15847
28154
29577
5411
22214
7006
3537
28241
770
12993
20225
25946
9836
30239
25657
31842
9057
163
18821
8970
15791
9065
25123
1227
10764
5042
966
26736
31510
7582
22370
20088
5169
24612
11629
15262
29017
5486
841
22435
22349
19251
3935
19753
24064
5939
7339
11589
22399
2603
6857
17106
8922
15800
681
3752
26442
22254
23554
8124
20849
1274
3813
9631
26857
32172
23232
16691
14728
15369
8077
29331
25991
18318
324
22472
19065
15167
20410
15226
24585
20680
8631
27685
4337
6529
2798
13415
14027
21967
8146
21484
21688
702
19073
5556
195
14192
28234
20091
7425
28277
12594
17415
17362
21477
15779
5629
24258
657
13907
18781
27842
4748
29788
21006
2801
30584
9143
1340
7237
16330
17438
25665
886
13650
8850
3624
16970
30207
30742
20762
8999
6565
31878
7605
31441
10605
13225
30329
5533
13125
28665
11406
24039
6796
31996
30610
6529
3059
4710
11122
24221
12631
15609
21575
17823
20586
12781
8520
11185
18158
5992
9861
5592
24430
12021
9324
27566
24143
20267
29463
8182
26077
7816
21103
24565
26061
7804
8677
22984
3019
10409
13296
22799
1962
32479
717
14265
6043
918
17760
24827
22697
6614
2759
7069
9155
28308
18458
15684
4870
27224
7739
27189
9822
8078
18800
26499
19060
8130
27030
19077
519
10709
10359
11209
25098
14824
23605
10255
1115
20372
22255
28108
8729
23121
95
28888
8503
15465
18959
14570
28022
8141
8379
7852
26790
8566
19581
8546
2560
31485
28280
6785
8869
8339
24946
385
20230
18886
96
27794
16519
934
32302
28893
20264
21476
6270
25096
13680
11648
15050
5145
2742
30213
5025
24022
32673
20017
6822
6960
30602
686
6402
8272
11888
20549
10356
25659
11702
4638
9873
377
19595
1620
22739
2386
23316
14
123
7060
775
24134
23863
15210
10174
26661
30429
24990
9192
30090
14960
15726
5728
9135
32205
4583
30531
869
7332
6747
29989
27862
23076
23119
18444
13771
16792
7473
951
29036
27580
19709
12524
22830
331
19223
21970
4861
10436
10338
11191
1095
28798
9659
14676
14269
23071
21791
30515
12486
26623
11983
24167
3475
16179
4079
8933
3638
14021
29671
13434
22460
18956
2903
7736
2026
13629
26630
8555
16901
29369
32333
977
26290
28601
24380
25083
19584
9510
18374
16834
14174
20098
10032
26403
1541
4553
27525
22222
22244
14352
11539
20656
31474
3447
1873
21695
11691
5081
9430
13718
8397
7346
21647
11116
8288
2509
29729
25379
13584
21864
17529
22501
31001
7295
17252
30425
26869
21608
8005
8359
11432
25294
27826
11288
24517
1514
1080
22650
19054
3171
2505
12228
229
8503
18661
18034
15823
10340
9462
12545
5175
26127
25114
7988
8413
4828
32244
2922
25974
6233
27611
22887
31410
13315
28948
24545
27223
31948
20114
10898
25806
7006
25255
3722
14058
22358
220
23143
20868
8785
11877
32620
28320
30742
31212
9711
13721
3227
6579
20505
12890
32300
4629
18244
15880
22033
6729
15897
23679
5548
21007
8176
8902
10064
29007
21935
15101
1442
8659
2661
28598
552
6163
3245
6027
11565
5531
8754
20435
15916
30098
11973
19360
112
595
16245
10549
13995
18698
10273
13491
6450
32618
20837
2240
13422
27839
22883
7729
4094
5570
16732
7633
23235
5568
30645
9673
6686
21861
10126
11947
25565
31295
17264
15905
9373
15368
17932
19874
8091
26793
6612
19222
8412
12823
24357
20169
20684
26592
22934
20639
16549
30962
17631
27482
9709
20468
25641
16275
16433
27698
29026
28487
29371
7836
9003
8976
11501
24007
15941
24640
27419
28112
27688
3797
23898
19340
14236
24348
9574
232
18793
1344
18855
32753
27950
5999
19766
27705
19642
29787
15184
8101
31533
4134
32530
20247
12030
4565
18413
19264
13545
26288
21475
5137
1047
18896
17760
32531
23473
28074
23671
31707
11844
590
24145
29592
13094
14160
30659
1087
10156
8383
19310
8531
27591
2634
4629
27649
9594
26519
2531
6370
22819
7700
11049
26468
32279
5040
21957
19614
22070
22903
21464
30396
5365
4729
10375
31902
16912
8856
5517
14684
25956
32049
31854
18865
22323
18173
6996
945
3904
32450
5624
9131
32498
22692
10702
644
3747
30011
19028
28312
15749
2167
1745
27289
16642
27980
21409
7393
27939
24604
32205
32217
7827
10724
9438
10719
8739
21260
28661
23929
23831
2585
20325
8456
6746
28970
16574
18163
31191
11389
4461
73
71
32176
22084
11247
22894
2244
8706
7915
27035
23707
23812
24583
25804
4965
9343
813
25327
27286
12354
25561
31946
12854
24762
17886
28110
1103
23144
16850
10395
496
30118
9689
6273
24669
21026
23280
10022
27460
25434
16789
79
20430
21342
15845
16381
7753
25905
28330
30356
12170
10916
22272
9228
9391
8726
28250
19958
3449
17876
25437
7549
17189
12729
20834
23257
31899
32680
3708
1948
31081
25603
20378
1153
23245
2734
5793
31588
11290
21415
1963
20345
15551
7098
26846
29429
7579
6114
28530
6158
1964
32696
6253
32246
30240
29992
4876
15120
1806
524
28202
30195
21197
14297
1158
5070
25155
5529
31257
9441
10127
21280
2558
28441
32450
636
10423
18416
23319
10025
26420
12805
11988
28807
20451
17532
17663
868
17425
1074
9178
23050
6097
12500
24571
31257
9263
29757
15030
17464
25779
20244
18045
9099
26487
26465
28632
19850
1475
6033
29146
3852
25070
24145
8313
24097
11463
8431
1735
7000
21304
26228
15004
16996
25100
3185
17957
17580
27823
25243
519
23977
16033
6922
27319
8372
11455
24319
11424
14670
15884
20551
25261
1789
27247
16222
30783
23523
10820
13575
10211
26699
10337
7119
13524
20570
15399
21042
10943
20814
13985
23341
26961
2578
26872
470
2406
22813
17836
3766
22320
7918
31526
26446
8179
20852
31204
22952
16677
21360
28106
18293
6661
2864
6315
7180
22481
10289
14819
7338
9081
23569
9692
25405
7253
16634
16345
5085
8085
15616
18922
10360
576
17900
20382
8042
10646
15213
12709
29137
23011
1603
27056
31627
15676
21207
7525
5071
19086
1695
29966
12887
2464
16624
14451
11400
12127
1589
20489
123
16382
2791
24317
23012
5924
19691
20879
14077
31806
21631
6386
24112
17851
13565
30030
10588
1563
15314
14001
5181
20102
5819
18787
13055
4820
17397
20688
1013
30404
8818
32609
385
11560
13246
7885
14197
20026
16944
26773
16937
2490
30339
1250
24343
18159
8737
28666
10506
5034
16485
12847
26572
21004
9970
19892
21595
10371
527
1511
23807
29950
19880
17361
23258
5067
22207
7912
8223
3158
1429
27600
19518
11183
3616
977
10192
23931
4350
24059
9531
6975
13385
2252
15169
2441
3753
13985
13017
24352
20685
19088
12353
23287
358
28404
32167
9631
3636
10339
1777
19835
16503
10496
21600
19420
8524
18811
3065
7463
2211
3270
3777
8709
30196
10506
9158
25140
30240
21
19492
15167
24078
7473
12703
20384
4069
17205
6911
3154
27069
3944
25824
26909
5768
23033
29665
30581
30257
25390
28621
1413
3679
21919
26582
24071
6688
21364
30222
2107
26594
30627
1958
19276
13485
31435
22228
31111
11191
29080
16782
18225
15508
1507
30443
27317
11912
4762
1880
13592
17521
26775
4810
32167
22058
16112
13200
27214
169
12688
28914
14553
26740
8472
25383
22192
7697
24923
13087
29226
6632
24132
491
25981
7142
16597
18885
3362
31080
15601
24553
3393
2778
23691
22841
26766
27502
17170
17946
28823
16558
28600
7922
7380
16857
16230
10268
5185
9349
20028
601
1294
23623
16225
11958
4884
24765
16937
9184
19988
23703
2509
25540
28942
25963
19833
6677
14872
1477
5071
20822
28145
21215
21238
18076
26995
21026
3856
4743
25667
15873
31000
14499
15034
18665
9434
16140
22863
11256
7720
31660
25936
23854
21623
16483
32681
9072
30432
8023
19773
4810
28235
12138
20167
29714
27791
14442
7204
30949
31020
22231
13602
21718
3649
16911
10006
20991
24470
23735
26350
10176
9995
32570
208
21325
21718
13231
7206
16671
3696
30441
2735
19972
20663
27448
13957
11441
12941
11799
10726
6419
5040
9934
29845
11670
17875
19077
11407
22582
28770
6647
786
3449
28672
29967
16806
29010
904
8237
22232
143
7018
5219
23668
26977
6780
7419
3030
28921
23442
26649
29374
13278
31373
9160
23627
21697
21119
30709
633
15201
18652
9258
2292
31164
28075
6258
4279
31249
20159
24173
24315
7856
15181
24536
31600
9503
30020
27042
17425
27696
31568
30019
17992
17065
21174
5246
13055
4009
28827
11724
6595
9711
9709
25107
3982
932
14108
13148
21249
25562
10791
12092
23440
820
17958
16369
9843
21489
15659
3835
27659
3428
24028
29813
27348
14567
1726
26989
9130
8726
27852
24009
30666
1081
24808
30579
9335
30241
21064
25563
15906
22498
3908
20348
5524
22225
28844
3815
22712
28483
6815
19408
20302
1096
27248
19190
20777
31733
23397
12892
13880
32309
30307
5310
618
8089
7635
18840
26929
31921
22161
16621
27770
13017
22519
14132
11950
30429
25028
10979
10794
3826
30706
26748
21473
26133
26396
1923
32406
18599
13779
8382
10245
12375
27456
15582
20940
21445
13373
2062
22146
32323
27123
14503
4745
13380
11233
22930
4737
1595
26394
19523
26244
2952
729
19483
15604
25652
15601
168
27754
5539
6209
17812
22537
17439
4684
20407
24760
802
25231
10409
12719
7589
5084
30849
11234
11504
12324
32083
22000
14781
2198
4548
6066
22976
11426
15425
21210
1160
7331
22852
30265
14509
11748
14716
23765
25033
10148
9064
24899
30166
18121
27198
23123
17311
27373
3064
28211
1809
12048
3644
32618
26912
20665
26967
9084
12084
11949
25653
27406
23536
11455
16810
4744
12366
23805
26160
20194
20298
19444
10991
29235
30350
22636
22679
24626
1647
16910
16193
16633
13936
9565
3777
28088
25514
31321
10117
14416
2676
6877
6315
3147
5128
29881
18964
28881
6725
26995
27274
24786
25900
10619
8474
17230
4562
30684
22482
11079
25821
28257
25320
22914
8958
17990
10881
1773
11944
15089
23560
14315
13778
1683
3664
19224
7050
25698
5192
11896
895
15083
12422
23636
19439
16423
23319
16650
13621
11462
27458
19760
30897
102
21072
27063
4406
28014
1281
14456
21122
31394
7706
24293
12741
9486
9757
28780
1244
20888
22937
11269
16705
16132
25265
18777
13361
18667
21478
12691
21668
7274
31232
633
12113
25426
26674
8078
11084
13577
764
11723
8482
26959
4096
205
27457
10766
15964
16009
14109
17793
5172
25184
24850
24712
30715
15863
17978
6700
2598
24391
10549
21924
15900
23178
27298
27754
9985
13260
14901
321
6095
28192
13392
21877
7580
10539
17294
1916
5341
26973
20926
24253
15485
32322
31061
22259
21901
25330
23675
11794
29948
3969
7774
13260
7049
30502
13338
25139
12205
13732
29146
6828
27942
16663
7951
21016
14339
604
20695
18180
28406
12306
17828
15187
24016
6757
11838
2932
23891
6818
20397
27884
16790
30042
30257
16327
22610
10279
5601
5061
24197
3063
20694
8217
15863
16396
24788
26247
17982
29046
23174
29363
26587
19952
13868
7650
23094
5419
8885
5786
6998
20414
32493
31232
15852
7960
3363
11704
7383
14900
16046
11491
31058
7519
1742
17529
31211
18450
29203
10369
11695
24760
10621
950
8598
10429
11275
1240
32751
30263
21776
11760
6171
27897
2854
20778
9920
27147
26292
13462
540
28831
18337
12696
3072
12051
23673
14291
25797
25796
17592
13317
1826
31600
27470
12143
30427
21551
12939
2635
3889
8511
18203
10517
22285
16316
18458
16319
21405
11324
23808
32545
20034
1950
11732
10999
3541
32338
20687
15062
5636
4854
13186
31104
26697
24645
9427
1556
845
7193
13742
19193
15635
27945
21285
1138
6213
30876
3391
22600
7396
16308
13302
32187
16566
27154
26285
2106
22046
26288
9708
31657
13481
51
21065
15436
25398
2423
24072
25477
15865
23763
18351
4049
29353
13805
13570
27958
11054
13791
25996
3623
22832
12598
32719
21879
5665
28759
26226
9427
19493
25830
23017
13110
21807
22317
9966
30578
18566
30001
6121
24378
2126
19362
11761
18701
16341
23136
15073
1398
1090
12676
29246
10461
1937
25108
8441
1444
29944
8474
31288
24876
10947
25132
20696
12046
30714
22566
7321
18411
22429
7841
24291
21019
3808
12621
16418
427
24966
16355
20401
2096
23319
8892
12440
32570
27877
22733
3806
20463
14837
10552
15508
13500
19754
30744
21107
18736
29714
26818
967
26846
23114
3153
29863
8662
10323
11269
26915
16818
11764
29707
17916
30524
31864
28445
11838
12907
7465
28290
2649
17443
13165
20924
1426
27133
12611
15202
11444
3981
3539
31783
29123
19084
25966
30393
20071
30040
30524
9531
7777
24659
17809
17736
5285
338
19714
6410
27324
31391
12617
11868
250
28535
13959
31793
8313
21330
18435
8797
14696
2905
28586
23679
30179
7718
14120
26178
15124
25069
21208
24058
1819
14743
30513
9890
22116
1490
10370
15088
21976
6366
5342
5905
25071
32596
16378
4035
6192
22617
23985
396
9290
20996
10154
14256
728
7153
23745
29624
17006
7812
7480
7007
2424
10036
22043
8266
2380
11013
3119
12611
25650
7773
7047
11749
15619
4498
22521
18387
26035
30939
16025
3816
7646
7682
2404
6305
32511
25950
1568
25987
6063
25273
30592
7689
19892
18266
32094
10763
31200
14907
15644
27517
31222
14361
1259
11055
17225
1906
29684
16093
4276
17159
28777
27435
9299
7297
23955
29079
31668
10572
24198
2179
14554
20346
904
21580
18547
22752
8154
23292
9310
7680
30827
16929
27128
2820
29918
17666
13953
8877
28825
17896
23933
42
19354
8112
24939
11090
13839
4530
23867
17158
31409
14921
28288
27903
29788
31305
10036
30430
29978
5543
26306
17035
15390
11855
26063
27974
11724
30729
23570
27600
6707
21339
32485
1036
6309
5345
20112
25399
16973
2786
15653
10182
9978
12887
10506
835
5947
30763
11817
4443
28698
25013
17314
5881
5827
25749
13069
31975
10724
4598
20718
30073
24589
5780
3514
23171
13878
4628
30546
7237
31150
19729
27996
28957
27532
5324
13176
24198
8078
20222
16315
4678
26100
6210
3812
3306
26968
10635
13810
3553
11164
24002
27652
15557
19077
26093
32634
11053
3348
32224
12733
1001
6128
7254
2795
9882
11507
27062
1511
13905
13165
1546
10339
23007
1941
4273
8659
18343
22691
2192
3026
4813
1232
20979
19501
16248
32349
32399
26782
7156
2435
1673
6401
21357
20860
6644
15667
21020
5766
14983
30873
23850
9886
15202
27341
12762
16198
28406
30462
23478
3691
18542
9177
10832
8578
10152
14635
21162
22840
19641
27834
1880
6508
24092
5465
23712
5253
32298
2438
10120
28771
14671
15908
14485
28964
29648
9536
25348
27140
4523
30661
20894
28264
31764
31811
19451
2570
20507
30928
9212
26165
25838
30333
3188
32710
30675
21119
19293
17677
10070
17292
5721
9160
21360
1516
6520
12493
12704
19420
4283
12071
3494
25580
18574
21077
26297
6977
11628
24541
27803
18420
31855
3259
28933
28903
801
27536
10580
11331
1763
32259
4850
24565
2645
29160
27590
12694
8674
26280
15304
10660
26645
12452
27273
1615
24581
9419
30689
26449
2420
18594
9212
31135
8995
5425
15305
32519
14328
2124
24188
14133
11782
4322
12777
4932
4206
2032
4948
8984
18712
11936
19360
11746
24392
10897
26515
28746
32097
8989
28517
9375
12334
4416
27004
27158
12498
1442
12725
11902
1546
5485
3487
4594
27589
6311
802
11469
18335
11881
32681
28800
24269
16297
10358
1808
24724
13642
16912
728
187
30743
9058
13420
31600
15215
554
13294
16525
19770
17074
11834
17630
32329
1086
29701
17013
27062
22503
21247
22276
27675
11423
23267
9702
1109
32351
7169
500
4596
10103
12206
11817
5078
13732
22943
16785
17692
29555
19206
2078
31488
18310
30216
7038
1436
16702
15884
31182
18322
12341
8057
4483
29878
26818
517
5982
10813
27781
24528
15343
4066
16372
5590
25595
21693
14576
23211
5622
16337
21426
21469
8904
19388
28452
17191
9487
28191
17452
17490
13104
17123
4523
17245
12597
14826
16049
32228
32705
15373
5771
12972
20324
9435
6152
18769
5534
7164
23710
30176
27791
25161
18375
4013
373
16642
25882
14757
23211
20570
16061
5155
9699
339
3711
3476
25514
26528
13894
29572
20820
9287
12280
26627
3095
2989
5685
20416
20998
8925
11289
9985
5030
28248
30936
5808
13156
32167
6386
16553
680
30890
5982
24987
27769
17318
18821
2113
25354
23522
18874
31024
6491
22784
16027
28858
30670
16205
32136
1207
19196
20591
26766
24986
8828
25334
7722
201
23253
32213
1412
16216
6775
861
16511
5128
13820
27020
2713
19165
18907
28652
28188
18250
6399
19232
2306
4638
18673
22694
25817
25600
13464
13231
7015
2072
24145
19556
11408
28526
25442
20945
24376
22260
15199
27795
17175
32148
23655
15172
1289
19865
31174
12141
5561
31697
13783
10971
30331
21742
21131
6571
7751
28194
27208
25127
7862
2897
8873
6585
23152
30735
24664
18525
6480
31606
4723
6255
5801
29004
28736
27920
15529
1221
10357
13408
17377
11291
23180
1198
12714
15369
7879
16661
2963
30515
29203
30137
28724
26750
7787
15080
11868
4910
22239
19871
20846
22932
4163
19056
2281
6681
8291
24057
23127
11987
6917
29159
14129
25740
19809
15697
24203
19973
11155
7752
22580
26878
15368
8864
28545
6450
19492
2616
23447
4062
9882
16636
21380
17852
5070
11717
13530
31224
13936
28043
3800
18533
29162
950
421
4518
14173
20278
22666
30501
13564
26923
11507
17722
24352
9015
24105
19108
24251
10652
21409
11697
4290
14618
3628
15370
9625
25304
14034
21377
19956
2447
10528
12004
25302
31441
12551
18727
29361
19991
1683
3590
4801
32228
26409
6418
31923
26339
7764
32266
6906
28921
23050
16138
27679
32165
32289
26648
27071
29537
3857
1017
12085
15365
8940
26634
20465
29109
23004
5770
20256
16185
9533
30972
11339
31673
15953
25310
18197
9440
32666
19647
31433
19613
13993
6511
9265
1763
27921
11942
22733
21747
21620
19596
11134
17973
26775
19074
27430
32302
11363
11089
11816
19857
11688
12769
29603
27837
7773
15155
31047
31618
26925
15331
27570
8066
2885
20119
19422
11720
7529
32241
9881
27281
6719
29208
682
2424
26904
7732
5298
8762
31180
9761
20043
231
28020
31310
3733
26815
16789
11448
3932
15410
30376
5799
19101
2897
1089
12822
4531
10717
12587
13903
4786
19632
17981
17066
32185
14418
8003
28737
20024
24626
23981
18298
22420
5398
28192
4354
29634
4413
22753
26113
14419
32039
32259
6858
27407
15405
31085
24311
18613
14976
31186
22772
23246
30488
11837
25
9494
19368
26525
31553
16420
9562
20630
18332
24532
25381
558
3477
16111
26322
5240
17034
23938
6995
29812
28987
14764
15620
8105
24222
1512
20126
7501
19671
3542
9260
7279
31055
25094
19234
6064
17013
4796
18872
31454
6394
18005
29371
25135
19939
14064
15318
11760
5799
17426
6486
12266
29113
21352
21932
7905
29992
29207
29440
9468
8320
25291
12883
30466
32318
11003
30209
2576
13712
24230
4609
21859
17148
20382
30940
4448
20785
25236
26818
10371
22158
12315
13954
4174
7681
9223
17443
32227
19034
22329
29500
16370
24820
7293
5072
12070
3075
4165
1675
22083
1185
28895
30125
5074
12937
10294
11970
14375
6590
4552
22116
15123
22560
22296
21091
257
6223
28505
25589
30463
13276
16653
15434
18166
10649
27282
27181
22210
30875
15769
10366
30714
23231
2989
13342
15940
9420
19042
24356
5354
8772
17564
32517
8022
6744
26479
3381
7600
32725
5990
30027
2756
23563
28233
29015
11324
6971
20489
1960
24744
17359
20314
5376
4262
4080
29561
25250
19894
30974
8031
8128
10022
15207
7066
5299
16619
21451
32440
7718
9975
7397
23302
25619
27727
6820
30169
11678
8725
1573
24004
1170
14775
20801
32471
24482
13795
4618
16844
8349
28012
16651
31545
4893
23269
31424
30543
15068
28688
18475
32642
27099
29456
2654
3887
6513
10802
14051
29428
5712
16078
6298
27557
26487
20383
11427
27391
8115
17971
5020
5548
20056
25999
9374
5883
2731
31729
11066
30526
14384
2914
28970
24990
17757
4954
32739
16999
18401
21999
8509
31347
13518
20540
20475
24782
20201
3357
23639
1140
1081
8814
21222
26855
5493
21949
22139
859
20655
9985
31344
19811
31619
6126
9677
27653
4103
8606
1433
30410
27982
10971
28560
4969
14716
24114
5616
31202
29493
7388
23477
6636
5527
7486
22914
4408
26495
28012
12182
925
22322
12424
24097
22265
28969
22840
26608
26566
22512
707
2432
24429
533
6625
13486
16603
15035
12464
7754
30355
9407
19331
4979
6523
2706
17367
23292
25066
26340
11050
16649
13859
20758
24028
16573
23210
5354
30310
24942
8455
2711
7355
19629
29348
5901
23463
16851
15440
31627
23220
5326
28772
25587
28086
8290
12400
24985
11464
23575
12736
17417
28243
28495
10519
19671
9441
9435
16164
2997
31257
20738
7900
6865
24096
22674
29917
2836
20571
24901
17550
31671
30960
9607
24757
3887
5848
9361
18136
23015
15877
22859
13224
22108
1812
31778
12324
6490
14550
16262
31812
30089
25447
16047
16128
15302
3002
2465
27994
14318
20643
18474
29015
21494
31030
18558
12590
21748
31664
23111
31940
9249
19520
18718
2964
26786
1778
26066
29279
29735
19660
32629
4492
26585
30351
21209
17023
21356
22129
23642
6523
21467
26567
29283
21076
3247
9921
13484
6239
11714
30180
20230
9877
3079
918
30783
22920
14144
13746
20919
24191
1226
12851
1674
21462
7491
15601
15531
27378
10405
13495
12232
24911
27023
19984
26580
10913
25897
31732
2791
21957
24629
11031
6893
9292
270
3645
5907
740
14672
18944
31650
30380
21493
18424
5265
28457
15175
19006
30775
13456
6727
30347
664
27130
17784
16991
24828
4207
32348
16567
5908
31851
6915
25841
5083
11324
28567
20678
27951
14966
8460
614
7165
27908
7883
14372
30179
4139
21976
32327
8273
20272
6072
16039
5976
7916
11309
14353
32283
29035
5765
28514
22486
12100
1565
25985
28854
30565
29354
13683
17343
3145
921
29434
15251
26337
20763
13486
17563
19950
16452
22958
20075
7831
12673
11858
30552
31808
2103
10509
15490
560
14725
10030
22518
9344
8853
10436
12935
22588
25389
8008
30759
8350
8843
29724
1345
11342
8799
6824
5121
31971
631
4027
14905
15902
19471
16660
1478
15233
18479
3679
21261
13410
16345
15263
12436
13668
27587
29
20804
21582
14622
32104
21164
11988
28369
17192
29298
2329
31395
30017
5462
359
16142
13043
28977
13802
30168
4876
18112
29231
8607
16400
13725
5462
8243
9785
9110
27625
328
27857
11713
91
8375
12967
20733
16866
13677
14179
30223
23114
2989
27170
9968
10337
14081
21382
20377
21686
6269
21466
15854
15703
26558
2499
10078
16989
32714
25315
22475
18282
23269
10930
11515
15516
21606
22844
29367
5125
17670
1357
24608
16640
17082
2361
12808
3061
31435
25291
14900
23044
19839
32408
18773
13620
18117
12344
28715
13485
25146
2297
7411
6218
21735
27108
18291
25309
3964
31175
9928
17142
27021
3876
8157
29937
8353
32687
13377
16910
12785
28766
24232
19382
9492
24828
19055
28323
11326
7509
206
14012
13952
28249
21370
5089
21746
21130
17471
28625
5121
29439
4961
10356
32265
5709
8864
1976
13632
22485
27107
15099
23020
9106
675
3434
21284
5770
11370
5620
2386
24668
15155
6810
25672
28922
23982
719
14133
12982
13983
29859
32155
368
13902
7978
7273
303
24865
19844
315
5631
11396
19775
2088
26851
4519
26395
20460
322
21424
20957
12740
1128
12467
6357
6098
27977
23958
29456
31278
543
27473
12687
20924
21993
18517
29506
5356
6878
31082
23914
17719
30502
13161
621
12551
14057
20550
5626
32647
8286
26680
4417
31500
26136
31201
32267
23394
19471
7622
5698
17578
28199
26945
9528
11001
31535
10878
12182
8318
10790
13155
23829
14083
28566
21395
23293
21940
8709
31358
871
9608
27754
16571
18929
28473
15199
10737
8126
24842
16202
16826
13587
10616
17205
18586
1512
27030
13076
2646
24052
20457
5710
3007
7779
22647
29390
16627
12507
32127
21575
3627
28138
3174
19574
13060
27752
28862
7759
8169
2418
6099
30121
26220
29855
19560
18275
7770
4663
25679
23375
24063
15889
18395
7519
4350
29383
30289
24020
19899
8008
23780
18339
17045
12446
12430
21359
12557
14367
2064
25237
7707
29978
23189
30217
24976
24339
6084
25129
13730
27413
29157
3275
19911
12283
6557
31904
27228
5866
15807
25443
23068
2361
32747
4948
11989
17083
1378
25809
32219
4422
6610
26624
21751
29749
29769
20679
16469
6929
5636
21767
22018
23838
30907
15761
1966
8762
8426
14941
17061
15349
31691
6069
25284
16143
7146
4402
30863
12413
8038
17246
2657
26282
20255
9076
12684
9203
24787
14144
29967
6138
20993
7232
26231
27082
3943
27146
9013
14374
9944
25612
9153
1487
4952
30408
28735
2364
1118
20508
11580
27449
24365
32448
22015
7860
932
29498
14201
31283
6023
2494
17040
8882
15020
27978
7941
11755
8249
6470
16918
32697
27979
9120
26074
30531
25474
13059
31098
22963
11181
18528
10362
3488
17622
24470
16267
5078
24067
26180
8490
19353
17087
4282
17313
30821
18639
9254
25853
4080
6282
14277
26234
1608
21764
27651
18677
7257
3322
13355
20952
5943
13723
15269
20700
22558
29780
21923
15403
14960
30797
4840
9619
22190
8658
27767
9286
11411
7468
5137
29033
21174
31724
15191
20953
30948
10056
13472
22078
320
27306
23166
14744
24993
6399
13158
21405
7490
12987
31998
28597
29544
1338
11520
26021
27546
24023
2596
17477
1254
27567
13954
288
25889
22190
23869
2064
28669
28383
28396
30014
21252
28439
26461
1049
30631
22842
16962
23431
4162
26251
7914
2727
10662
8201
30147
9277
28279
7664
14312
2199
28343
31014
28237
7399
11795
23442
14382
9655
13310
19245
8221
26401
12787
31653
15186
508
6619
18050
4083
756
11739
5008
21820
22569
20813
1442
2541
6244
25822
2826
25645
28842
3515
30115
3207
4606
29184
4720
23657
1228
28518
14762
25781
30012
6662
11366
25092
20094
10672
11876
4359
4368
1943
28425
13978
9573
14498
11428
30897
27176
9712
917
8619
1071
14813
8453
29778
5155
17982
28408
23846
6246
221
17272
12470
17722
18627
28483
26979
4385
13878
10897
3364
29012
30158
252
3559
21433
22887
11122
15885
24002
8577
1929
23667
26214
3061
18561
21656
4922
23410
8854
23625
8908
22290
11761
19212
22917
32108
532
31871
16204
7703
21685
12629
5045
11116
18555
1128
22298
18616
23714
28243
30167
12409
16711
18379
19374
4478
28573
23947
25078
1365
10941
9043
4517
1752
29419
6060
26806
31332
30244
15863
24136
12674
14109
22706
15854
15734
18669
25654
11871
30882
18825
30592
17188
21240
23348
17653
14337
14784
21474
3423
19529
22694
2412
6303
6048
28058
1691
8691
29792
7202
8913
18304
31373
1827
5977
28277
15076
6184
32202
8986
16987
25180
23195
22782
32059
18398
26238
30090
12666
16614
28378
21421
27282
25800
18269
3361
8773
15282
443
19485
20510
213
6498
17698
10305
9514
5025
17187
14742
2189
8269
1897
22845
4842
32091
5770
11917
7209
18746
20077
22525
4514
7004
6989
32039
12186
3989
30512
25092
24490
4385
6924
12322
12516
24967
18697
14480
20427
7091
13151
15866
4380
32441
2221
22355
18067
22011
11736
27572
10562
31043
22460
16547
32304
22575
28882
24858
19770
3022
11086
6148
28320
31359
9754
24527
8822
4498
11165
22955
20960
6996
28353
3007
30064
6132
17373
17006
29411
24623
16312
3495
32142
6073
25640
23085
25846
17440
11056
4968
18815
4449
5917
2677
26114
7439
26672
9255
19575
14954
32105
9724
23126
12210
23084
24291
861
20355
28312
26823
30603
8137
15525
29031
29938
3931
19050
19475
30794
20633
23067
27763
7361
2769
13354
19184
8594
20108
2147
12433
26934
15683
18662
14709
16812
13449
15122
10431
14576
20384
6368
17764
24420
32505
21078
20672
13615
12681
30892
30050
4251
11292
20956
31996
7230
4702
9120
11614
19053
20894
12762
12184
9589
8645
6950
24130
19739
19436
5612
805
1097
30562
9040
7667
32401
30686
24318
9412
7778
19626
10185
4867
25947
24628
22952
25565
4267
25403
7241
10817
30943
14974
4093
20830
20413
16491
20976
82
14652
19116
18122
12573
8961
29330
25630
16691
2888
3761
2839
16460
12345
13375
15472
26667
14187
29361
17112
24816
11863
27064
31763
11888
14423
9308
72
1476
10117
26069
25838
26646
13227
22420
3404
14002
17085
19689
377
11180
1179
19394
3767
20426
18956
20927
13568
16780
23706
27136
20419
28845
30749
4493
32665
14811
22827
4383
28234
14999
292
16001
9790
3379
18177
6049
17031
6701
7164
2449
7707
16804
24722
14917
8193
21441
15069
247
16938
23194
30446
24571
21255
21340
28211
32200
13663
8696
7755
20343
28967
1495
17342
9435
24554
32233
9998
23937
25429
16332
5621
14587
132
9196
19391
13580
27281
6839
7910
21000
30860
4834
4457
1155
13182
7289
13582
11119
6718
8910
22325
763
3393
24514
9937
17965
20018
18626
30355
17310
15671
22554
12025
13962
4663
11278
29116
24207
5486
6444
20083
23751
32175
29587
18897
21307
25262
26298
26698
27596
29729
9054
5887
17029
12188
28760
26837
14110
25832
3299
32214
8200
18412
23595
23679
9028
29715
20989
6025
3714
29962
15881
29681
15407
16394
17335
32630
19963
22078
15598
8473
21835
6660
16306
6920
2227
27437
27521
1800
25309
9621
6359
11952
13604
2406
10728
3510
27538
23892
8185
24450
2563
26258
19065
16288
4273
20212
23413
25810
29653
