26865
25249
12513
836
32181
1215
4092
19188
21923
18720
28476
585
9825
27270
10792
12836
1732
7467
12221
9006
19584
10499
29516
3803
19932
1049
26435
31865
18603
10615
350
7519
5060
12764
8464
4446
12774
13365
30662
3412
4741
14590
24117
10693
21279
10223
3468
13271
8646
1087
5951
1917
18486
28035
30310
9288
19072
25445
14914
29152
4971
253
11721
4020
16800
13707
22066
7403
3974
9660
6270
11145
8042
8779
27652
6070
12098
20713
32763
26691
5641
14572
32699
17046
28375
6138
7312
26687
6665
13669
25980
5514
40
11930
10389
31198
26865
281
20110
32602
4599
20995
13982
24096
19002
1430
14210
2558
24573
30414
23989
14894
12427
16205
11943
20237
13193
2998
26541
29266
10635
27063
15346
32365
29349
1456
15221
15241
20089
6204
32132
14306
25537
1819
8487
14727
7098
15846
2228
1577
25128
28473
11900
23914
8818
29049
23429
3162
14878
1587
783
9254
24930
24928
25298
29414
31225
2141
9303
11733
24752
5197
18133
5516
32569
30563
15285
11196
18068
30357
16387
20252
4027
14813
2752
14957
2294
13997
1952
21409
4787
26695
4788
10916
29564
25017
26450
22908
23772
30031
19617
8069
13072
16666
5898
15632
16522
10554
20786
11228
13993
7312
15782
13830
5503
28461
4281
4044
13581
23209
27859
7299
14969
27757
24598
20699
12901
1622
32343
29543
7143
24552
8890
7893
14929
7968
23590
16805
12250
986
20059
29012
31771
19551
13329
26525
21002
6503
9598
10514
31498
20799
22706
10036
17451
20931
32651
19134
20693
14077
13927
6859
15589
3345
2768
25566
15380
11434
27895
18772
8410
197
455
25267
24604
14295
18912
30350
25688
12796
30096
21610
3577
16689
29733
9087
20121
6067
7669
16939
19148
22538
29347
133
22810
6947
2678
8957
2257
33
27231
25923
24595
32338
15351
20529
18801
14619
9236
17720
22066
24736
23324
5768
6242
6767
24851
18718
10042
28072
11352
13276
4561
12993
6197
5391
18584
7779
12408
15277
1737
21947
22566
6149
9625
32380
19986
670
5487
16583
28848
28877
445
1685
11195
8452
9001
12494
20701
31707
19844
23103
26645
15739
3684
5684
20681
27013
24912
13303
15320
338
23615
8684
22208
3598
27579
29218
29818
7354
3842
26117
15329
32301
22023
8583
28230
4017
15830
22454
27271
12660
23603
32404
24586
14505
13223
14875
30680
17350
275
13866
13164
24939
4908
30258
11186
5925
26812
30831
32047
22367
2424
13202
30387
27298
23823
5616
22266
20076
2696
21746
8494
14985
15450
29959
25423
1643
21464
3931
21809
24714
32530
9201
10712
14019
3580
4082
24020
25905
12244
13703
19816
21763
31150
32140
1321
8898
4740
27948
140
21190
8053
30362
13184
9278
24781
20723
5187
31295
3365
28091
1799
9485
3144
12992
6176
598
6669
3545
23835
13363
18230
21006
9003
29596
27156
16047
26508
4538
29496
12599
11158
25610
10532
25670
23459
6491
11717
11589
18226
17357
10523
7674
2637
1224
1656
23233
32679
29473
791
8577
24352
12276
21490
2195
30092
19148
28215
21512
19599
29089
11440
23289
11873
28680
20937
28373
6596
17922
1812
13409
22427
1540
10694
11219
16043
27000
25340
14249
25618
23989
27219
22783
9663
6903
30481
17060
20407
7310
15777
15283
15506
28705
6612
6613
1323
19482
2689
8948
7940
28170
6237
11694
6583
30791
13232
13165
14674
11364
8911
20118
5136
10630
22261
21874
17519
4326
16317
11101
7136
3894
31826
26703
27285
22462
2824
20295
19886
20345
12495
20938
15043
16426
8694
6586
3862
23691
4704
5797
26403
6343
29319
7563
26325
9517
6867
21340
10585
5473
16113
15361
3996
16460
28982
27014
2173
2076
18541
25483
29524
21634
25844
16022
8194
10013
7482
19377
8025
29284
9942
32549
20451
13052
10682
18166
8572
21685
30182
28061
6389
19629
17308
20067
14133
308
8250
31297
16759
24626
1367
32432
749
11532
7313
23109
4386
3137
7439
29479
22451
16438
23700
24363
9493
1454
25909
16399
720
15607
9234
18570
28289
20565
20743
23939
6983
20492
18278
11412
14157
9605
5291
15354
18310
3751
23705
967
24555
24408
169
24491
23367
24692
6517
28380
32577
15166
3522
31422
5658
12706
30719
7052
491
7097
8552
22092
22361
28580
945
23022
27251
24626
18538
21696
24801
9032
16860
30631
24685
25829
124
5097
1107
25059
6914
7133
21350
5509
14325
8446
4902
7318
4101
12746
14133
27891
19941
15987
27271
3467
24984
3675
26625
14023
26643
5349
28245
6461
27882
10482
6297
24403
20964
458
27659
29076
14259
17826
23802
19535
1238
27496
17246
21328
955
19438
25849
631
1765
18224
25498
7771
18886
393
4438
13073
14581
16526
11107
28354
16821
13690
12745
29622
27866
25624
18938
954
2392
2695
4091
6155
5372
32175
25521
7680
23867
25968
17117
1484
9216
11745
32216
12920
20838
12171
111
574
4673
32653
3430
16707
21476
29150
2361
10217
9315
8515
2082
6832
32452
11640
16571
1934
2313
19302
6579
20291
20212
15112
17465
29991
1043
1352
31786
28747
18921
12297
3313
25583
19140
3787
17831
18081
16680
831
30042
18818
7249
2442
27290
12658
4005
29796
16851
28956
29571
17584
18216
27995
5088
27089
7941
22922
15174
25685
9833
15137
6136
7620
864
27242
30121
17731
944
30309
27145
30310
21578
5142
3809
5207
21464
19559
4285
4710
5248
7459
31233
6608
7272
22762
16199
19113
14947
30915
24500
24056
29216
18399
26954
31940
9766
6555
12623
23116
18179
25498
31699
13964
19357
5305
19737
23195
19934
22792
10289
20497
10700
8427
29281
20724
5832
24867
15539
30347
21129
26218
21199
23177
30214
17739
25036
20273
15275
4255
27120
31418
29828
7873
12665
3766
22990
16473
10121
25491
22564
9619
29926
3648
30297
9321
27325
16840
14795
18383
7710
27475
19693
32307
27652
27722
612
6986
22025
9412
30857
512
21529
9927
11283
8574
30576
8871
4653
19751
9522
1202
11414
28788
6108
23683
27270
14648
17141
27596
30544
14038
17106
19160
5389
25240
6114
10440
10844
31435
3708
20430
29435
16404
27889
28472
30795
32547
9009
15388
10384
25804
25252
15959
24596
31147
1349
9595
11580
31726
8284
28667
18127
8158
26957
20238
20573
10178
23713
3372
5286
3996
11320
27678
31141
5509
32310
1804
26445
629
14373
12291
6905
21199
2245
11226
4252
28953
23681
2349
31151
17589
21842
16418
14678
25933
5974
16998
22045
11333
25017
29274
26789
31678
5251
15459
16768
12022
2186
22398
6584
14956
28109
25158
25576
7663
26639
30160
28116
2056
20318
27489
27154
31325
18168
24310
1428
29131
2253
8677
3354
5828
11152
12449
13109
2802
26007
20081
10301
1723
22100
6767
31726
22384
28648
19151
7015
27821
17550
24157
30570
7762
15445
19045
16514
17821
17455
16362
19628
27314
15400
31911
29349
1556
18842
25272
9071
8008
786
12763
31455
18582
31714
836
24322
17205
17828
32251
21788
5219
1918
25787
32020
16913
17438
13343
9792
25088
4409
4246
22696
11187
424
12831
29434
8482
26886
907
10937
11977
32442
31969
25138
14304
24541
951
4149
16895
17619
8093
1337
26034
24503
18459
27675
14945
5304
17916
8820
27330
4805
2085
27214
22028
2240
27520
9214
20759
25882
12433
1980
21074
31600
3179
31507
31319
16315
10171
22766
31889
12954
30963
642
16919
32217
26254
988
1050
27880
32241
11614
24638
7977
31193
15336
9315
28900
25753
12550
5952
861
25646
6493
19578
20992
1602
16882
7921
13481
14839
11832
3944
29318
15828
4456
26230
26111
27885
29255
23714
6431
18546
16134
29860
20561
30007
6485
11675
4433
13388
14783
13493
15307
22682
17233
5847
11012
3164
3699
1555
30589
31940
18220
21878
24719
26082
26293
1474
29387
21474
19707
1594
25832
17914
12963
22420
26911
11996
9315
27116
15157
15004
11447
26625
5654
22820
5771
27915
25551
7217
17652
14865
16980
14937
31715
4397
2614
12082
26863
20365
28317
16904
21392
21116
4320
31021
9453
2383
5403
10652
31916
26671
16705
3861
9790
5981
21262
14935
11701
24389
2218
8224
3844
12779
30908
2427
28301
28092
4193
3661
18757
4029
16815
8027
22499
8892
29836
28434
10042
16070
1096
8741
6602
19698
5151
10028
28149
32155
1740
15959
24331
17731
25327
20807
21005
27176
17346
3595
30097
32215
26575
23491
3352
13949
30134
7414
1692
17909
26511
10664
5134
20619
4488
31560
7199
5391
30510
2913
23338
6506
14847
8832
30229
9570
29595
22321
29282
32404
22206
28139
12787
22956
6348
1762
23312
11209
980
26847
12505
21492
21078
13922
14228
28907
4127
8785
22283
14217
26326
28816
23170
26567
23241
17037
31292
9000
30969
29658
17558
2135
10714
31818
1443
1275
16429
7267
19781
18754
4540
3810
14357
24445
13742
598
19295
28584
24076
5923
9933
25259
4292
22291
3223
31629
10976
21242
14695
14777
9611
7537
30503
31957
32429
24758
7993
1934
8901
4201
10784
25282
8378
27161
15742
32150
1912
9260
20988
10823
10074
17733
32722
27752
2439
21539
17803
1248
12343
2674
14530
12007
25276
21046
29416
14946
22047
27899
5761
1171
24363
1153
24123
17859
28916
26097
26389
32606
8601
26978
3947
8405
2060
7134
10850
10221
14461
30200
26683
24005
4313
27906
4619
14242
16070
430
23248
24145
13999
29499
25494
7319
13603
13434
28491
3123
333
23710
31682
21555
23604
13653
19826
1018
1069
31509
20691
23395
14747
10642
29842
20149
14060
11312
23994
28720
4362
11953
15195
15638
3294
13332
14755
14856
31912
15169
31041
24719
27501
3995
30774
2985
25405
4151
27285
21525
29957
16317
30451
27993
21087
16196
18191
20475
24168
24193
13891
5990
20038
14429
16697
15772
10725
32279
7818
14838
9526
8295
31736
8318
27032
12410
5937
30244
19526
12992
23340
24819
1196
27235
15383
16226
16032
1648
29794
24255
26436
29334
31966
1001
3480
21744
8474
28357
6082
20351
26417
22188
11954
151
325
24496
17523
7192
24136
24838
27526
23691
18768
18877
26186
24215
17094
30497
4067
11305
18024
5955
22008
19574
28269
334
10271
22900
28259
11640
30122
8392
5519
30622
20582
27668
16121
32509
16375
23243
6375
22429
29057
32377
7519
29040
15467
21115
10489
443
22148
29853
24368
2935
10599
180
21192
13699
24802
7354
32207
16683
31796
29926
15903
32491
8269
8570
7280
23549
18617
28554
12186
27337
13202
28181
28074
6259
2584
7683
31517
30907
15761
418
24568
5291
14448
26530
29314
25879
22078
15645
5123
30051
27999
5243
8158
2508
31188
32610
29897
2153
6200
727
11350
18694
17907
16592
19036
7527
15922
8237
1610
20523
28817
22105
28867
7776
18751
28998
5972
13332
29223
2752
29680
8319
2639
24840
1225
13963
29985
31520
3416
2370
31704
6185
4793
22703
29795
6799
19447
1144
10570
17810
16280
22099
15445
31138
21550
3645
21964
30374
27833
20687
15409
24157
22031
12375
5307
17243
1612
1376
32226
3784
23166
9192
17968
29069
15917
14122
27159
20783
30472
28886
1826
21158
195
15241
1265
16706
10774
8901
10555
6168
15358
4362
23998
1161
1591
20575
11538
25655
19784
9135
30634
3778
23588
4670
419
15335
30632
16098
27238
10826
3418
1610
12647
4250
25824
9491
18318
24222
15091
74
8985
16444
28199
19523
7246
17448
7201
4506
6165
5933
19579
11358
13962
4934
18669
9477
17451
29420
11825
19611
29981
10344
22638
22604
31125
19121
10824
4236
1020
739
1619
29805
29205
22708
17473
12291
3293
12506
29210
7608
7139
21985
29774
29032
18349
9834
24011
23157
15690
9313
17191
27410
16969
6500
8576
7344
5703
26812
22685
11346
16382
11386
14847
929
14957
8837
20643
13759
14100
2316
31370
20533
19453
14725
18139
9545
25153
9077
4746
18980
9178
8750
2168
18942
3655
13433
1640
4324
13151
6787
18118
11241
14285
15139
7020
25243
4195
11762
26833
19903
14534
26855
32325
10893
27691
14632
27626
1584
7037
864
29478
8962
5706
9484
22376
6330
5304
8406
29807
15302
25832
21005
20604
19141
4214
3879
26345
24517
28483
29295
16067
1156
31466
3402
7079
29536
19335
23429
11809
1393
25717
18134
30551
7323
6042
31788
13261
29624
22953
24928
27292
22691
182
23252
24749
18986
30922
28228
28542
19849
3235
10100
18220
19648
7600
15044
25833
24713
20210
14116
17273
32763
30449
28723
10980
10354
21397
24277
13349
2594
15590
10630
16765
18370
24086
4677
13289
8081
18578
16517
12718
27000
15515
13394
9623
1938
4214
13470
11396
13384
32470
19375
3372
12437
14291
30200
10313
25947
9306
5419
16897
32119
14952
24161
22517
25785
4286
4501
24590
17047
32426
29012
25997
19912
20094
17595
23054
18400
7807
24715
5201
10038
28124
28898
480
20029
29098
28182
14580
21289
7547
7295
1854
16074
7349
25276
10502
29043
7500
22811
25170
11553
26964
18075
24132
12069
32067
4407
12933
31772
19015
10884
21602
24827
16780
24256
8202
25671
31387
27651
11399
788
24469
28998
25958
21980
16964
15774
9473
12956
10649
22286
14589
8421
20017
16683
25365
20710
4664
18135
7541
26559
19984
32116
13186
2956
9092
27812
5940
23088
22237
14937
5340
2008
29316
5527
2043
5538
5131
19637
2437
32678
7963
4533
6284
12087
10390
32205
5922
31213
17817
9268
8682
27532
19672
418
29879
22345
2580
4091
174
2654
1235
26073
16121
1766
24988
4674
31764
17990
17149
5974
16888
25747
493
12646
7431
28074
6282
9789
14803
24138
19850
18077
11606
20921
2909
14551
8986
22724
14532
422
1007
8048
7660
29077
30290
9908
32407
32318
16461
1459
31216
11798
29275
6299
22960
1545
6557
16955
22894
28250
2930
7670
23273
27047
11944
12721
26981
15004
4752
22181
27359
26362
7711
21137
5612
7314
17900
2169
20043
13717
28576
22435
22530
12040
8573
12188
20470
2262
32207
28284
25397
25287
20133
31030
16214
30119
24013
28896
6423
29016
5995
22702
4969
18471
17807
25852
27603
16336
9947
19271
16463
20718
10726
3770
32524
6251
8579
32247
23923
15617
6172
20939
14729
4693
24631
28179
12783
30779
10638
12003
8149
22850
6170
7808
8357
14796
3173
26646
6938
19315
4937
23125
21829
23581
11145
19005
13899
18426
3695
22731
18893
20015
18192
3032
28344
14296
18716
16475
2689
6801
13326
31407
17752
6535
31033
21109
26268
1543
5402
1128
19949
8534
29177
24150
11465
6984
31546
18089
32688
15025
18277
27132
14608
6215
28981
30270
28479
10962
13051
10461
9523
23135
81
31905
3598
10879
31664
16771
11878
25499
9815
4321
17171
16018
3381
2942
28728
2089
14379
2762
8905
11372
7588
14188
6093
21379
24837
8573
2302
16247
29378
26029
16906
28375
4527
23455
24392
29166
20240
25936
21844
5018
4690
8126
3140
18229
24371
7520
29867
11932
7357
26838
13257
4317
25210
10810
26571
1892
3831
1326
3186
3595
28014
30401
27932
11605
16475
65
19723
13220
10323
6017
20190
226
24323
9998
26133
26102
18245
12775
9069
6958
883
10993
15936
19655
27292
32024
28705
16185
31900
27447
2660
12048
21496
9321
9804
23843
12898
29330
10036
13352
5489
17589
4867
11621
2319
19998
24846
12679
9194
4765
9928
32346
25087
16122
11907
1291
26830
18539
4703
11621
24755
27967
19810
6506
1929
23756
9683
7164
13610
21932
22039
12311
24244
19868
21664
22859
1999
22488
2374
8023
8104
22197
26174
23691
30240
17258
13457
112
31867
30941
29036
11834
15917
1396
29185
27668
23491
18530
580
15671
18338
27440
6285
4830
26620
6948
31492
30828
1471
28377
4365
9004
7202
17401
30692
24131
11689
27425
26720
782
802
7935
14178
2397
9225
14003
14873
20230
21287
840
8266
31023
30628
10255
22127
12547
27976
30885
21379
12215
28968
8315
9712
25687
29068
2008
8814
4505
23093
18552
19418
20265
10949
9610
6719
11607
31409
28408
13660
13118
30093
22646
26105
18131
4295
21119
16606
30678
22046
22706
6918
27078
19889
19734
27325
27279
28163
29761
25294
8645
31375
12813
2404
13058
17557
1608
15389
11118
32618
9304
23010
25156
28497
25203
17619
5209
10041
13786
15749
296
12699
12404
4694
19088
19800
30445
7843
17090
21345
22649
11385
765
29517
2986
17701
19884
22360
5472
19688
24443
23831
5803
7907
11068
803
12482
7683
13441
11372
30990
29535
20206
6522
16338
16367
21556
1104
16373
32736
14305
23511
15399
11483
4735
26077
19335
4665
32077
22111
30559
2180
7903
17707
5989
28687
10910
25461
6073
21381
18223
27043
19121
10365
25541
30083
30727
32097
20618
6853
26308
10648
21323
6867
5890
28629
15085
11040
3168
31984
27024
1497
12900
11763
27657
2313
29933
20004
17161
5934
14307
29222
255
2933
15687
26025
21914
22784
10367
8872
24701
8952
6139
3498
13613
6361
602
23200
31570
3025
3952
20317
30478
29358
19046
17648
19448
25949
25943
29982
12766
19890
11825
21655
21346
31103
27797
29616
9982
21500
10189
14767
7198
29991
11485
7454
358
12350
31610
22108
9696
1726
7193
19353
10053
20687
24089
2713
17482
17241
25936
10989
18218
31645
25749
22555
1841
19814
4870
18355
32044
1168
1694
12508
22339
28014
4876
30597
6791
2800
24672
5937
23694
8310
17997
23962
14285
25664
18747
26518
26433
606
24536
8637
9884
3511
24443
1546
17595
16056
13889
9678
5176
32402
24947
19519
17406
13166
94
6056
10924
8273
14070
2382
2415
14128
18066
1016
32640
12267
28333
4579
11149
10104
24874
25243
15041
23939
24945
3914
10791
26240
7681
17162
8713
23614
20339
20136
25751
2876
5908
27395
27902
26827
4712
2479
24093
26879
30093
14963
8039
27108
16396
15092
32683
20078
25241
6036
15958
21319
19845
26166
284
22009
30344
11178
22852
31244
15068
11016
14103
19577
14410
29597
2710
23252
23448
13153
5848
6051
30593
30088
3330
2396
8740
7554
21984
7174
29778
13163
17171
15775
12070
4715
2719
23969
7417
23263
14975
27480
22660
9892
269
25250
23206
12880
226
14664
31485
18298
31727
27846
13430
12566
4247
6553
24862
8969
6363
11638
23671
21867
8301
2285
4251
26645
10259
16861
10929
32468
3819
1758
28677
17891
30130
9502
19344
23599
5479
22580
24168
17706
10457
2666
6356
15144
16905
23500
114
23527
15379
26197
14593
26348
11259
8087
25614
6564
6221
13273
26735
16422
22783
8116
25926
21347
17617
4116
5543
30349
28023
26753
29627
14263
22715
19553
6747
8737
12038
29972
3798
23440
7826
31241
29576
21573
5878
13493
6308
13019
24488
27220
4274
25916
29162
2368
3536
93
8628
31943
30986
2126
17315
20714
29537
13758
11974
8753
5649
29168
2
1803
17711
18510
26196
24350
4239
28515
32222
23950
30485
32249
12039
29717
10442
26890
28991
16031
20354
19279
28203
32527
3695
12991
27184
6225
12870
18769
23730
15670
13617
25690
2222
20929
20727
27776
27328
14236
1546
6058
16324
12164
32486
21048
2619
26991
11386
29490
27293
3353
24598
4258
22315
16430
5410
18160
11575
22038
24145
12896
2324
20861
32076
8024
25211
16999
15172
6777
8612
28902
28210
23759
10462
18786
6630
8423
26127
9273
30399
8963
14982
29908
19139
29116
166
13227
7064
20821
32392
20826
21446
5514
29759
14394
18125
8614
30753
11406
1232
24973
27714
16677
5309
30220
3638
2482
2739
22299
8309
18880
12634
4819
8437
27207
20428
22911
1936
30762
13657
16492
7495
12676
29923
9494
27129
30867
12569
12697
3108
19967
5408
14805
26716
22427
15169
13998
9560
6286
32532
6544
10828
11883
4933
8905
8497
13715
28297
12223
10218
31513
19695
573
8804
17691
16877
25266
1011
17371
25090
30784
23367
18250
13342
18799
10381
6650
3929
30212
30205
16889
12108
2729
29323
16863
9645
15137
21916
30848
12814
19517
24542
25695
16987
28947
28197
23913
10838
8785
6598
15838
8094
7238
19142
17697
6043
25664
7342
23991
32670
23382
22036
14583
30143
26008
13179
23242
27284
10094
29344
14369
27848
19639
18260
25669
19555
17730
6969
2404
32678
25334
1664
30393
32735
22765
20194
5562
7078
3213
7696
25067
22023
27707
32148
19409
7704
4790
4140
15111
22554
17701
19772
18884
26026
6637
30175
8439
29346
10953
19127
3356
25565
8661
28517
20507
20229
23956
31388
9831
26181
25142
13430
8962
26048
10294
16848
17314
25006
1555
8179
2102
9885
18040
25902
26411
1261
10660
8150
172
25239
14103
18377
30833
10908
24588
17945
3239
10990
678
997
23244
23426
9893
20311
7139
30122
32014
31047
18967
11199
6771
14354
18907
13339
26599
13814
17053
13733
8432
19564
32179
22605
22603
29085
19337
31959
7418
26573
26755
230
32643
29420
9289
23872
17397
8537
4025
7265
17526
13289
15503
11810
1371
6364
16933
14807
22305
23534
10724
7474
21982
31646
4037
22224
10260
18875
27936
21905
4658
26702
16956
10420
19664
6796
10049
131
3885
1825
11226
24427
9279
7417
311
25721
8063
21680
18339
8643
21862
7922
30570
17717
26346
29083
25506
12825
28732
20793
26326
19407
23976
13124
27226
25056
32642
28152
5717
25757
7724
21793
11866
14953
14780
14644
1274
8122
17649
11589
30252
25260
16420
9102
26105
21894
28369
1138
5121
18539
4411
3667
21174
28956
10243
15843
14984
1833
15060
17257
11011
20923
3337
11081
4602
21063
6609
7987
13339
24025
7917
23755
31971
24924
24423
8012
19305
24461
19181
28088
26351
24110
26675
19449
28312
8261
10020
7572
4508
13813
4149
5422
5739
14406
2017
24690
19690
21009
32075
9208
8284
27907
23217
27703
2372
16144
28087
29490
19530
17160
470
24191
10177
7249
2069
3326
24045
20661
19483
14596
18873
29429
30868
10917
4109
32696
9612
26549
17523
26250
26027
6064
18061
3912
5983
28944
1969
6270
3589
14391
30086
1815
30691
18276
16041
22808
1174
3955
2751
6669
28295
11545
21614
15647
240
3807
12666
1070
27667
25404
5932
1568
31115
11821
21239
9142
15746
9276
7763
990
2276
23826
25180
28998
10671
4783
30935
15925
12356
25032
3813
8252
20990
6329
12750
25015
30787
20266
5527
15257
27979
3490
29769
3646
29192
25340
9768
14516
20851
10489
14443
13269
23436
4740
10467
28053
27989
16251
29772
4273
2648
25355
12862
28314
31275
6448
22242
14663
8053
19091
24667
22336
17519
15164
11995
5380
20145
6343
8204
19698
31753
19066
13361
28988
30272
11205
3710
31445
19750
8797
22666
5593
8962
7361
27867
22360
18511
8760
18423
24582
6619
27153
6236
21346
8644
19641
23631
9207
2775
19657
7426
29391
2407
5424
4593
11448
9032
28998
8841
25524
31413
3622
2059
7963
10852
25988
17265
20680
29546
26953
29951
7564
22892
3842
29850
11206
17553
24610
3443
22271
27638
9631
21161
17787
9063
25637
31029
13891
7435
3488
14017
25224
7527
831
2298
1086
6675
26491
18102
24119
5806
32367
30859
6014
23510
28403
27847
8488
31908
5769
24812
25247
15648
3151
7442
6966
5915
618
25191
12085
4028
24338
4521
30299
29857
17265
6690
20132
17544
11587
19077
19596
23852
9509
1890
14822
15441
2703
5467
26326
23169
10119
11382
18557
21349
4400
4018
1693
23851
8708
10141
26631
5492
19843
1682
9500
4675
5836
26572
24340
53
4636
25256
7033
31969
26545
21739
19967
10877
22432
12797
30268
6110
18371
21840
8813
5462
24992
20072
7651
15899
21396
11779
31190
9552
14716
9667
9453
7344
23990
11490
6986
2479
29120
11700
32435
14888
6129
27047
985
22274
31550
29549
6818
20651
9056
32404
24495
26124
28498
26752
30831
10341
6156
20881
559
31322
18979
4860
14549
4635
17646
21116
13197
22462
26668
26046
25788
29386
31140
8062
21291
27671
4019
4643
801
30574
7318
16130
26686
31491
9024
5165
18936
17486
2433
30063
28457
13854
7752
21579
23089
28516
6453
6192
20817
27128
1626
11562
7281
23113
368
13940
7306
32352
29859
19452
20393
2576
21395
31620
19580
8836
17435
4029
28152
11699
1609
25347
14609
19831
13821
14960
10351
22227
27403
19408
31561
27616
27808
27843
16729
15510
8237
10869
28927
29398
27733
7826
16115
5400
6592
13443
29859
22201
8365
668
12499
7075
31917
13335
31129
27942
13201
17235
3768
31781
14644
30858
6584
5994
18824
32689
21076
23021
640
15988
15237
9000
5167
26983
15534
18452
12085
14371
9064
30979
25220
30511
22063
24298
16976
5976
3109
6461
9038
10407
3816
2369
880
29683
5654
5677
16916
18180
21511
25441
19986
9693
4952
18972
17497
29601
8479
14288
16136
9548
5959
18792
1077
6239
6320
22446
17211
12777
20622
13350
9036
25361
30957
9984
31281
29467
32432
8015
24839
20471
3740
16860
1898
16171
26087
17859
7009
27508
7123
6865
22445
23062
19788
21252
2378
1416
14492
10846
917
26086
12381
910
24490
28623
3351
1687
20775
13275
22484
27956
12086
7446
10529
10414
9191
28670
17561
32159
20741
16276
6436
5226
20602
25556
28093
29089
31530
8795
19780
11254
10351
267
1126
24061
7197
17847
12313
10896
15505
6572
16367
21688
1209
621
11565
20762
29496
32749
30096
29571
8778
23632
25985
27991
17219
28726
23096
10043
16045
3633
21435
25500
24080
18167
3984
2145
11443
22113
29530
27183
6672
2154
31466
25147
21802
1083
32272
11183
26704
7677
7842
28451
8352
573
20221
10387
5861
21118
25542
12810
9163
30186
28106
31317
4134
19960
12978
15397
15774
31511
27329
16093
26432
10779
7332
19531
21349
29512
16082
1886
2131
13333
15745
14062
11479
14366
30547
2953
6304
26767
5568
29976
28307
14294
30710
28514
28432
28098
30840
5514
18570
2991
13561
3740
23096
9088
18697
12863
26578
3705
1907
16620
19244
14847
11295
6741
14898
5958
23767
16532
5777
1651
9228
12076
31545
10164
28243
15285
4615
6287
4284
5484
3760
31708
220
5065
19276
27929
5518
2906
19816
22729
19915
5598
23614
20234
23102
420
17910
2720
7819
21983
27996
22379
11674
18424
20126
14713
9202
4053
12426
3654
1542
22352
18225
27562
30842
5372
2202
17863
7292
22651
11590
22504
4308
6676
14857
22408
22991
28463
16415
27829
27992
30591
20936
28538
2805
13936
22158
7425
26692
18913
12710
20207
19618
6636
9991
10286
13015
29349
25202
21234
12003
5734
5256
8854
21177
10010
4530
2677
17511
7441
26099
31774
25380
18433
20780
11639
29861
27044
14775
3305
30424
9734
21140
2493
26988
10949
24061
17157
8433
17961
14750
17724
12226
10515
13315
15784
24069
29762
8417
5763
26431
28452
25863
21071
23126
28669
26382
32646
23774
28116
12007
21186
18142
342
24698
3252
5040
13249
23892
23540
15034
18037
14673
9689
16774
28314
26980
11834
14719
27972
25520
20692
27320
11543
13079
4352
15600
27508
31992
23498
12200
5691
27188
3054
20126
22328
11337
743
24360
2618
30473
11729
26980
10747
7702
10659
667
20937
12332
18724
22916
9902
3915
16294
9030
365
25340
21970
17470
4711
14315
699
32579
1759
17366
27848
6338
19631
32427
32696
4421
16548
24430
20150
11906
28510
21051
29887
5688
3615
17614
23079
6410
890
135
4434
12686
30901
26360
17430
22514
28025
12191
27502
30005
31595
13287
1870
12551
11953
17034
31254
18805
16663
13266
14456
5562
16330
31620
4677
19897
19507
1901
15696
32763
29574
21199
17424
547
10139
2216
27001
917
22869
14775
4805
29392
6466
368
7498
29804
13624
26177
20201
15835
3463
22101
32374
6967
19881
26958
1466
22609
21017
19895
27119
20312
7931
4835
21853
9543
12873
7552
20
19770
11469
31986
24986
4081
28839
25903
31454
3672
32353
22292
11773
1597
30372
13632
1834
22535
27640
20770
32234
6014
2943
27707
8663
11987
30006
5002
29605
541
9407
18340
6046
5649
4088
19630
30403
28455
12997
12090
5956
15679
29975
32372
18827
12982
6548
20818
22199
7304
18439
18325
2760
25551
29992
12141
3905
24082
3530
14454
28353
1407
25189
27559
3571
26214
25813
4182
31132
28190
12523
20618
22797
10896
10504
5756
23279
16088
16387
10138
9374
28953
3766
10110
6583
23584
13601
21271
2836
21931
32270
30156
19026
30718
30778
23745
24697
4832
12154
19837
26824
10082
4943
3205
17098
30300
17530
15832
6437
8041
28734
22474
14211
21742
21718
29825
20226
2160
21969
14627
17499
8156
12909
27086
28255
949
19591
9606
5619
10415
4526
3781
2370
14103
18177
7810
32739
32003
28872
23153
11271
21295
26725
21182
24466
16259
5134
17938
21706
31067
25935
3759
29279
18065
32390
19538
1742
14196
169
18543
1402
15129
10978
11632
14712
30898
15477
29322
22955
6042
31004
18882
273
13147
5829
32653
19393
32704
18805
30532
10794
2320
22062
31074
14769
512
24262
27191
29747
12558
869
9111
18233
13578
31485
8495
3804
31422
24571
17382
11095
27465
9835
12806
28524
6231
17309
8356
20004
25149
16820
14374
16576
31435
31611
20853
32511
19829
10940
14964
22232
9819
4904
31030
7039
18569
15743
9154
11069
17689
31221
17468
27225
9631
14869
2330
23184
3920
18208
9373
19474
21810
31492
11953
32098
11668
27372
13799
18923
5626
32472
25440
21477
28543
13700
17084
30882
6173
521
23479
15601
21817
9838
2905
32013
14793
25330
13805
16275
15685
3312
6195
27154
1148
5700
20116
9335
22972
28171
20889
5570
951
19781
23194
23453
25459
5893
493
1096
4095
28169
28130
19823
26023
17914
19573
7207
31963
18019
8514
20787
14202
6561
25921
32056
16310
3167
4507
20662
28210
28034
1476
17725
24758
29480
2004
24946
5549
5539
1392
27874
19268
15942
1467
4792
6078
24765
9775
28689
27577
24457
6638
21151
12629
19816
23669
7360
17807
15030
8843
14868
6996
302
31007
9263
17333
15503
6973
30026
22802
20796
10389
19178
5626
25388
8262
12613
1638
12174
10737
26516
19252
15942
22229
21304
18750
14584
26797
12519
6533
9611
11926
13633
11538
7316
8022
11074
9869
22060
9186
24430
9492
5058
18426
6666
24589
16331
637
16258
3933
12964
14188
31898
19327
32142
13199
27989
23522
15599
20244
6834
24051
4676
8365
20666
9554
30625
22035
20429
4344
18582
1651
32161
9443
187
7207
27939
6455
4430
28797
3690
20324
19649
32516
20377
12120
25610
7551
7664
18817
13339
13544
12672
31585
24470
20202
28991
26490
15558
9814
5073
22343
15211
16286
24177
31848
17090
12534
29509
450
20596
6631
7620
13459
20598
25327
21169
26469
7892
13952
23308
12441
29808
3098
11494
20533
1822
31704
4516
15324
8308
18048
6676
26251
1943
24281
21092
18496
1075
14769
32470
8372
2485
5891
1545
26667
6793
3953
12866
29668
24184
2110
18528
27543
10099
24617
9936
19656
5056
11486
16947
6140
7833
5348
29988
15548
11940
8295
328
30321
16512
23221
26232
31683
29185
13243
25528
8693
9475
23351
14586
3155
4840
23600
31995
20446
30235
14970
3759
15402
17517
25882
5545
13848
31807
23072
24757
8022
3224
967
2904
1645
17158
31360
10250
3276
3438
25197
21446
25114
14458
28895
20315
28914
17295
5528
31814
435
32176
22204
27195
3325
12324
5162
20142
32366
23540
2629
21262
30240
204
15071
23095
5200
3187
27821
8808
27258
29121
17872
26192
14245
16141
23578
30907
1905
16658
17725
4888
23755
21838
14714
12331
26971
12572
15754
11778
30599
9681
17219
22566
32568
27747
21224
9286
26531
28026
23903
31922
16728
898
10700
1080
26715
20178
23625
25199
32670
5851
26974
16267
2763
1521
3503
22316
17888
6814
22769
8033
11632
22433
23664
22552
26678
14884
12803
18337
8390
18780
17609
16521
11749
11188
8239
9473
19530
19706
4205
6829
22299
15240
31151
1292
10825
29337
16586
25435
16418
18049
13714
28565
31707
27906
1160
9914
31325
23648
27106
4265
15775
17000
8227
21899
6028
22411
6421
569
25325
25914
23090
32053
30076
25200
10865
3149
8331
12210
29460
14650
11622
13119
17494
7259
564
21530
927
4475
1085
26027
14887
9634
10715
5762
7707
21223
8629
526
23506
15206
29953
26982
3114
17790
20137
11152
2127
169
30147
17054
12384
32531
31507
7551
14870
24875
9528
216
30023
24081
26194
18240
25321
32062
14168
9629
3687
21234
12646
29249
20865
30538
21753
13655
22922
4101
16363
20249
9383
23231
7550
1565
26095
13478
7340
6526
17566
30028
25270
7606
23413
3493
24618
4330
22849
23441
4178
21969
7778
2328
6433
1285
23475
28608
4033
24064
20293
13286
20724
22126
2522
17655
32251
9349
331
5031
25446
5821
22191
19448
10584
28567
26786
15435
27986
25137
11310
29006
20821
1528
26852
14091
6802
23879
29158
1027
30679
29703
15251
10794
27883
5201
2783
28638
29150
16806
19376
12054
12442
55
2699
31961
9547
25557
12874
28992
27291
16761
25795
23912
19353
26798
29967
13696
26050
24967
14725
11046
18700
32059
20513
15762
17048
10458
4519
3651
26082
31879
2753
21415
31781
20573
11103
2223
12268
30180
9078
9252
26944
24547
17179
19726
24734
16889
16455
4939
11313
9880
17276
1310
24152
23464
2441
4385
2800
20985
1239
12294
10468
23825
607
30
13572
16646
15392
25928
8664
7925
31072
8709
20546
11010
16173
4830
13127
13940
3960
9471
14312
32612
25968
18867
7325
30315
16599
25363
911
1234
2352
2331
5884
32348
9898
23734
1794
19835
10599
30928
11927
24046
4625
28782
18589
23313
25023
6643
4541
2462
6779
25528
4639
1717
30159
16130
18700
8399
24599
19140
21722
16654
3942
21300
4697
5492
10752
22005
30819
358
10874
3136
701
2375
25922
4211
19247
31273
21671
21424
7841
11649
6103
12812
8251
14296
31122
31299
23917
18392
2532
8087
32696
22406
6437
2300
32154
14997
3379
11938
32341
26943
24526
2629
21953
27717
11413
30497
22552
19179
2599
503
6407
23847
22590
8446
14861
21601
8999
23863
4569
23791
19748
17210
18276
7264
7197
4716
22979
23406
19203
15614
31020
1907
21023
26860
17603
22309
31409
8124
17263
19201
22462
28488
27193
5833
25577
23964
19309
18267
17307
19328
24635
29122
26380
27986
20327
26734
8417
5543
1320
2125
24569
26060
4527
2331
6449
16811
9853
18232
1419
16617
13630
2641
22835
11357
28555
27705
13287
24112
2316
21752
7329
4972
24419
18391
28409
4530
2742
2364
6317
10604
21016
30662
37
24483
29642
14887
11432
5450
21441
22531
2325
28615
5804
3114
16792
10575
10645
1871
15465
23823
17915
7973
31397
21806
10018
30411
17640
2910
4665
13711
13545
32070
28641
25973
23274
20636
12895
19007
24632
21788
12943
21889
27086
23441
25249
25533
16823
16919
16080
15416
19951
31033
8359
23559
2469
17787
18033
26335
127
6320
23903
3147
25587
17966
5504
21745
3993
29937
19180
23177
25198
16895
32026
4172
12129
17871
11979
14369
4789
15580
7297
25897
7269
25465
16169
6621
10525
26764
23632
1036
546
7489
28575
2996
20650
2275
3418
12482
3067
15425
12920
550
4583
22670
7359
927
19319
28040
25301
17886
22963
31833
1634
32289
23610
9363
8619
24155
22561
16658
31978
24762
22046
30611
24941
28859
12527
6122
15077
12307
1324
622
10568
21637
29957
13845
15944
11345
19211
22763
32397
16711
6409
23535
9232
31656
28447
31302
27768
22223
17562
15355
29825
7543
12615
528
20352
2019
7946
28796
31610
12791
11037
18266
2960
22656
24278
28006
21555
29264
27040
14045
21351
19112
14553
4026
25520
22074
19091
4181
7718
3484
11687
26190
27877
27470
7823
19378
10536
8525
30265
5797
32535
32708
16563
19743
26814
26673
29829
25930
14522
6723
118
32048
4532
19746
26815
27136
21162
21999
4108
26514
11449
18248
2929
13245
6170
12762
18398
16834
6618
12063
14967
30870
21808
22502
4401
8881
13642
17717
2096
19816
23584
18232
31926
25841
2496
24619
2999
2190
30317
15912
2381
359
12858
264
15351
87
6653
19400
25882
16832
3863
14636
1544
30144
31516
771
29156
25894
28234
31866
6431
21885
18737
1854
8323
24374
5177
4490
5771
27325
5273
524
25262
9050
16023
25068
22454
26698
5537
22849
20690
1324
31315
15809
28748
2536
22902
4246
27479
15252
8588
3015
3482
18017
6795
3146
16772
56
10449
28179
4492
32092
4781
14259
3461
13750
8384
15272
29751
998
21931
1259
31215
7455
10744
3597
18475
31933
499
26142
28621
19229
11088
6693
26352
12029
4646
30618
1649
5102
5795
7230
3344
7805
9579
18715
24213
4348
30577
4765
18052
24353
7992
19533
14391
18113
6009
26665
23591
11877
27471
17380
20712
13135
30053
15713
17774
15139
29928
10015
24147
29280
23502
18936
31773
16394
10408
2225
31080
31140
15383
12170
2104
4712
7312
17365
30497
1615
24997
4382
30265
27233
21025
26041
30233
20880
5597
8623
10981
27075
9766
7535
27761
15021
21940
2845
16959
18412
14575
29386
1130
16453
27826
26577
32764
9868
26819
7014
20300
4644
12978
28692
5111
9932
5299
16448
30091
31539
2684
3374
23843
7393
14946
146
4388
10283
17628
20340
6405
29425
32526
7577
14423
14747
14861
7604
1206
7783
32050
11055
9021
16350
6298
23462
32101
1608
20812
22986
2298
13820
32655
5224
10559
12173
27550
24697
27552
22938
26410
23938
4792
9503
18226
4519
30147
26994
7686
21508
22328
21098
2902
8216
10611
2855
20980
28239
19207
25054
19432
1353
15252
7951
13755
3021
20975
7479
16676
29488
8289
9969
7161
23907
10483
1415
31700
22906
14579
23127
11350
8320
10005
24619
30106
16823
31151
3939
24312
11766
11866
11727
11818
10511
476
12930
7031
17669
22923
31344
21495
6807
7712
29981
26083
11560
6323
911
3545
23919
26979
16291
3207
24388
6507
4152
29240
23569
17698
12459
15013
28777
21666
874
10530
8244
4384
7187
18537
1270
685
20724
15206
25876
25064
19421
22908
26200
8943
23883
20076
14220
28553
20258
10355
5826
13805
14885
20438
28093
18919
30109
31026
20293
10058
7408
1039
6791
27647
9089
6903
12180
29651
43
1793
28310
25200
29023
26110
18022
30053
6681
19869
9661
29006
30162
5268
6782
13688
14718
5534
20071
4026
20587
23079
10022
29299
11839
15466
30398
5646
20623
16064
10240
10905
18317
25985
11330
8310
31981
25806
10610
12975
28547
21034
6219
30036
1736
27658
10816
7969
19303
4742
27983
3015
2532
20690
1769
12001
641
10258
19230
11121
5684
17774
24316
14661
14555
3896
4335
17686
22135
9817
16409
31004
8468
15077
31909
22302
15162
26484
14109
26656
24819
22465
9764
11534
22064
29997
22967
22391
27977
11189
3538
12753
4135
24640
12290
29972
6033
21508
12565
16508
21302
7073
11246
22418
17963
29219
22187
19060
4731
7522
27002
28980
17863
31222
29486
2881
23880
29262
8759
29095
7706
26213
1208
20203
32221
26877
17396
5826
15699
26320
32319
4028
31215
30609
16534
30949
1824
23277
6325
5329
20885
10112
3572
13562
13299
17149
31080
17935
22907
15119
10260
4946
29116
20569
4017
25619
21367
18184
318
4118
7606
9740
8639
5126
14828
24348
22066
28031
7778
19138
15835
20093
15173
14482
19110
27584
21028
32659
12115
7520
7459
442
26261
16788
11974
13013
32281
20322
16806
8698
6318
27806
7473
7367
23549
19863
10914
27844
31290
21649
19419
28452
586
28049
1515
4209
23365
5521
13567
3673
14925
19804
18545
31843
29983
4780
17027
16873
1613
15162
4804
28918
9281
13588
12465
10957
9007
12429
20176
27467
2254
6012
31866
948
18094
18198
23305
28778
30736
28092
29423
27212
4762
13018
17304
7569
8758
24304
18482
25787
28320
29001
19042
20043
212
14191
8570
29878
30676
11925
22144
26228
7475
5345
11279
25368
13080
789
27676
15109
6459
11525
14614
16204
10668
24785
253
8403
3798
10972
26603
12455
29645
9280
31978
13446
699
18206
16404
14354
10472
25634
12245
17570
22514
15388
24825
24544
9285
22021
21752
2273
4544
17578
29061
5425
29512
7853
24590
25217
15131
20158
21251
13929
24685
15503
5573
8837
16901
2912
16292
27568
7718
14661
20389
1235
31888
11995
22577
4323
3900
20177
24695
14719
4625
3632
23472
12306
24199
14699
15709
24137
10807
22307
16698
9345
19100
12672
3743
19010
22706
14864
172
7361
30883
27473
31215
3925
18224
5610
24804
16728
24256
30296
14352
15199
21084
29846
31568
26182
18222
24890
7532
1309
16556
13463
18779
19491
20311
17610
31867
20513
11812
1400
17326
30778
9011
4142
21290
14105
8028
28337
23004
4107
18511
23076
2267
5810
32299
25501
14887
21466
4377
16973
30044
18475
6759
7326
20009
25468
12156
19138
24851
17004
4330
31305
12496
30495
3718
14062
7283
30076
32461
15573
7306
2225
8859
8668
17921
12029
18067
10546
12387
30814
18691
965
30170
42
21060
5281
24906
6238
27367
31120
16205
10743
20842
28096
24104
12826
13327
4262
29523
5905
16343
30060
19382
13318
5675
6513
30785
696
27665
21204
2589
13590
7363
453
10921
2712
29143
12720
13972
18211
31214
20606
2278
11655
17512
18960
11797
6752
16603
11067
3290
32064
32740
13075
22714
10237
6181
13822
5109
18492
5631
14558
10676
13855
20994
3669
18743
31511
9823
21888
24829
11174
25550
22073
223
10158
1192
16282
14107
12999
5313
16405
22334
18641
6854
19368
18578
5868
25435
845
30569
15907
4267
14485
10231
22544
7482
20243
6697
10271
28812
16556
30402
7037
83
13215
8910
6589
767
3527
25689
28820
6277
26554
25186
777
11495
5402
22940
577
29901
2631
22977
14557
20330
18082
12297
9403
9671
27612
15782
22340
24035
18571
11371
8076
11322
25407
17645
7269
60
7509
5162
22724
12389
29955
26924
26434
16586
11320
870
18538
24560
25894
31440
11229
24694
3843
6727
11459
2784
28551
3064
5465
30058
3547
2156
10458
19403
15184
29321
22712
5979
15607
24518
21082
3832
25355
21957
5312
31260
4794
24859
23484
18866
25290
1201
19843
1698
32301
13626
4640
8586
11379
23971
3760
7190
24918
27974
30735
17745
24566
14296
11393
29899
6804
23471
4517
24204
1291
30516
30141
6177
25741
29882
30818
10827
12856
1637
17503
20869
11561
29955
31322
29012
31239
25080
15490
19106
8522
23498
28200
5543
25405
5562
9368
24077
2791
9864
30197
22472
7611
6273
5582
16685
28050
1996
23300
16868
30647
11809
21674
13886
16916
14449
31787
9205
27033
16580
19975
26198
20442
24328
18722
32399
11169
343
25182
20048
15240
2252
8527
49
32134
28530
11404
27194
13943
9514
19398
27587
4679
14331
31443
30834
19732
17603
3343
19604
618
15284
7347
12512
18870
11751
25120
31978
23819
6110
14048
26479
23628
5183
8452
10203
9608
3605
19958
29388
2952
12081
20587
19375
10129
13805
22604
17277
7099
10792
23807
9068
20701
15161
20804
14347
1980
1308
30976
1212
505
5028
1334
3488
11970
30815
9819
12089
30431
24690
28136
10559
5293
30835
16005
12091
24094
21385
13443
22261
28571
7545
30762
22996
20558
15104
12498
2510
32050
15932
6223
17287
25893
20996
22065
24983
26587
6902
9190
30303
8680
18870
7734
15512
1533
23180
4371
995
21714
8880
22203
30803
28098
31238
12827
11163
10395
27458
26975
3603
28206
20076
25652
24851
29872
11216
7126
2937
24513
5795
28724
3476
7708
19736
1315
21244
14201
9716
1760
8880
3942
23531
18745
24237
30360
26066
18790
6352
13211
1449
8883
12469
16881
11368
17956
22355
14760
5280
22629
497
8919
2246
2046
20672
5199
26431
28671
4139
8348
16175
17460
30531
26333
6061
25033
3622
10619
22978
10557
8174
9052
577
6476
26429
10869
629
10774
28718
27960
32599
27137
6238
30241
1774
12801
25691
28812
21567
19492
13227
7340
4551
24774
11306
10289
19301
25590
29882
9813
26304
8208
25885
17994
547
22432
30681
5740
22460
26359
24292
19571
11859
7793
14378
17899
16465
30143
31127
9519
6135
32459
5881
18440
15764
32448
19357
27774
14800
11764
15332
8811
9381
25241
18903
12452
1813
30227
26214
4096
6685
17713
17480
19667
13825
28428
27112
5432
9145
26273
8717
24795
17668
29603
20292
27782
333
3061
14159
25377
11213
2127
13190
11176
18159
30055
21472
9548
22198
26651
31954
28448
1801
5775
6175
22041
18585
24514
11658
28184
23311
26023
18760
1642
8128
13917
19729
14311
13840
15863
19785
15165
1015
10331
30020
6175
27941
4950
28943
5315
11740
2204
22672
19148
4855
3794
14233
15804
30104
5249
31256
5324
32081
11955
18534
12889
3017
37
28889
15342
9486
13383
10258
18389
31019
17619
26759
22736
21879
31132
20263
3199
16524
2663
5053
26541
13696
16588
13649
6954
8364
24353
28451
18682
9632
14029
20252
14150
8255
15637
27936
8329
14145
22637
32243
25216
24515
28531
7422
24040
4707
2887
2826
7738
4106
13444
17385
28122
15997
6246
7354
14922
2329
22460
13705
17432
25506
11114
15856
6468
13869
17441
5448
3279
7377
20848
1035
17865
31629
27831
12243
22757
12995
16117
31474
227
30075
20408
10236
15185
7738
22411
22146
12120
21011
23459
30832
16304
18737
10642
2138
14029
6635
21105
29367
22794
21320
32162
15880
25260
32661
408
32600
25734
855
21651
32596
26419
29890
17999
3181
8355
24110
26313
31064
27992
25401
12843
31780
22548
7832
17124
14547
29769
615
28884
14771
22800
25871
9783
3248
1979
2470
26472
4494
10608
10551
25718
27595
2393
6998
12640
4183
14699
21653
6318
7567
13569
30392
18445
32280
10188
15261
20683
29786
21954
16143
3349
15377
20947
15040
13949
7717
15041
6977
32665
8466
14345
773
3177
23411
1383
8910
28842
4230
9463
22743
1042
32102
30402
22656
22439
28413
14865
11734
27906
23843
20266
11547
4251
1595
15556
12944
19455
11631
32484
32405
18983
5463
5921
25010
10471
19349
29429
26749
787
24655
12837
24420
26802
10382
24904
22937
17871
26446
28944
27439
2225
26339
15906
13095
13172
4101
26819
16908
8472
18211
21203
18701
10376
30820
23304
5664
26697
7148
3476
16922
16256
10937
27950
31732
8156
16246
2094
20979
24603
24200
9843
24668
22353
22829
6674
11435
13143
21317
9655
26631
31888
23117
25785
1771
250
8622
27110
11550
15326
29677
12567
19649
17085
3178
19063
13414
20922
28664
20917
24447
18655
6353
31884
17832
26683
24485
11432
30541
22210
26583
21096
19634
27520
5737
18400
25450
25873
20306
6553
30268
17702
7895
21340
1977
8205
16959
3808
1746
11285
32400
249
32526
8294
30033
31913
30105
21627
6273
27576
12879
20345
15995
24192
12754
6706
10309
5935
29892
24038
1282
4567
9374
18100
29430
386
3897
491
15866
12773
24183
17904
12206
3095
29063
25226
18627
18961
20692
11037
9321
19568
7037
13695
8390
12745
6193
31239
3724
20296
22453
9565
12961
29080
19611
14376
10771
307
5220
2224
1183
9731
27655
24482
4797
20998
25883
17182
27218
27434
11790
32472
22907
28651
26877
22190
26190
14594
11040
3502
3254
21294
22514
23081
20259
31574
5056
27116
6395
15795
2629
28462
3424
29215
4604
311
19772
30398
12996
17112
26135
10339
7774
9759
6798
15873
21983
20912
32136
30090
17511
19118
18336
10435
26133
5070
32189
27149
12996
5151
30102
31675
24451
6814
22857
29881
14766
22706
31677
12642
16784
24951
18551
13442
6748
22764
4870
20381
2615
28569
7580
22413
25646
22420
27342
29618
8632
17305
1793
18477
4200
29083
20902
28120
9893
7110
30857
17501
29371
9647
30908
11877
16723
11325
18161
10052
24386
12347
30720
16517
6802
24438
20715
7711
22403
445
28930
29029
30482
2171
17906
15302
5867
29532
4069
27612
25854
6826
1618
24870
3562
21878
29503
4942
1588
29935
5441
5547
11616
11901
15324
16113
26977
30731
23171
19285
25929
24926
14487
364
30550
26847
12961
25148
12192
8950
12280
32550
9817
11948
27259
19043
20506
3487
13356
13423
24770
28304
11406
28492
17109
4519
26830
17360
30432
28460
518
30159
2090
8322
12871
30692
10880
28364
20133
30318
8843
27214
9918
29326
5821
7575
25673
5484
2402
9763
32040
410
29991
14197
9521
31522
6589
20952
16545
3606
11147
23109
23493
1307
29663
22397
1682
15147
19426
31015
7713
1167
3739
27806
26206
486
25403
16298
20254
32023
25480
21454
14131
3411
25429
32134
15325
24996
28998
18710
29513
22092
26425
2005
15163
28631
12847
6003
10378
19056
24054
9046
21036
18846
17993
24016
29951
24980
17382
8229
31890
10371
16033
1731
3817
7980
25813
11686
804
9768
24181
11191
6260
4115
19923
20456
12514
16118
27558
28946
32146
24378
6964
29230
17785
24584
18517
29535
30327
20525
20274
18206
13282
1364
25919
22453
25215
24464
14034
9545
27209
19282
5296
5312
29564
22812
16876
14075
11222
9729
17120
783
10305
2107
15225
17837
32061
21946
24182
29163
900
16056
12700
27424
25128
31454
30037
30616
28214
15347
6300
5591
22814
9208
3586
7472
23387
23432
28460
22789
4605
15269
12916
29221
30448
18683
12560
2541
23163
5992
2014
13666
19646
14112
11494
6610
28541
7598
2787
28364
2769
11269
31644
9499
23845
8948
11414
29783
14763
24981
17844
3553
12610
1513
12778
16273
31657
18371
30276
18928
19577
13822
9166
6214
18737
28489
1455
5418
30042
15854
12802
15696
4106
30725
8684
4007
435
7636
31833
19411
249
23498
16725
30299
23616
4118
7820
20677
10080
2952
10504
14402
2310
2227
623
30641
7252
19065
6159
12409
15884
29354
22320
30245
15752
26716
31751
209
28467
20765
17769
21351
32195
1629
20166
9233
10504
10186
17696
21877
11584
25549
13641
31333
29043
16531
24437
15973
13475
22220
31329
15429
22981
3
22237
10480
23048
2285
21954
25137
8292
12385
1326
23383
30900
29975
22589
11796
28854
8365
31629
18511
12071
14108
19322
31961
25943
17483
27267
14995
31956
28510
5916
21701
28109
2716
27573
32368
10485
9599
25619
4019
14846
25386
2972
14920
1304
10028
8440
26757
32289
32677
6446
31492
28871
11896
32227
31214
25515
22089
2467
28068
29731
21321
19892
13159
9423
32737
2857
1636
22736
27907
23350
27946
26605
27211
12626
12946
24958
17426
5091
3605
24521
10390
13235
12727
14477
29213
26303
5815
5197
5462
26347
24290
31592
12232
10653
26613
20566
18563
11650
12779
31466
20347
10861
22829
27436
14814
3811
19523
18917
12350
17348
30477
2229
21095
3232
7686
26259
2110
15026
6590
10581
26289
25084
12801
2237
6213
2544
24484
5542
14542
31257
12213
14305
9815
5982
5582
19978
3513
13686
22338
11503
9979
16345
10591
15270
5218
545
13770
15520
23281
30399
4533
11683
15669
14987
10307
10626
21785
23015
21678
12200
18462
2986
29399
4124
10489
12575
650
17144
890
9485
6986
30434
30677
5010
25252
17753
27097
25752
29207
23930
440
22488
10753
10614
5554
7855
5992
5177
20627
9816
5267
24314
17454
5790
1439
32556
11978
4748
7913
18497
26843
4781
20239
27373
16338
4878
2316
19062
26583
29510
13266
9196
29074
18224
13313
5361
13792
7054
19793
23663
806
14539
11505
15780
18187
23585
24264
26151
30111
29691
10147
12325
30296
2215
22843
4359
24369
3773
2267
28358
27685
29014
17051
3306
24809
23206
22287
20406
19200
5347
2994
24938
5181
11112
20359
21265
5661
17354
26616
10329
22158
30710
20393
27175
2029
78
2731
18922
26228
21682
8015
1907
19529
15610
27979
26392
25869
10762
1126
15327
19816
27942
25496
14955
24691
23375
16502
23831
25543
20232
5089
21488
24653
14733
14041
25748
22282
10581
10024
10184
20206
24184
23768
21024
9253
23266
21957
28722
2432
9215
2451
5448
18589
1525
16992
32566
8043
23446
9473
15222
32483
19823
25986
32717
7023
23626
6499
13549
14845
8124
10508
12436
30454
16360
29628
31712
900
11151
20705
7634
31421
4926
7568
5017
7102
17344
26469
25503
14216
30935
15747
11655
1504
1431
24290
14659
11215
24421
86
1713
5000
10492
21027
1140
6191
17249
27121
22959
13803
27100
27991
15147
8558
3018
17743
8441
28006
31128
25133
22859
2536
8683
4377
7373
31794
22356
32452
21293
30120
11920
29478
32440
31606
23253
14064
21109
831
2285
19105
9726
28016
4938
6978
28316
7117
23077
15210
7003
6715
10950
4851
13273
29926
24780
3787
16489
20028
4465
31165
26791
2487
28496
19966
6601
11676
29032
13274
7798
12164
14433
28819
27362
27422
16960
27658
13086
21526
17747
4033
28860
23389
31243
27960
1840
10694
10915
32136
7726
16724
27325
27254
23586
28522
22228
23319
23971
3831
1610
5283
6066
17194
22022
23785
9201
12634
27500
25594
29058
21417
22912
7950
7185
18451
31103
19096
3234
8470
30175
24208
8582
26570
1908
20080
8685
16739
19019
29920
29535
6796
11206
15294
18640
25871
16228
32588
5673
10081
11413
6625
11494
6084
12844
9238
17979
30026
14579
6604
30121
30094
16229
465
31238
23103
9615
5597
16681
12556
19184
23422
32207
23964
22237
1726
13836
1259
16090
27561
16896
29328
13769
18814
28174
21730
26515
19248
5009
3116
5069
14732
4712
17751
18575
12671
22552
14084
2320
24612
23462
8773
12946
9998
19857
22442
12305
27391
3938
14175
16905
25437
13800
26590
9934
29943
3703
10306
5228
17646
2013
28548
1859
5763
31835
2836
5264
22887
917
17410
9747
25447
5507
25358
3423
23197
26792
25601
10874
29544
22020
16011
21754
20572
12509
29637
12264
17490
7758
12066
18339
18816
7555
88
9544
3655
31503
26631
11450
23023
29916
7565
17810
19992
19693
13689
15023
141
25897
24974
6295
20547
5721
14580
26662
14932
7300
17744
29045
17672
32507
4094
24340
3295
9506
19773
32223
8
32613
27631
10102
13241
22357
18130
21105
1308
1191
13449
32724
7309
10095
20656
23152
837
24551
5556
12005
18783
987
15705
1557
6360
23648
24939
3965
1526
28424
2954
8570
20558
19698
11362
26471
31012
20270
1374
10654
14164
24747
26323
28056
8916
4479
21175
26387
12547
24418
28388
5720
5424
14718
25947
4045
21830
1826
15348
22819
27823
14958
24361
29974
4604
24145
10014
13465
25286
30990
12619
9153
13710
15720
10454
24942
19496
18326
5117
32324
9825
2370
10537
19574
16921
30576
27155
12393
984
17099
24392
9699
7684
188
10887
19448
21785
373
9895
28383
5483
30452
2577
26800
14460
20692
1506
3984
2009
13079
8455
1557
16504
29370
16732
22559
18433
18208
15594
28453
26244
5530
2224
32085
15200
31474
25879
7859
5125
18632
12986
32718
16950
6243
4059
30845
16197
1617
13820
18804
13702
18628
12260
9373
28375
14383
7175
24501
9441
23167
31719
16961
2703
24772
12057
29724
26934
14952
27917
21778
5817
8192
16259
1566
22225
13128
23824
32454
22792
12887
30382
7406
10702
31776
24329
14283
11094
12042
19451
26399
15251
25338
858
16435
16706
928
26031
20523
11492
13386
14497
27594
9983
12569
22548
23873
17841
25456
10659
29362
1022
28526
7220
23035
1095
17252
22706
21814
32658
6022
30356
15752
9744
6302
11929
15015
12411
27341
13636
651
26587
7679
29765
4727
4178
11480
1349
11558
16196
6549
3685
5885
24652
26281
10501
1732
25225
17161
32387
21486
17181
13541
30772
22149
14324
14311
26532
24588
29412
21588
7583
2749
5986
21366
20311
10396
27017
13853
13039
6315
27246
7691
12504
5758
8351
18510
32513
28409
16397
30387
2279
29708
20196
3014
25692
9338
27062
28118
8385
1962
13488
1090
26479
30594
1330
14788
22454
4472
24964
11924
30348
2008
30698
17214
27830
4383
554
18355
21766
28965
14758
11725
25214
16563
19117
297
28831
18598
1236
26617
16455
14185
25604
22442
8375
24070
26065
7309
29999
879
16338
19112
24950
24602
24184
20451
20675
27769
15797
31808
6698
15323
11764
17205
4114
26671
8189
19309
2652
13775
25810
11024
19094
21264
21633
23759
25609
5030
9684
9695
16732
5661
13574
7707
9000
10335
21990
32458
10728
3518
5863
19972
13280
29435
344
23073
5876
2189
16039
25837
7072
25679
19823
21666
9590
15895
30174
31036
12416
29275
1335
22410
4186
32736
15695
11038
26050
24290
23550
23327
19500
13792
12074
11645
9744
31545
26037
32458
4068
7969
3502
24114
30130
20589
9578
23629
32557
17897
7302
21869
19974
12490
7333
21345
11790
14512
30375
25018
10734
28868
4140
27109
22886
31342
2666
23340
13581
22069
22115
21613
30094
29732
13411
12377
26731
27776
25268
9181
23881
5202
14571
24146
27000
2237
5908
31133
1285
22673
26566
11404
14501
26900
26366
13316
5072
23166
14418
32152
1770
17581
24297
18059
21742
15937
19476
30366
27108
18955
18652
3502
12772
