5270
6622
7822
3991
29458
9675
4831
25253
7053
29747
8961
17022
27596
4078
25233
10781
8083
24934
12284
32419
17727
26558
27225
22277
9811
4743
24931
6368
8203
2889
9504
20255
29010
31215
2977
12888
15592
515
29455
16121
13863
9020
5959
4767
27676
21232
18338
792
2265
8253
12950
12723
1199
26565
7693
6686
11774
20881
16952
6099
27661
5139
26189
2518
17724
32604
6399
29067
2436
5593
30018
23141
23516
28345
21436
17549
21425
19461
15221
25063
3635
21957
12340
3209
10897
7219
6133
22216
4113
22340
361
13576
969
21864
28327
12901
26681
15245
5144
3134
15599
16745
21803
2988
10686
20993
9130
2440
20576
22600
21293
9395
21335
830
5179
22929
18077
27422
17354
5948
13280
18214
16222
28947
31093
20802
5631
19323
30192
12712
6246
12274
3244
15663
11338
1618
8066
26035
24614
22916
18591
24749
16634
5532
26232
1174
10457
2298
16930
8089
3312
17391
520
17290
16479
28666
28212
14596
21415
20057
3899
2113
12270
31837
25680
22151
12837
10389
208
28384
2017
23585
22995
29824
7068
7636
22787
15387
23093
24906
31351
12414
11246
7588
4168
26591
6118
20196
19130
11208
30642
11567
17866
256
25155
6507
1605
3813
15810
6242
23581
25935
19084
17643
32294
9540
31694
12075
13830
5071
2019
15659
4099
27387
11688
7812
11821
22149
17571
531
2938
1689
11369
12833
13051
13410
19009
30546
23938
3050
30346
31018
13324
21788
18174
404
31411
11228
9690
2917
29391
3996
965
7036
19766
22685
17054
13777
11442
2052
17032
27514
19807
15388
69
23290
24908
10603
1230
30225
30251
6171
27633
5199
28993
31665
24879
11360
24710
12468
5401
11060
31412
26182
26543
12172
15397
25829
16569
10851
8160
29470
19424
2400
22399
1132
18044
22301
14526
4364
25253
286
16247
2608
31901
15658
11731
291
2491
17890
26557
24018
1077
3614
25283
5586
4681
11958
23341
5299
9751
1802
18658
24529
8496
26940
27175
3696
26296
22330
15207
20984
13582
295
21921
32449
13888
13776
24474
9431
4721
20853
17156
21316
1554
23863
31022
15274
22057
10590
8486
13496
11791
3646
15503
2050
24150
25399
22100
8758
13930
31561
4111
32500
27236
17789
12471
16393
18121
24362
26735
32748
14002
4232
23206
17969
30655
14342
20933
19526
9168
21592
19820
28018
11374
21224
14721
18827
10809
12608
19619
2611
32090
2852
16366
9963
28248
20013
24104
22228
19008
14925
10055
9634
25333
11532
9573
27662
32109
15941
15578
16366
7364
25977
28252
32644
7971
18721
675
26522
10816
12145
5704
4603
13968
21066
11080
21392
6555
23014
3937
3939
25123
21412
26982
6042
1960
21752
18604
27712
4835
27036
3256
13724
8904
24748
23495
28368
27563
18150
20296
2760
6448
8143
1042
18748
1869
16260
23904
23148
29173
25918
6415
31406
27615
25095
25682
10774
28118
6479
8758
19118
4735
9147
20856
21094
26599
28032
3466
32482
28814
32520
9066
30382
24283
29203
26639
21420
11165
32053
31541
6688
17255
21269
23187
11949
26209
30991
16727
17978
15154
31557
13813
16960
15224
28661
26105
9128
27127
17047
22591
22991
8800
6025
19363
28649
15962
18374
12498
30774
8175
21684
12856
10090
6104
24814
24947
624
31216
32656
20284
27330
31512
3505
31292
15923
16706
14838
15316
20982
9834
11569
938
28986
25675
15848
5253
1383
32141
31777
22498
31548
22088
12101
13813
8485
22979
3892
25597
1611
2758
2096
776
23122
18886
30161
1740
20619
3624
31101
25919
9106
30982
28066
12572
13372
2146
7799
12881
5418
1909
9858
21813
21355
11105
22214
30108
15746
5
29907
21485
14796
8406
27623
18705
17271
13957
16372
23499
7865
2456
13029
15119
10153
22326
1164
20363
29437
12148
4035
15674
24731
22419
18965
28537
19991
1756
11362
22418
6526
14055
22765
3367
18667
31585
25809
22830
16319
17997
7409
10495
19291
12466
26104
23048
26595
8158
2764
5627
12290
30003
31460
31285
9215
8600
14179
14221
24224
22773
23091
24988
7873
24528
9448
8758
10539
16530
15856
25109
21087
2997
3185
6541
18534
12167
8169
17664
32692
18755
699
19401
31849
16780
12156
24460
27122
15972
4989
30103
24008
11808
24825
25657
11783
11643
19132
32755
31370
20011
7141
24363
19495
17348
2771
10374
4546
32137
12814
2731
18904
19353
17305
5627
112
17021
16859
11276
12670
23886
6049
2293
19595
1231
474
31526
18142
25671
26763
2785
4609
16
16317
32604
14741
23091
21649
25990
3030
3545
25299
24999
18306
12423
8846
8368
8574
24552
30591
21941
13278
21583
23077
27616
27592
22529
19058
1803
22641
26076
28810
31358
20449
9233
17804
23814
12417
17122
30498
10804
29682
17256
15761
29739
24990
10873
28781
2225
229
25976
7961
28068
1010
18120
1511
15669
175
12809
32171
11777
31257
4656
14137
796
57
11873
8016
24724
14644
10771
9812
25389
19998
19061
18038
12071
32184
1765
1298
13375
13671
16392
22354
8847
32344
7640
29940
23243
29293
18007
12026
8361
28306
13133
6055
9471
25298
12663
28054
17485
24354
3327
10471
29047
31202
19804
1373
17323
14298
9697
31417
4757
15769
21592
9253
31260
28525
4418
11971
482
15642
15282
8540
10566
24915
27666
20513
6907
5644
6261
8568
12815
2299
13203
16709
405
29501
14474
23804
777
18205
26873
18200
32163
8307
14207
26199
19450
25405
32723
5257
23004
22477
25220
10961
26387
28886
23257
24601
31611
26727
24256
809
294
24639
19672
27318
32266
26081
21034
27062
27285
18297
26374
5117
15709
9387
11439
17683
7859
998
2101
22137
6171
25211
26489
32231
4380
16669
30606
30857
13836
6776
14050
18376
22028
5405
21976
6067
22345
16148
17290
10637
10292
283
17355
2472
19764
24765
26265
27498
9825
2004
8965
19067
91
12285
31121
6599
6555
20198
30319
7306
15011
23064
9757
24478
14260
17557
30591
26767
14848
12178
2984
191
25693
31952
12235
2124
6764
20341
32352
6383
8545
19460
25225
23081
14333
17313
11471
7134
871
8288
2704
17319
1429
28346
16939
18074
28298
11910
24675
8338
25117
4958
8817
27691
31203
5759
22250
3107
19918
11687
6174
25783
12795
28384
31315
14192
6306
4154
9220
13508
31932
3283
25349
28304
25666
5026
29106
24393
28433
14193
555
20992
14878
23361
17060
6212
8167
11707
16407
15196
18553
4801
10172
18403
420
1234
5655
15414
22348
24778
1935
7373
5305
22222
13021
16248
10000
18713
2291
16020
16443
19391
11125
4893
2782
16197
12828
2777
13017
7223
22076
15904
22936
17260
24527
16289
6621
6739
30480
24576
30009
12247
29197
1624
22802
1816
6631
23972
23946
13594
14836
11270
10735
8288
2683
17055
13917
15480
29456
8951
21647
11573
27782
7780
11078
18815
4043
7072
2006
15834
14425
24747
5485
26081
30409
616
4923
14374
2893
26856
10130
19493
29945
13560
621
3970
25203
2363
1575
14078
11279
25716
14878
11164
8667
9408
29478
7110
17918
19858
21677
26927
6433
27398
3733
11491
18694
13471
29705
9982
730
20346
23239
3208
24088
22654
30353
14695
5578
19751
21708
7516
12500
22626
29426
16366
17738
22263
30100
6586
29624
26269
8979
18884
30041
29790
25367
9590
22347
193
5171
25355
10467
24508
27029
4807
25241
7820
13443
8203
12403
7668
8173
1633
8163
19086
12580
17495
17872
11715
7449
5307
4125
26362
7283
28360
28923
17691
14694
11846
22574
31444
18257
13239
16508
7964
6417
4299
16395
6990
9663
30095
26423
32078
30440
83
25042
12679
26499
8240
1989
12407
20371
13946
12919
31727
6589
25168
11278
26586
6411
9365
2294
5606
1425
1795
7880
14308
9947
25830
2011
19987
3958
5750
488
31477
26399
22442
27801
23130
28798
13176
27094
31729
25419
2259
30706
3535
15907
32335
23354
7020
2565
7888
1421
2820
2634
30708
17745
13124
12878
705
848
12866
2920
19443
3110
25928
6096
3854
22955
24029
19968
8070
4264
17552
29246
18497
4738
3437
2345
17970
31179
19934
4181
5435
4231
31586
5195
5435
10899
6381
27447
1907
28385
1465
18568
17562
13832
13776
3627
19123
5897
1498
4258
5032
19414
16346
13260
25027
17468
2021
19949
21458
23269
22078
20177
23826
19228
26131
2547
30862
28190
17410
14888
2482
16902
15159
2396
13185
23622
30813
13610
26828
17924
11451
13616
14630
4139
23783
30813
18778
20190
7253
4576
12056
3513
538
8926
23429
18063
19201
20079
13350
4094
18472
14173
27513
27478
31716
5049
26802
8477
10226
9544
3945
31508
2445
6512
13787
10928
14228
14859
15079
12
6007
26926
8074
22319
5684
2870
722
6441
6459
10766
27604
7950
30722
5760
27091
22541
24326
5159
28068
1226
20139
4745
26118
15131
25180
23222
22840
28407
3726
18874
5238
27939
30968
14185
2636
6548
17474
14855
23444
661
16296
14445
29772
5473
69
26410
4599
2672
6731
28500
21280
15968
20778
18717
2177
31815
32449
5174
5386
28214
30067
6620
30687
26471
4995
8653
10792
19757
3759
27176
10112
9207
2479
3092
24020
12423
31133
13887
28337
11925
6429
6863
5526
4156
4655
22151
23948
17806
6923
12420
14490
31263
5660
29585
10618
5975
25704
9549
6709
14944
8153
27365
14177
25023
27326
849
12606
8311
13728
29181
14354
7348
26329
4249
7266
12106
18351
28191
29738
23636
27926
29266
24422
31619
4384
22870
18324
29378
25390
3512
7097
9807
10608
9560
29939
12743
3701
13321
19030
24763
3673
13429
24733
13365
13572
18574
885
25226
5309
24373
21655
19334
2313
1804
20567
11180
18134
16881
13818
9223
27679
13108
10034
9047
8718
1276
10146
30551
16443
3675
11864
12037
9534
17969
32445
9828
32335
15819
874
27947
1613
31875
556
5598
29131
16791
1892
24932
30494
26501
20628
31761
30172
26181
23285
4903
30843
24311
11572
14677
26934
19506
31200
4176
25243
9395
29003
14242
14433
24600
24985
27817
17725
1366
8291
15243
6565
11151
15272
25019
18384
534
30097
10518
30971
9511
22504
10335
21992
19517
9286
2417
10181
18837
24832
3968
15850
29162
7955
12339
27142
7603
24642
12977
15302
25558
17544
26617
16506
16562
16964
2702
14023
18290
12517
22697
28802
30567
32087
12153
17718
3548
11664
15927
24733
1396
26585
27638
23746
32566
19795
20923
3301
2483
32041
22113
12909
21300
20542
27767
22801
15143
32027
9027
6205
23668
7192
5902
28707
24829
5684
23561
20036
175
14130
32499
16257
26933
26643
715
5527
31904
26730
16892
13952
17856
26863
5885
7445
1535
28884
9721
25105
2778
20926
26671
6095
23296
23890
24087
4734
9288
32683
29548
9218
16697
14569
13350
18356
29223
1533
6904
4091
9876
28030
26091
4460
4140
26197
30615
19361
13072
10792
1383
7107
1603
21176
31831
31986
10630
25658
26166
17379
13793
11612
32263
10406
2157
2777
4187
3229
10568
27424
22732
4035
26423
31620
25017
1536
10273
30755
19922
1568
32035
14538
774
1961
14339
17892
22297
15078
16121
2401
28388
5547
26843
16907
5594
27269
19776
11938
22594
2953
6915
15131
21043
30223
11620
32075
10580
22846
594
8920
30563
13288
2584
14843
19315
31342
1060
18953
32420
16339
157
15022
4348
3247
10167
25095
8575
8778
1009
4126
12139
20909
27281
15875
31967
20063
10086
23404
30189
27351
10196
26882
7046
13119
1806
18378
13215
26814
7243
29196
21742
8754
11920
17473
17970
32743
13711
15797
2618
7028
3379
24713
13774
20006
580
10785
19143
27280
8342
21406
28009
18977
26123
30967
17128
24681
24925
27222
6967
20860
29873
7744
16299
25611
22937
28954
6960
23398
1286
31881
24154
24166
12806
4962
24668
29351
27340
5744
7098
11939
12335
11880
10634
2194
32096
19467
23303
9152
31629
22043
2272
24230
13377
30009
26270
29432
5468
12446
21041
1353
11110
16769
314
288
15591
7113
24074
13786
12153
7656
7302
6106
29117
8501
29431
9228
17676
16450
31015
9968
28614
6703
3850
3007
12418
15872
7065
28414
31390
32239
12135
24704
16740
30272
11906
29768
1296
30318
26200
21562
10680
30237
25560
11101
27841
22837
28991
23865
21237
25914
26420
13283
9619
12747
25284
31992
24846
19955
6535
1484
16854
6275
14331
4936
28459
32249
2320
6023
30090
10078
32358
8844
32170
4086
1107
8595
16953
20103
24585
8762
2681
10588
575
28627
3730
6104
30642
23801
7637
31195
18630
30196
9097
16888
29924
21662
28033
3232
25130
30177
20467
19275
8525
21761
26995
18946
22928
32033
20944
3562
13847
12692
25366
24957
12174
25970
9258
9740
24538
26617
5287
14568
32685
29998
27227
8192
5714
21905
2477
25679
28927
21878
6890
15959
26451
20113
23835
11381
11074
26926
26807
2508
5029
16446
7261
4960
9346
7510
29375
19593
211
18088
4891
32402
12089
29518
12586
18217
22958
12115
24227
1771
27884
2779
23814
24789
13947
23286
22115
14561
1355
31833
12663
10263
2456
888
1465
3719
31955
21558
3573
3576
31942
1471
22238
6795
13270
17849
32719
3350
4366
16367
3498
19756
2326
18876
16309
12125
15759
14435
2914
18316
14446
24929
12287
26910
12301
19829
6607
3539
11816
7997
5319
593
23879
25625
31311
4664
19087
4770
27997
1110
2339
19459
11865
20612
31808
12267
13715
29685
2415
26989
14478
32360
16160
11309
6992
21522
29789
12967
5057
6725
29055
19815
10560
7688
7543
16799
20210
27112
7029
31468
23483
28828
8586
4014
27596
22031
6802
17556
24129
10812
15676
5622
3534
32261
29308
23990
28304
6232
226
8878
408
6193
4432
19503
11251
16035
4106
4464
12867
32069
26813
14039
29678
22602
23289
19846
2956
29288
18962
13352
27377
8355
28587
20354
32326
12073
1097
30528
13562
18266
28411
97
11431
28645
7224
11522
16381
15132
27872
5889
22749
8478
19661
3607
28114
18430
24125
27690
27642
16235
6868
27449
13306
17411
3007
17240
6
28
11976
15682
23016
8868
23030
31419
25141
12394
30922
28296
26436
7088
27906
30978
32700
25824
11036
25067
22298
23704
8022
26119
27542
7603
21118
10577
14539
22699
16869
4658
1763
6371
14768
7832
1507
32578
28039
26457
7473
9715
27710
14524
27198
4298
14533
32447
5030
16987
17918
23357
28713
19607
607
18533
4731
28464
15225
8018
2322
19781
15862
13591
21619
28459
32202
21677
19744
14249
27020
10072
17168
29557
16522
26206
17206
26329
1005
26097
5404
12008
9125
24581
30419
9142
28023
5413
9092
26085
18804
27014
14925
32502
6121
17925
25331
27502
19049
21119
21318
7366
10862
3180
6905
30137
26660
12362
30946
17679
17822
29042
25601
7895
18
28993
742
9282
5641
18265
906
25615
27360
2345
8302
11606
5093
13393
25792
2625
14812
12123
6980
17859
2142
1185
2759
14551
6845
26930
22354
28092
8792
20298
9916
28030
11944
15896
15715
25634
27937
17822
27402
25738
418
967
11724
15016
27035
3158
31185
15418
28412
28087
7788
17347
16167
11944
4829
8156
12687
6263
27376
21503
13827
22466
16169
18626
16026
8233
6409
6
3545
3478
10101
20389
10679
15346
18175
23993
27174
10831
4692
8737
759
25571
16851
32471
19737
5517
282
24667
9453
2358
20671
11250
23293
19961
24493
4811
7008
23634
25190
18297
26294
31006
18245
6933
29497
7310
18757
13616
16944
6138
873
3009
30504
8638
14989
13330
6532
31994
8716
12177
10991
21120
1277
3588
24538
1730
15
9706
18544
18801
1384
29937
14702
10029
5580
15482
20686
3515
9256
623
9318
26971
10974
12394
6927
25348
19104
21318
59
31064
15406
15107
25852
18424
23264
28760
16177
23718
21680
11338
11160
8286
24224
22942
5467
27628
22899
13760
26870
6639
32350
6220
13961
20381
3668
7755
22700
5354
8226
788
18477
18574
24057
2160
15339
9957
16166
27481
4772
30169
31266
16484
10840
2300
26600
20914
22291
21615
17594
29903
21407
4611
13017
4301
29249
2833
10097
23397
22777
68
7723
10246
4956
32040
7534
7731
6299
11408
30723
21615
28162
9591
17796
2360
17853
12676
697
23185
28114
10742
11596
27313
4928
2435
6566
7419
14867
11762
6905
1990
788
7833
1192
30433
17421
14624
25020
8505
21770
570
29543
23621
1112
7134
4423
10288
3783
19459
23692
24890
26727
1729
25100
28037
18101
7076
2902
2117
4230
30481
7850
23018
2656
19623
24479
8555
2331
27373
26511
25769
29358
5073
23072
28685
11246
2242
21878
24935
25376
1422
10701
15173
5426
3985
29494
11748
27688
21785
25662
12545
8593
25229
5990
21786
20713
14906
10769
6419
4816
23017
10817
3167
17746
30424
3126
23258
32039
4558
19056
21974
20312
20633
23561
15062
16027
904
13255
29057
15682
2311
16864
31031
31851
32426
8868
15936
27603
25641
9400
4965
6753
27261
8602
2666
6657
24233
32179
25963
7245
3402
14985
7204
19828
2602
16495
3442
26058
21569
23222
4184
10121
10925
19244
7933
25254
31439
30943
27997
8997
20007
25451
25537
25591
14
14322
24010
2409
6672
28560
22854
11859
2247
4256
3882
5212
13740
3556
22272
28266
24944
11473
9058
4681
6285
23755
11519
19611
30686
5481
3351
10056
12
4787
470
25351
5650
30083
1185
17858
24579
26557
5643
23865
14846
6474
21176
2915
5896
28272
8777
15085
24113
11971
27677
7636
6737
558
3137
18960
6501
17385
862
16837
14926
6036
29938
19312
8856
31330
20581
22467
24632
21508
4450
6547
1047
10933
4507
12209
12698
2998
5091
30747
11071
16769
6626
3619
20974
4109
17558
7264
31518
20346
3455
22680
22768
27163
29480
16394
756
688
29199
13747
5457
7403
23647
7211
17239
19740
2397
20039
22183
14120
21039
16223
29516
2952
18969
1956
865
28037
30765
27861
5326
3801
17624
8282
3772
12468
2407
1998
8317
12713
25850
5613
8964
17222
16707
12623
23149
21417
31012
32439
5890
29304
14139
26656
24636
30523
4892
27001
14359
17258
949
26135
2684
26266
20406
25370
24903
6073
17091
4084
3813
11491
31322
28717
30855
5421
30927
21484
20976
18827
14576
13557
14569
6006
2464
15016
18669
6182
28193
21094
30571
31985
3839
6421
19632
25590
24026
23128
362
21535
32234
20981
2838
30261
1761
24058
4985
4665
12862
10964
25704
6372
15000
12868
11384
29210
26596
26056
21971
22350
31547
11650
10029
31366
7808
14767
30362
3076
21035
24649
13034
5287
22766
19350
30177
8791
8134
12702
15435
10874
23178
23328
20033
19248
3857
24660
4848
12141
18309
1531
12117
28597
17210
24006
17457
12992
1051
19311
11462
3662
27622
14357
24538
6457
800
7794
14360
21870
26906
32357
18447
13966
6426
16203
26609
24196
2491
27921
22256
3149
10924
20965
27423
16160
23865
18222
24171
29728
28791
11853
22883
26121
10984
28199
3041
24404
1916
29237
23827
12461
20721
11687
18206
4705
8304
8627
9979
11135
16261
13849
5199
1917
20953
32053
12440
6081
15696
12667
3025
1953
8114
26149
27094
29920
14814
15426
31016
16538
3339
9850
20608
20537
26850
26446
32649
5107
19753
15334
32426
9285
14561
7432
10013
14945
29871
26905
27252
8123
25741
22697
18067
30650
10359
12338
14243
24264
17212
9939
13490
9242
28135
30947
4295
28437
4443
18100
21549
1875
4850
8959
9189
15018
16547
8664
749
6364
18478
24274
29212
25513
30434
20503
2293
9115
1260
17666
4030
6298
16757
10292
5938
1397
28091
13226
19923
4096
8846
21865
12280
5416
11892
5452
25464
29715
18102
2220
21020
1901
27730
6484
13429
25942
12895
2065
4516
19388
19624
6399
30288
10430
29185
8060
6610
31393
32340
28354
114
21843
21788
27882
17181
1994
31578
7844
19177
23084
9390
330
5969
19646
16857
26852
27898
30781
1383
19051
31981
24138
22579
23568
2817
20002
4696
14792
16566
7635
27180
1663
15483
13925
28704
3583
8249
3953
10548
23228
16464
12085
998
20014
22136
16948
6098
27391
24199
29193
1509
17802
11079
25224
15079
3008
12037
19273
2166
4128
22639
6984
8582
29851
11239
13601
29979
30533
28758
14931
19895
29837
7617
6400
29425
23046
23089
66
20936
1033
21127
18988
29460
28300
26134
9766
16284
5953
29991
4118
5932
11658
948
12619
15988
19059
8867
25122
17876
21927
2735
6048
10373
2302
2023
30763
6652
9113
3085
7402
30073
18159
31894
5829
4989
4487
11531
25193
12315
11980
17489
16134
6342
12398
1862
10139
23196
17330
22885
27981
8690
24602
25165
23150
30031
9217
8171
7338
32407
16050
12670
27220
6501
19347
2100
22225
9587
1373
20964
9146
15787
20706
15973
13090
17756
19768
561
12265
15382
25125
1346
31677
3323
12181
15083
26657
30978
26798
510
70
32357
1210
25099
16956
8544
17896
13923
31200
21775
29077
14691
7402
13328
7305
21323
19281
23394
3341
9760
20852
8326
7353
14224
27900
9651
1835
9775
23211
27897
22729
8634
22611
7015
6177
20806
56
19916
22693
26722
19828
23516
13829
12555
23186
6363
14913
786
16572
8444
27920
29307
18658
6674
27514
14582
17003
10592
15536
9748
19771
21189
1270
22813
2658
5706
32543
17857
30335
23826
27027
4373
8317
9168
27769
19372
6381
970
6135
22241
3376
13935
24332
28127
23258
14028
10569
5191
17335
25103
7491
19313
10060
13934
10462
7461
28761
28967
9713
25019
6547
14055
30343
4324
29484
29733
13183
6194
5388
19904
5092
9874
24719
15873
8624
16318
28045
20301
5560
12366
1166
18414
5985
29773
28360
11167
21299
29377
29520
17970
24459
7317
23395
10045
5097
7725
31970
13120
14699
13293
11564
1219
13719
11939
12370
11894
92
584
3747
18786
9640
4850
32338
25049
28258
18701
8097
6462
30079
10322
8012
25970
12769
10815
1779
17736
10810
29938
22574
31448
29487
15158
7754
27704
15142
11899
2363
1680
24716
10050
18439
16064
9966
19394
20366
22757
28080
19722
12796
19682
4168
2918
2971
2504
6219
24708
17108
14591
11469
28920
12284
16465
8048
32154
24061
1049
11065
17001
18274
20527
14802
32159
8561
11732
5650
31461
14973
15771
17372
24739
30700
8818
27781
15210
7322
19380
11294
4951
23665
2532
3929
19856
8341
10660
20342
19901
32659
21159
13549
226
5362
17404
101
7713
21145
9200
14507
28535
24159
1540
15961
25897
29545
9674
7108
23406
7099
24519
3734
3069
8532
8594
18392
22560
2319
1374
6306
18197
23450
14620
20596
17703
28724
12403
22764
21189
4229
11191
22117
32235
14818
8343
15902
1118
10080
22236
3091
23856
6626
30548
17864
19703
5066
4936
12789
31662
1484
20822
2433
20089
23078
6971
1224
18243
7515
4812
26181
12246
17543
28841
19683
5943
6658
18597
22736
12099
4156
26368
10995
1303
9710
30591
1996
14412
22037
24191
3505
5156
32202
10741
21778
4390
1762
6099
14776
24152
15052
4481
27092
4041
6685
6602
11315
14474
22459
4148
8390
23195
18336
28896
16236
12700
7467
2519
28501
18222
29297
1031
944
31460
12628
30542
16216
2055
25515
11557
24396
9997
15723
17953
30341
30710
8040
20458
32018
28358
15679
7640
5584
26966
698
4056
7304
9585
27768
10052
32561
13048
26562
29520
3050
20266
5363
11702
4434
15500
5105
30528
27483
18930
15934
9020
3481
21716
31678
7594
3296
29572
28690
6170
24089
31757
12267
2496
11189
7870
31335
22926
7822
30816
3849
17572
22055
20607
21654
18003
16939
19445
31137
11855
8092
21078
2480
24383
27099
21391
25045
288
28147
2209
26215
22790
7187
13506
26921
7170
6812
380
17073
26312
15722
17995
5709
18677
24052
32711
23143
8628
18665
6139
4859
7741
8647
8066
1352
9872
24770
31965
14355
26684
24022
12114
20693
25353
25126
8934
10793
28608
16471
1318
3314
21926
13173
18750
30072
30562
19519
28464
1891
13122
2211
25129
26029
31590
19763
485
12726
28375
3010
5063
15296
2763
17809
28192
14196
31601
7986
17965
28391
8706
30147
17157
10819
14618
11254
28865
27834
19630
21809
890
19203
32547
14449
19181
16696
17899
11278
21508
15955
7806
791
4201
13093
20657
31832
5204
3250
22223
14309
23205
9435
4005
14938
12150
27316
13725
4952
8954
9767
1012
15017
8862
31375
4968
15248
29001
11454
30622
15432
26393
31172
14548
25087
3536
24373
26226
13175
13686
12272
32539
21188
8201
27773
10014
10607
6593
5451
27523
5236
24569
19170
9970
30747
26219
23331
31424
20876
32495
21056
29074
19882
4637
8272
27396
10911
13617
1416
22179
9070
29036
5064
6273
15180
21908
21387
30682
175
24508
10590
21163
21335
25783
559
15928
4437
27156
7300
3052
7896
875
16624
1294
19516
7784
27706
15195
19103
28094
26756
26688
25205
3373
2221
16208
24364
23086
14923
18406
3285
29984
19835
28379
1103
32083
18697
7240
10794
29634
7219
7879
25353
16983
15780
15539
8210
23793
10417
32127
24319
715
5160
3239
23855
27322
21323
17897
6867
31061
11783
12955
6209
23998
30041
27732
2646
15393
12629
13800
10172
28787
2589
8225
22040
29878
11941
26130
1164
21327
17704
26261
31597
9117
29500
18716
1178
17042
25364
19334
29817
20553
26740
16149
21663
333
385
5037
15590
27847
2197
17294
13193
31668
25557
19140
7905
11468
29462
29490
24725
119
26972
26802
6205
3285
14105
4901
1157
24303
4131
10140
16722
2335
21505
32245
16496
11763
22485
21783
16576
21453
7185
24938
20538
4085
10925
30716
26739
5071
25111
13491
27852
5522
25097
31524
2022
5358
8497
13107
28848
9052
6341
8203
8133
12553
6694
16657
9908
5614
7748
2019
27506
19601
20761
3028
26462
1948
1667
31468
25096
1786
28076
163
31145
21987
22381
24174
14227
17570
29002
15163
22870
19662
20601
12270
7222
4800
26232
8822
24543
23173
2656
8686
9848
11787
28184
25996
19731
16030
11362
22623
16317
17952
26182
8826
2522
25719
27936
10934
19524
19582
4380
2935
24011
16283
25849
24388
29192
19852
12123
2478
10235
7875
19813
1648
19673
15942
9616
17326
17378
9701
3626
2669
2035
11307
29503
7344
14745
22345
15001
31135
5909
2945
19237
25080
21807
3766
2500
11292
9850
14253
10423
27531
4640
4820
7671
27258
31492
17036
16488
20961
473
8233
9494
10491
24348
15681
18002
29448
7669
21798
6612
2229
11690
12697
18964
967
14172
1330
24835
20523
24384
7341
845
22447
12476
8083
1095
14025
911
22267
17362
26818
11584
29797
23342
16014
11503
690
546
16101
5919
19410
8828
26705
10068
4461
23020
23399
584
29562
7954
6489
19045
5944
26780
5449
32143
3975
18866
16342
25536
28046
5674
8169
3878
25686
30357
11528
29932
17825
13925
22881
23714
30208
19039
28431
5274
9061
5106
25162
3870
2821
22127
29693
12537
15958
22249
26006
1422
3282
18280
27565
30044
32532
27709
29163
16586
21100
17730
19440
18237
21254
21940
11613
31939
22522
26019
6343
3885
7737
26004
3856
23792
14637
6190
1824
28187
30011
16020
15896
7985
28682
5474
14130
9742
29190
30410
5466
4209
691
19754
3883
4335
25574
18569
17352
526
19283
739
11548
27512
2080
5603
5579
31917
7884
30315
32542
20230
3854
14476
12442
2577
9725
16394
30107
2030
5813
13957
32107
7850
14754
18440
23534
1097
26393
7207
19220
19808
7893
22982
5060
17925
20707
22608
3658
1959
20901
31644
23967
22287
3426
5787
14897
21827
32175
15145
24972
29474
32214
19887
26829
5336
4887
30380
32121
6475
25198
5468
18440
29447
30788
5705
1253
29090
23785
8730
11857
14561
28161
15402
14502
6460
30999
18059
23535
14829
17625
18750
26282
29195
17642
31352
8046
24264
15572
26761
18890
21918
20927
16512
32049
7107
19968
28492
9565
15833
299
29232
8694
22398
16487
22718
30091
15961
27170
26824
1404
3155
16006
17403
18036
23231
8465
9613
124
27517
29561
16937
10611
24122
27984
18455
23341
25575
8100
10249
10097
3965
28914
15538
16393
16349
10521
490
7998
25735
11205
31446
29306
21917
17537
1714
12791
26235
32102
11217
30351
19647
31034
22227
23438
29509
20914
10578
27068
27720
18309
10760
12969
19657
2960
9259
23026
6267
20023
30249
22319
14626
30455
25325
30312
6734
27993
17237
24036
11270
7613
5316
7137
4264
27700
29902
32418
8258
15883
15912
25826
22306
11434
11652
13046
15959
3943
11982
9906
20628
2568
12373
13078
10363
24829
1916
26519
31671
11327
13026
32060
25503
9943
25021
19694
4355
18916
18341
63
17022
22724
20271
8658
5626
18461
15587
665
20227
29093
898
23450
24613
2220
30744
27786
19913
13196
26629
4659
21383
15258
5429
6486
11877
18906
20185
8751
136
24823
9947
715
26295
8857
20052
10159
29810
15009
32455
4770
29796
10845
1204
11769
8363
24993
2661
1193
1706
10739
23515
20590
26273
14466
7114
10818
24171
11815
9840
14718
16249
30761
14091
32622
26658
29360
12205
22269
14257
24541
30771
24605
6072
10159
22432
3099
6665
12766
6597
26293
23988
4269
21830
5524
5911
25800
3255
7003
9842
4410
30913
19219
1829
13528
513
240
17243
25021
6549
4890
27754
13929
18429
10759
23186
23011
18721
15119
19206
6419
4263
15070
16725
22524
20755
296
21631
18705
29771
20789
7557
3849
11366
6880
21918
6382
14836
22860
20532
2212
12918
7158
3105
28254
2903
19614
30786
14456
29166
19315
9371
27312
20474
4407
8464
28833
5980
14495
2932
9888
26721
28829
9948
21995
19979
25213
19796
18582
5702
18604
31306
6692
18366
7162
30564
10206
24244
6819
25950
11177
11151
15721
4091
11380
13556
1414
3685
27811
9535
19247
30756
9053
20265
14152
21155
26136
13855
4215
9703
7219
9444
26945
6970
11163
16142
13452
14540
24119
31146
24046
23847
11561
28841
3492
11960
7812
22812
21777
30345
1457
15289
5952
288
2125
12740
22104
29329
32592
12787
27537
3300
8728
293
16476
24857
28696
10197
15006
19672
23905
31236
23987
30888
17248
8880
22642
14664
15815
13589
26493
32308
19707
20838
28948
1466
23361
26431
1220
22166
19954
879
7816
4398
24076
20125
13597
23647
6623
7751
13770
1870
28734
6945
17583
24602
9062
31979
22786
23470
13916
30373
1339
26806
30342
10633
24934
12733
21809
29116
1741
15219
16974
7163
11333
21066
16076
7069
12841
2076
22039
13325
27275
28729
25583
23587
11075
27302
16078
9305
20886
12061
29949
14627
6337
23489
2081
19441
14791
31865
16430
1364
13648
32635
15109
32059
17690
9870
17802
28392
16673
9199
27645
1454
9102
6572
19994
12165
29516
31269
27289
28906
24504
31098
9091
18965
4559
23280
3151
3268
15188
24679
814
1651
6572
26873
15455
17013
2890
4859
21048
11234
10648
16908
4
4702
28638
20831
14434
3196
2836
17714
6349
2225
2869
24219
10744
17299
16938
16693
6318
14805
15135
9468
14939
2969
2658
18008
10874
30204
23153
9667
15428
12915
27318
24819
27110
1784
18863
6132
27763
21327
2757
19093
5927
1771
1170
19555
2285
27380
4495
26970
22963
25661
31223
17875
15573
9624
12592
8101
30397
2513
15432
8224
4118
27187
6798
26006
25269
11234
24578
12947
21328
6830
2488
319
18947
2482
19086
27939
9358
19313
25177
18695
12485
2158
13275
4870
15854
16962
21580
12256
20772
21670
27668
12714
14337
20394
9251
27886
28768
29742
12073
10663
21683
19983
8265
9149
19978
9728
23992
10424
240
17559
13516
32517
23184
3504
28266
12662
3843
19135
20915
15251
8880
1923
27356
5716
9320
14339
19121
5128
21198
8696
12961
22701
19632
18444
521
26158
3401
29507
12281
16253
19102
25314
7595
21032
2285
17669
1825
27979
27032
4277
22575
14137
29158
31401
24504
14812
24101
27928
24000
2691
5257
29944
27110
4128
14357
23871
23417
29006
13532
917
5721
7448
8304
5490
8176
10298
6810
3858
509
3732
30776
31891
10500
21102
1864
32678
21110
6505
32508
20707
4030
24138
32210
8627
21162
26452
1155
31029
25614
31277
10369
15223
21841
20333
12653
30819
14683
16185
17587
10608
28294
20511
7744
20609
26934
14728
3829
6124
3282
5029
23493
3625
27614
6903
798
18008
12072
3065
30378
15538
26076
32198
14289
26117
516
11904
7435
24633
6769
19668
1635
11071
23134
32259
11705
14667
29332
26614
31877
1854
10512
6090
17496
5437
16221
29491
311
4407
13273
4496
12605
20095
27957
6635
7034
30298
6099
18976
1738
12589
23691
8896
3190
17922
8915
32328
26053
19120
7167
743
14869
8916
20608
30575
22613
32120
6463
27509
31843
29881
18905
4180
21921
1376
6055
24671
22984
20579
8603
15842
9400
12641
20339
1296
3745
27329
744
19946
885
10499
3300
32558
133
2311
8988
18555
17783
20644
1094
30958
17712
29769
27150
9008
7693
1547
22434
5768
28361
3705
27663
1185
22877
10990
29507
20646
16020
4823
12042
6821
14346
20587
5097
4398
15505
18356
4785
19830
14384
27086
16879
7808
20484
18595
9363
15616
19641
30300
1630
25691
26046
8116
7937
28840
1691
18857
22612
32189
20843
23231
22511
4725
4978
15159
5173
14062
11104
4198
6118
12497
11701
6470
4243
32567
16200
8460
6358
20831
6034
23008
29503
27795
1557
27237
20889
5129
7671
29551
13552
3049
10609
4177
24248
29959
15926
1032
15159
8973
10035
28656
15150
8088
12880
29478
26092
21138
8737
12426
27662
11202
28994
7635
25512
6518
24682
21008
242
10852
8016
27426
16105
24585
20622
10555
29768
13873
20078
6712
3994
25640
25027
5116
14075
13834
25578
30521
21367
5180
9601
21297
20646
30094
4578
1287
4584
8682
27007
31767
6180
25218
29242
19757
8472
28182
5067
534
11831
20983
10708
7883
10934
26600
5905
14316
19766
15197
16096
16461
18260
9629
26423
8219
10551
18389
25663
18704
27526
25258
8923
31106
15546
9704
32187
7605
18597
20540
26862
5147
13719
32363
9051
24111
9030
26032
17241
30187
8913
29886
4989
2145
15538
18817
12872
22588
31834
21274
18898
14759
18670
6339
9809
18214
24219
23599
20285
13919
17896
3449
22894
32455
28227
20563
3245
28167
7240
9270
32664
4250
29824
32243
1420
864
23356
2632
6165
17263
27625
22884
27208
25289
27509
26712
23322
20970
6187
4716
28709
8994
28083
3071
21963
342
7802
30197
7575
11268
907
21096
2819
22007
17743
15351
1875
7657
6245
16238
9435
4982
9735
14877
19178
7000
25807
23449
13540
25964
5655
6677
20760
25866
12151
31378
21116
22015
23424
3505
23101
23723
32223
20695
29129
25074
17292
3380
16722
16997
10176
26476
1204
21474
21293
6325
15453
25446
20226
6715
7750
13227
2970
24362
7147
29547
12497
18168
24186
17374
11830
8918
28572
621
12854
458
31903
20352
7150
17791
32538
22659
15205
7766
32402
4406
29398
31646
26887
19611
1587
8661
24188
26835
669
13940
26284
29779
14995
8929
9383
11575
3218
9526
4543
26957
10498
9137
10698
590
23955
32627
31455
157
26061
26376
6095
17876
31530
22546
9052
24154
21537
29797
21732
20588
25631
5067
30406
2322
3435
20633
12047
11550
28726
30643
21480
5001
10468
11154
23062
16021
27261
31067
2537
26872
32130
19371
23806
24174
5175
8589
7415
1962
23554
21548
8000
7322
7697
7527
20266
19038
21125
5790
23848
5909
9115
17895
5819
28400
30115
10954
6233
28424
14021
11135
16269
16846
528
19350
10716
18234
25780
12717
21273
14328
17833
21398
2804
2421
13653
19078
18109
19686
27394
9781
30880
462
65
29773
3459
8322
21798
19352
27669
21120
10274
3237
23761
1729
29497
12377
8665
17775
20679
22001
24170
7591
6434
16151
31291
6538
8622
24849
25084
9823
11138
23450
32195
20880
18297
29671
694
13461
18094
9698
27116
146
10953
20605
25732
21166
17877
4577
17089
25755
24267
16701
4614
11871
11375
2450
29256
1154
28913
10588
15712
27163
27787
6205
770
9244
16342
8947
8226
3319
27756
12626
5397
10517
24903
10369
22235
7370
7123
10961
24271
10108
16207
22579
31955
28187
8532
2007
8604
18965
5749
29208
16016
18704
10630
14512
30149
13083
30139
30657
419
28345
31004
31931
5229
24951
12518
22208
11674
6169
2732
26786
31269
213
25451
10143
9278
6393
1157
194
21826
1840
20186
9092
28183
5303
30414
27532
10496
5107
9917
6880
2226
1074
21448
19913
25040
8315
32298
6295
18198
32091
1776
170
14608
2835
28887
16378
29753
13732
20986
31381
18329
17751
5071
24729
25848
29090
17835
28541
21472
2238
25444
19681
15013
29211
29554
29596
18842
10347
15658
1470
15241
3945
8745
10903
5032
18869
28002
3865
22571
30724
25103
29557
25
13073
14214
1182
25397
8265
7167
21239
20541
28462
4201
26936
14002
31631
12324
7702
31714
20759
31546
24201
1598
346
16793
16033
7667
27432
29053
25187
24268
12227
30467
32396
9484
22825
15625
30005
13621
14536
11829
1232
9978
29674
2256
16395
1910
12427
28417
22336
22844
2550
19349
12099
24346
18412
19083
21546
4005
486
27541
8029
26486
696
26041
29020
25589
23290
31583
17413
12646
1765
12594
29701
15218
5165
31987
11565
5884
10875
17565
23522
11189
373
12358
13485
18471
12965
21814
7108
1303
24786
8218
27259
11847
1394
31314
24931
17541
4938
24352
12768
10632
25441
1472
5794
1608
19712
17016
20762
25438
21992
12257
20607
19794
23266
32566
29127
26507
29491
29075
10750
26615
4328
6903
7141
7330
3023
2603
442
8949
21228
29463
13289
10657
4344
12030
82
18351
25213
19518
7643
7679
18424
30815
2107
28629
24232
29390
17312
6286
21432
21522
27500
11494
21410
19999
27157
1997
16589
7760
6265
28742
21590
7422
23785
8516
22262
2854
14304
1526
29317
1337
12527
21091
8099
16857
3489
7938
13562
515
8530
22551
19038
27282
5361
31354
11740
11445
28132
1021
862
7091
3513
2914
5958
15409
25833
32525
471
20460
25908
21196
16132
28004
2020
21130
27435
32218
7178
23970
4594
28014
10078
28467
3818
28936
14464
25846
22724
6209
16541
13855
4054
29793
29238
10375
10707
16447
13293
32502
3207
25339
5247
2126
8700
32406
16664
20705
6327
27033
11786
19079
4517
10208
11492
1084
22208
16288
19251
8249
2261
20828
4906
23025
9552
30541
10836
23453
30524
19094
458
9987
22696
19960
21835
16470
11596
928
18921
13470
6526
31751
6601
2323
18095
24833
674
30272
1740
3237
26743
16170
32636
31238
11667
21753
8091
1327
30391
2298
28105
9007
19599
19317
8803
8719
15616
7687
21652
4537
3023
31627
31354
29558
822
18701
5288
15334
6799
21820
6730
10528
32004
5850
14108
19843
1703
8718
14241
13177
25498
20035
5829
18482
766
8767
6325
2446
29226
21569
17283
4354
5621
24202
24608
14301
16244
16069
12009
326
32151
9676
634
5773
4318
6661
21603
27531
30204
10105
25965
18435
10672
22014
22875
7253
15609
19963
7967
23946
30049
11733
7689
29914
28090
20027
25594
19111
24185
7021
3729
393
21997
1933
7575
11630
612
19436
11771
24103
30390
17855
1805
25753
18058
18375
21297
22332
21978
21566
23608
2455
7708
15811
4562
679
4506
7917
21648
19354
15928
26162
27783
1504
14107
23249
6814
25147
31604
4468
16924
25282
4004
30786
5302
29905
14090
12534
12379
7984
13626
29757
4882
28502
12109
14256
15225
9203
30432
1985
21484
18701
3530
25699
2693
7816
17955
24288
14469
12633
9209
7347
912
26649
2722
405
12624
26786
30899
25893
20145
30002
9296
11836
4960
15508
23243
18695
24493
20215
28213
19045
20223
8800
16699
23220
7458
2456
8688
5388
26430
2723
29631
10226
24780
24334
24211
21292
10578
21113
26500
18450
8858
18557
28693
15777
22695
20958
2452
28040
31980
24201
29404
26360
1364
7775
8108
4249
30482
31672
16907
25332
31059
5012
17154
25966
14105
30993
16582
15930
28638
12096
23322
28167
14520
9452
3647
30274
19908
10048
21408
24533
18964
18147
13870
4645
15373
14952
6359
10414
8169
6301
14543
24579
26017
378
18741
31555
7257
21238
6919
15579
30439
21142
2957
22547
7847
30819
14849
3932
30973
2665
1079
21588
22244
14669
7675
3984
5666
20211
28668
22345
25779
31181
27246
24342
7059
9928
25905
20789
1784
26688
28271
26212
22405
28031
12029
3551
8583
2838
18235
5989
13397
22516
1875
22690
20798
16737
15661
1417
28408
29044
10391
10038
20745
11874
24969
10170
23766
15477
20566
30857
22849
20185
14351
19146
24809
11829
25470
10559
28164
21241
24843
14289
23924
6098
17773
19087
30705
10455
28770
30229
6297
5093
29784
31877
26049
27207
30962
7215
13746
26417
25826
18560
22908
13609
12256
28051
30480
23908
26461
23201
17194
10636
12673
15192
15223
1885
21678
9976
13429
14562
2961
6553
4079
2019
20008
20046
32344
19056
31398
3247
7418
17771
18154
22445
26330
22692
19228
29646
30063
4736
886
21467
18481
19638
3520
8700
55
10109
20452
27259
1984
8293
4105
23363
16612
7457
23589
32683
26252
14286
28279
31006
7288
14403
20247
4936
3791
11649
2521
31661
18391
29074
23401
2762
31496
14430
7215
2388
6452
27308
22653
3449
14730
237
25865
19701
14251
26619
4578
13961
6354
22826
23386
6284
3756
25121
17066
13692
5467
9451
32217
7556
5964
12644
4629
7666
15865
32727
6989
10326
3915
11175
10389
30354
9411
9908
6096
16811
13945
24652
1419
12804
23511
22945
15986
15881
14017
2914
15786
7631
17909
24178
9726
21601
4156
30668
10222
10277
12621
13369
25523
3394
2749
1128
15094
31385
21857
25532
8047
30637
31972
4479
16090
15299
11327
27018
17993
23473
28942
6695
24094
321
7140
6099
20604
1572
18318
9468
5695
8466
6838
10402
14358
16102
31127
15565
214
26737
5861
15664
6245
7750
11427
20422
8107
19531
4559
31549
17696
15950
8800
6285
28341
21941
27512
22995
25573
18367
6242
10924
24027
20128
4249
24948
26282
21660
324
29278
29908
26213
9012
2928
20892
27558
15330
26692
11353
21804
26277
22291
4310
8988
28796
9809
15504
7580
24256
28378
23797
11657
16181
16093
25351
11087
14695
3871
31461
1818
13681
16944
31786
27435
8364
19093
4488
15280
28633
4458
15061
20107
31271
22916
12600
16169
4249
7717
18348
16229
4113
20801
22302
16298
21188
15957
21241
24733
8708
24928
25011
2174
18980
27269
30080
16430
24150
11755
17992
3938
22874
18773
21809
5117
22044
23104
161
901
21384
12675
30357
14986
18829
17825
26747
7593
13118
23025
343
8757
14230
9337
29620
25921
15601
20390
25006
32666
9181
28705
26068
29248
19715
12540
5256
873
18028
19279
11637
7336
14328
13097
14177
27315
32623
5455
22122
23574
2277
15257
9992
13431
24533
4887
20528
8584
32075
2635
17165
2042
22129
13409
18961
7030
22911
24261
4231
27015
17498
31610
24742
30630
18200
24504
4255
2558
15510
4739
6419
32670
23776
6759
1072
27044
16928
22596
10653
16055
25217
2666
20186
6612
24466
20199
11616
32065
8721
32412
26489
22028
9565
16775
2212
11631
31218
16044
31846
17954
1835
25333
14105
3199
8721
6159
14979
17372
25268
21247
10100
2359
23026
3586
2186
29320
4675
21162
21145
2186
11610
109
23637
3002
30580
16159
10553
20591
19704
14344
5324
6741
21185
14681
1430
14399
25371
28041
32662
22202
19846
1563
405
14925
29844
585
32026
21381
10460
28722
19076
7619
1046
8075
1703
1934
23212
32004
29049
31599
10568
17510
7036
3379
3150
17490
24575
1056
12048
3115
19317
13749
29033
6988
5554
12020
29627
16375
12903
15606
24467
31352
11457
1368
19165
25564
20234
26802
20086
17845
26754
16245
24946
29008
1105
16056
28808
32399
18641
8046
5460
6570
26368
4808
25639
4363
30173
16189
30581
109
3042
23571
28044
26868
7513
17893
5421
18317
21799
32352
29283
25194
1950
16540
16655
10550
17387
4849
27023
27101
11194
16191
9781
11826
7445
23315
15602
32702
18288
32613
5991
16991
904
8017
9880
31431
10630
17872
26398
31468
20051
24527
29606
18144
29702
6251
12428
6402
21902
24961
24515
1294
13984
6325
2726
5653
6276
7983
32118
16008
12125
13397
20076
25514
9566
31714
20805
9639
28871
11423
16804
12776
8618
3968
5129
11967
17462
19664
13457
26637
31602
18125
3327
14599
5040
17490
26013
3569
17465
3784
28180
30155
23197
15832
29971
4972
29662
11066
9046
14178
32220
11308
6875
5877
31745
11592
24282
22245
11602
27202
7919
23191
30957
24003
3924
25516
22373
21740
30151
25625
24632
29830
22595
20683
4796
16971
5712
12336
7226
17530
26036
15780
21572
7828
22146
24562
8943
19433
4598
29314
8881
19462
3475
15552
3877
706
30168
32438
28067
4429
2373
17576
11171
10061
16394
18092
32132
948
5555
30386
29584
20791
18828
3940
8510
9523
2679
6880
26055
21237
12311
4636
23156
2985
28337
14918
11611
19842
23375
24621
31105
8718
6442
31357
5479
11475
21840
4077
28068
26880
20404
15992
21440
22848
32686
12334
10413
13313
21255
1542
19189
21812
25098
26364
17580
12061
13783
28475
23212
23344
14489
19652
30678
5707
2865
19923
27010
26192
10074
2356
4463
19656
28960
13567
18439
24633
23643
785
20707
3171
13818
24927
15698
23076
18629
24712
10553
26613
1523
1300
1631
31142
22623
9562
22912
23424
1055
32146
19048
12665
29344
20744
26001
12076
21058
12958
28427
3136
9838
20699
21669
7221
6035
9210
11657
4694
25811
25144
12875
3395
1242
21262
16902
28503
5513
17340
27854
26256
29011
8876
30527
20356
19332
29808
23958
8234
1832
20941
659
1204
26338
14037
23240
14768
12891
28059
5382
5826
10981
2670
26333
14998
3495
30269
945
8144
24424
19687
7077
20967
31075
21356
7954
4886
20985
31201
18414
32297
17016
7919
26720
21749
12930
30508
6044
17126
5991
26215
20703
785
12392
24472
32750
29917
2255
12276
10031
8112
8046
32390
1934
6225
1706
23596
14823
21850
19095
25523
30477
20437
15336
25756
27608
13319
19341
12954
22574
7287
27571
12309
25526
31308
5809
30980
27559
5178
10787
13725
24425
13755
17010
6576
182
22527
18297
28712
11467
16121
32619
22170
30671
30182
9985
4119
6357
22267
24049
17705
28784
12718
16584
22012
30910
30262
20812
21685
20093
9075
18865
26129
4074
32729
23806
28175
9821
10375
9953
21030
23189
22603
25855
1803
28573
27520
4514
19954
32489
9288
1679
26886
23326
7615
27574
17317
564
1642
21895
8296
22838
30489
6125
4784
3570
30389
11979
21350
9473
24609
7561
11269
15670
1666
3184
11723
5500
7057
10917
25730
11021
25533
20603
11305
16838
32278
13518
12765
15697
32206
15473
5863
25810
29576
1631
11870
6358
1795
18567
1772
8441
29459
6460
3404
6419
23664
8071
4954
5875
5638
9419
7202
16319
32252
4571
21767
31499
24100
30146
1489
22445
16604
17382
3480
4376
6877
2785
25106
23227
27360
16848
25257
6431
12329
18657
26150
19605
1687
9803
20563
7917
9067
24190
14177
14191
24660
21341
12876
7358
12667
3665
10492
7916
15759
24032
15898
17262
31765
31900
6943
19161
26362
1917
1294
25745
2536
8626
23602
17414
11626
15276
30329
10679
693
24186
12798
23595
1056
14239
9245
6953
25103
25003
17019
4033
18385
17094
26980
24638
27659
22015
25743
23
17721
5974
30203
9454
17306
78
12511
26914
9842
14427
6086
10318
11367
24857
21487
21592
4934
17307
11326
26089
24325
9664
4863
25172
23550
14735
12729
28406
11508
22774
28101
6317
8485
2592
4560
17052
19962
26107
685
32476
28297
23390
7831
1522
23665
27675
23105
13677
26955
8374
9299
31717
18806
15266
20868
7334
21563
4844
18228
21498
10716
5161
12946
14932
16757
14188
7857
23784
4178
26824
11527
19238
18382
7212
21532
23021
2201
21425
8830
22388
656
14089
24535
15151
976
17386
4427
29677
29116
30285
21833
30557
14972
26394
8926
4763
11359
26265
31236
25605
11979
7942
475
27160
20043
12500
30639
13691
10718
14397
26913
24065
19278
19397
2272
20829
26717
14098
8895
5944
26576
430
5325
30975
3706
8481
3383
29900
24811
7496
25619
22288
11403
18886
7034
32123
5286
4961
24599
15393
3443
16696
14496
19293
4007
28900
14651
10930
11796
26155
16831
28712
17310
23888
19203
359
7950
25539
21019
29106
30503
2042
17554
32601
3918
3023
14777
26147
23231
2954
6070
17480
4664
6845
18717
19975
19635
2708
6413
11003
19369
10527
12415
3410
9057
7476
22700
14890
8463
2404
23990
24322
268
776
24878
28289
20420
4606
11057
18458
17579
1250
14560
5770
30334
6440
5810
5275
19592
10233
30363
3608
16835
30895
9165
31504
22783
28559
12686
14363
32622
13003
13925
11620
12422
23619
25974
25740
11102
24897
8817
32538
19025
21744
2932
5606
17950
21671
27047
30567
22704
338
12933
14213
4516
14795
26631
22750
32721
12673
10654
15332
17957
32690
6642
28664
3167
4234
15439
9169
12046
4388
21837
4272
14379
14491
2045
31161
28140
13385
24880
4983
8269
1636
30872
27606
17587
25929
27863
29692
8273
1713
240
5244
27847
25789
1420
31415
21062
6912
24131
5838
2096
4708
12709
22644
22144
15078
19819
26480
5773
5164
1020
14289
12582
32444
23839
26575
21851
31286
16441
6060
32070
13370
5458
27361
9685
1045
6552
11158
19330
24261
26247
10936
18992
3197
28596
26347
19
32672
10119
2579
23625
15919
22706
21206
23426
12902
26583
1174
1988
24054
1399
21780
21153
1915
29344
14230
22765
9728
18071
11837
13469
17543
18587
30759
15126
28587
25812
487
5308
3555
31316
15169
32730
23855
25289
18388
12870
10470
11808
22946
22539
26566
3357
32744
5333
25642
15686
7525
24439
11069
27388
28191
709
10158
29777
24994
18309
25303
9327
20611
12834
7762
20527
18559
7186
15974
24079
11867
29233
20058
19741
9753
7212
28209
28756
15021
19177
2724
620
3574
20049
6920
24290
4349
11094
4907
14205
32590
6296
16485
29439
29382
15466
7556
27107
18003
28662
30476
25904
10306
26215
16168
28930
14499
31015
15337
6429
4496
28438
27106
20124
2757
17643
31667
5636
9507
13579
2635
21992
32074
3066
17172
22357
12505
1332
22698
14048
28894
5889
28454
3535
13401
24023
11854
4158
3748
17570
1500
6585
3497
4847
5388
26248
6892
25228
5527
12629
15713
29024
12856
17532
3628
7532
32096
24353
23880
2386
1726
21975
752
10590
8541
10016
3478
28985
6756
11259
13504
3722
27157
10626
12343
6558
14778
22598
6562
30981
23417
9616
12468
31108
22405
3082
19306
1833
8233
24266
18695
7859
19232
6235
2407
31925
19597
30298
2075
6918
7344
12712
32734
19104
11461
1101
3805
832
5401
21551
25015
11977
16031
21293
21139
25748
9469
16202
30966
13425
6635
21129
15272
28310
3837
3582
10992
192
8290
25169
21081
32170
29399
4205
3330
9486
13251
21049
29814
24346
6496
630
26726
6549
14715
4878
31649
11418
2013
18178
11437
21782
24344
8382
32129
21207
9374
19366
22364
18838
10047
25063
24173
24941
11089
18246
27337
28101
28749
3526
16042
12761
16569
23056
29299
2250
6527
519
5785
16918
12926
23882
19437
2995
7428
22283
23849
26477
32563
11587
11054
11879
4388
9419
31304
4970
14261
20074
8670
24662
32130
21345
9973
15938
29098
14955
17815
3381
8871
24904
10454
16963
15675
24771
7564
8571
26083
29523
8125
21470
31752
23695
19778
2308
30987
28539
12236
18863
13501
3910
27273
11522
31140
1062
11599
25924
17544
14129
26715
24182
7368
2452
29867
20338
3155
1266
21824
5654
25319
29741
17417
7884
5222
14479
27361
15191
19448
25359
6199
1021
30010
29105
7907
18555
18193
24679
1951
17832
32308
9065
19696
1700
24806
17450
9556
21073
32190
32692
9943
21827
14967
14706
18891
23528
30992
7733
20153
20115
17019
1817
18112
29534
26699
11614
28666
10612
7887
2428
24648
5619
22327
10747
12326
8878
19039
12100
2481
588
22184
4175
14817
12303
4195
25621
30385
9302
22768
22123
6096
21347
12130
25529
2178
24997
19692
11865
28759
26768
1036
6842
18919
24549
30256
29604
17428
2999
26269
9885
32453
31249
140
25897
7422
28749
17731
8398
3889
4398
6817
18880
9285
5179
29845
14314
11848
27337
9890
24330
18954
22176
14820
31806
26629
20389
23688
4686
19616
5327
12226
18506
20028
28233
20175
20639
22047
4820
9511
14369
6465
7849
3711
27621
30171
20861
5870
16107
9097
32397
5983
11562
26372
22784
3929
17167
16928
7371
5308
18645
6742
8878
26061
30586
19348
21500
31535
12126
7524
6027
820
6406
4778
8017
14939
1308
19311
7973
6153
15857
29504
29855
3021
1728
19541
3166
22059
20486
25952
20727
11865
10105
10777
4874
18680
12322
28370
25180
17038
22948
10825
29554
24397
5049
19786
17814
30795
8614
56
8825
31321
7271
12979
9491
2428
15820
5899
19748
32104
25342
22513
851
28492
10776
28846
25618
7006
21539
19505
17621
19341
32196
23331
15353
2091
21486
8063
31892
5873
13474
10230
9262
26675
14076
19808
5064
31431
7279
23067
3562
4746
7335
7169
18846
27077
32202
27796
22496
5334
11664
5979
32305
4944
21205
11871
17731
31441
15122
15494
20347
1966
32346
23595
22039
13901
4812
2418
21565
20895
30424
4254
11742
15352
32356
3476
11202
8839
5420
16710
25307
22738
9757
27147
5656
19593
8457
18732
10060
1890
19785
21060
9561
14
14342
20092
17024
29691
8830
7716
4595
7518
28203
16460
30012
28228
292
3465
7286
17101
14873
16922
31825
28332
2632
20055
31423
5410
14854
1550
18456
27044
10531
17000
1066
18541
27328
10444
19029
24869
10434
20259
10699
24621
8828
22591
24598
8795
19724
3931
24341
32315
2595
108
5079
30856
27307
25543
18800
2817
4146
1800
19911
20094
31484
2526
16438
19741
22629
5315
14908
27328
26854
13825
9826
31247
4367
32020
441
21567
27117
24305
5883
20148
7021
1464
32615
14087
14192
1115
11903
3307
30423
14587
26847
22754
5336
20873
9764
9008
10060
22168
12908
31462
13706
32640
8472
20523
2865
17836
6779
4635
26627
12144
23406
28971
30973
17008
774
15096
20442
20507
15721
30622
14466
3186
15887
30994
22790
9277
17611
26849
20946
13238
9333
5930
32587
30493
3242
11283
29811
7774
18832
22721
1498
26069
18256
13729
14316
13661
1579
10848
12397
22043
16066
30841
20787
24375
21810
21115
514
27014
15095
2748
22101
12991
17800
17932
98
3437
20649
6366
4776
32229
25494
1885
4222
5856
11063
29245
18678
2585
8671
17271
14135
27842
27284
31862
32650
25635
17363
22224
14086
30953
29569
26583
12608
23014
28305
21602
28067
20924
25034
31722
15646
28916
30285
9599
21567
17412
25049
26711
22495
6187
20931
26586
23224
10850
8903
29422
9442
29339
31411
24117
25732
9157
27833
6263
29088
15623
17111
2690
21017
16857
4874
8884
10758
7517
18470
24655
10633
19121
2179
23552
25434
2474
25461
31478
20397
23344
23241
25117
9432
5132
29612
1384
11811
18959
4184
1728
5587
32481
10197
32166
16945
20594
29708
32142
17190
7391
11326
27854
29239
23108
25235
29957
12386
9825
30057
4603
21676
21652
30086
16506
30119
22115
3379
26978
28625
10007
28330
25914
3062
7931
21129
28741
23733
24172
13417
14686
18376
16299
30017
31051
30896
27459
6879
29223
6183
5825
17898
26387
26670
20951
25797
26501
757
20293
30754
18587
20939
6470
13784
20308
28092
23537
2162
18309
11396
25272
27447
17274
20843
6460
20373
6093
9663
6122
17118
26510
6229
30506
14273
13060
3048
19358
26870
13785
12524
25143
7772
5311
18372
10235
18769
2755
17621
26413
4868
21635
26203
22543
12913
27136
15255
15936
3041
12836
18345
20083
8460
3587
20478
26840
6129
21195
20733
1104
24220
14404
8254
5427
27036
9912
21186
9837
25541
13160
32308
16159
14867
23422
14329
15067
23416
20121
19821
10713
16284
12333
26697
22808
27118
10116
29130
21508
7501
25692
25447
5298
3363
27203
27711
16255
14646
7153
24965
22849
25534
12230
24468
30224
4019
2375
9435
26085
8208
2330
4542
7794
8589
30169
30296
14757
25393
1112
11178
6497
20534
19479
12972
28812
32330
22041
20409
25454
11529
26209
17644
28925
32665
15273
29632
18058
14289
15311
22561
14380
25010
12884
7187
16711
26278
18134
32503
568
22762
15391
9210
3872
514
30367
16945
23957
17813
18671
3518
13272
2620
27416
8002
19405
30492
6969
25337
20546
30642
21652
9107
22018
27793
26227
14809
4915
17051
13040
29234
29720
13841
24244
25092
12384
2230
9611
31117
31052
472
873
9607
31973
6434
30608
32553
23788
18260
9963
12536
23049
30711
14527
1153
22192
18817
4478
6673
29934
13020
8698
24870
3569
27357
28956
5177
14324
26402
19527
19796
29099
28653
0
13960
17177
26119
16187
31342
7461
25231
30935
7001
10517
24958
19886
27931
7888
7231
7905
11665
25440
26147
23317
9402
19258
21835
3235
8729
15588
16414
9874
20849
7513
11600
30895
4433
13394
27120
13374
10295
15625
15830
2757
29539
8347
31180
18075
4526
13584
14485
25010
7241
9608
21334
32244
32229
28489
4749
25706
2927
23684
6710
29
15374
4699
2553
22522
7234
3362
16560
1519
27771
5063
22062
7301
7073
12140
14216
6696
6649
12010
10145
32763
6842
12531
14073
7668
12139
9465
14533
15447
17961
8051
502
3203
26988
22635
27654
23658
1337
23134
6291
6921
18679
19930
8034
30526
25226
28729
8325
11966
10902
16407
28279
26246
9653
3385
4262
7006
15249
23963
27036
12453
16662
9226
28297
20797
29368
23819
6094
3885
8176
16377
31019
9781
24861
2610
2264
12431
15881
20954
27090
23430
30499
17168
1177
10984
5233
8395
25217
31141
3661
24914
6964
21459
18321
1115
30714
6384
29659
12240
14581
12613
21320
2227
5519
28746
24587
24161
23738
9407
20628
27754
32229
8047
12856
3099
30780
32695
27038
9837
2178
25200
31176
10045
24833
27554
3887
14643
20958
31535
6589
2622
2315
7655
19573
66
3748
26135
15293
22389
5397
24123
2349
11182
14155
6483
24971
19912
24369
27000
15855
59
20785
6566
32463
4534
17987
2302
21000
7558
22922
5868
7354
15209
16802
9279
8795
10177
11658
7123
18530
18725
23586
21201
9265
959
24838
19941
513
28409
4576
19739
3094
2363
4405
8647
6126
1652
21654
24788
10436
26834
20603
22978
27449
26637
10536
14690
1050
27862
3951
14524
8563
22390
18250
6633
30948
9354
9984
19604
20515
17872
28145
30042
17126
995
22468
31157
18651
17250
309
22084
15832
27045
22073
26501
24135
25027
11609
1094
27949
13582
10451
6730
23509
272
1212
5607
30391
6390
16245
29667
10427
9104
25478
16913
31960
17235
5102
9478
22554
28849
6544
16876
218
28332
2071
22940
4734
26860
14268
29369
13109
754
12955
31821
32703
25153
3773
18710
14616
8821
6362
25098
29791
22787
9984
27959
25018
19701
28532
29384
15809
4360
337
1562
10111
15672
23554
10390
27810
4268
14609
24061
24093
2203
23794
26295
27913
7003
9017
22128
21140
24380
28830
3580
18455
31778
11970
24405
2818
18703
8118
17392
32203
6900
10571
20639
13742
28471
7204
26793
28902
28367
20364
21737
16000
13841
6003
22311
17830
3383
24627
3969
17841
18800
13633
26831
21560
22082
16337
32269
25935
2777
8321
23126
5269
28944
22512
20227
5998
5509
3616
27039
15194
8309
28961
5214
21895
18341
20435
13298
14535
387
5756
19870
774
28044
26758
2999
4965
16121
16370
29418
29243
23482
7521
30587
22153
13365
1031
18606
5277
16896
15737
13705
16149
3111
19176
9110
19461
8129
30754
16098
24043
22773
11270
13846
2088
10766
20818
26580
10514
15406
21892
4163
16934
17360
18009
27665
17523
2813
2685
31024
5
15822
18750
8356
15169
32488
5121
29828
26467
25129
23641
3289
29564
3201
24790
16015
856
25371
27830
1600
10388
20263
2628
4797
24623
16164
17859
7925
27670
4345
22308
21431
14210
4839
11901
19613
20569
17130
17790
24460
7765
20129
30809
28922
14365
18213
13425
25774
22997
21990
22498
31468
18179
14315
19946
18955
8760
9667
31456
27339
8359
2484
13661
30765
11951
18771
8963
28515
25071
99
25691
24630
6696
15092
22307
23869
27250
25352
14915
22703
11342
4208
25825
9574
15081
28244
3155
30983
11236
13165
19304
13167
24839
29864
165
22475
18087
20278
1048
13642
26425
12344
20420
23110
8868
8918
2294
26124
6502
16934
28953
19770
5311
5793
19227
9769
25314
26253
19863
28403
23724
29648
27796
17758
25230
1781
15944
14764
18502
14984
16100
31465
21915
20243
23601
5215
32622
22154
26679
13876
12620
20716
1435
31580
30743
24713
8981
28319
13574
4208
13215
30779
20090
11471
30144
6347
2778
20290
16960
3125
32364
15495
32718
7093
7994
3377
27923
27434
12420
8950
13099
13135
10284
18856
26981
32343
3189
21479
10044
6672
10499
12149
27077
9003
22248
21702
1532
16650
10335
1654
28884
21229
17482
14626
21802
21331
15220
23289
13286
6523
15052
10056
8720
28512
17917
26481
1841
16248
32050
8038
28445
8413
32015
7246
16308
27725
6145
27737
5982
17260
24201
18977
23580
1489
30846
14865
31739
26136
28618
32492
246
4589
4895
11941
20755
22334
14750
31595
3755
27290
23579
9963
9903
10922
22646
10108
11916
10642
1610
4325
24856
25892
12765
10448
27143
23276
16223
23586
9424
32537
29967
5698
2494
22241
29547
16300
10311
19579
19233
18335
17085
2605
32653
15905
11440
4095
27179
6567
1156
8050
6362
18614
19714
14086
5491
8271
23249
9537
13554
19567
780
26471
29632
7571
22229
4884
10164
13090
20149
1608
18887
17185
1757
15789
31357
11820
3577
32382
10312
22906
24454
14322
31616
28506
26082
10095
2014
15489
223
28343
11133
19033
9858
13213
17467
253
7305
18399
11403
16122
8864
25394
16501
17217
19730
27301
32017
19638
25684
20024
5224
27929
11303
1266
4765
7795
2456
15098
19152
23777
7717
22370
10209
25244
23044
14822
30994
25776
11669
30729
18552
11168
271
7540
16621
27395
13701
24109
21333
16253
29013
16004
6261
4757
13741
19385
30388
21250
5858
31115
25070
1079
11621
25071
4182
14659
652
1862
12448
31134
3709
14842
23583
16734
5187
947
2642
31917
18956
27747
29206
14469
12649
31408
16940
11086
30066
596
2682
8038
25794
25355
19033
31220
16970
10778
527
26035
13747
19252
20345
14268
20122
23893
22604
3121
23782
12734
23104
924
19918
18612
1894
23389
31478
7299
26185
14599
22731
15225
8950
8499
2789
31033
28887
16746
4311
9673
3236
17300
27228
6573
29875
5201
6763
32452
5814
1785
23457
10611
20161
6319
4178
23073
30448
32464
16007
29759
5139
16146
19133
20482
29126
16565
27230
6516
4750
4511
32651
8171
5060
17850
27937
16210
21751
19245
18150
12047
17904
16150
22550
26067
26107
24997
9279
6010
7053
23147
9160
15348
13689
23665
8942
30218
16171
28322
15401
6191
21184
5391
6858
26986
30032
11873
28479
15846
7871
5205
16557
8091
28228
2067
16780
2286
17051
14399
6778
2515
25558
19841
17109
25145
6520
18590
15130
22825
19814
7908
31354
13796
31638
26107
4177
25674
10842
4185
8175
16900
28193
11539
29658
9314
32131
13210
12758
19966
20075
24782
23846
6227
30316
12800
10823
25391
20448
31726
1358
1895
5241
316
31258
25192
9021
10343
3574
29478
14888
4526
13796
21981
12600
9987
26855
25871
21561
20089
92
10533
30446
1815
26798
26935
2437
25970
26380
20482
11151
958
8065
28885
3026
94
1267
28681
24673
11432
20286
32500
23186
31981
19789
30214
28714
7715
16349
7181
31688
12882
15999
19462
20596
10423
17003
26913
8609
31478
28073
30178
14699
3914
29767
9235
24143
18480
11033
1027
1610
1433
15057
16040
27441
18799
26287
941
8721
12134
1236
1308
113
13641
7887
12047
6528
20669
28617
30891
15563
22259
32726
1699
25113
23559
18526
22517
11597
25462
23356
2187
30692
15809
6490
8292
32143
24393
4884
2606
14945
25909
3879
2641
26205
28976
2041
3651
7645
19693
26905
16517
10100
16772
5461
25340
11509
26617
15940
5287
1775
24774
29800
16436
12736
28881
29765
15202
12915
16785
27469
24087
7921
3396
5432
18201
14780
29950
2932
20644
30428
10370
14892
25802
358
17623
6787
21455
4889
2394
10667
25116
2906
19793
30019
16744
24134
18994
11047
25625
8940
29377
27186
29012
2063
10491
3227
8006
6516
31013
17832
4879
27352
11862
18436
6010
10652
28934
22122
16135
31210
22936
1601
26630
13847
28072
14700
20043
628
23730
3001
27129
23452
10532
10086
24249
14307
6853
868
25799
6609
24748
26821
7686
25965
1758
23373
13036
26188
29554
21811
24266
31021
30355
19249
11252
19370
26304
16220
16678
11444
24741
18868
7893
31816
20480
15935
20651
31411
8410
3465
10906
20320
7376
30438
694
26103
29225
4339
26677
19520
4964
20285
5475
14198
10169
8875
28872
23333
13213
18053
31978
11645
9832
22984
26509
24057
15872
30285
6387
4026
1625
35
27199
6734
26873
8254
25406
29777
26605
19950
29383
19432
7561
15799
15278
32214
15448
4873
22158
5882
11161
16816
13927
333
1758
17674
30688
16425
32498
6600
14424
24518
2101
17901
4203
23869
31075
10878
23236
14615
18773
26360
2590
12456
19880
14157
27499
11407
32165
21543
21283
8935
32695
6581
29066
829
23882
17460
12541
2083
17118
32378
13058
15647
25114
20924
29703
13989
16874
28313
25569
4614
12180
26745
25
32527
21206
765
17485
21780
17652
32253
15837
5
21282
6741
26699
19529
7294
14103
17072
16243
21182
14583
1558
3882
8107
3
23486
25489
11751
14602
12343
18370
13516
30044
27510
27012
22711
26267
30209
2551
25022
8508
608
24655
10516
5056
6805
30673
9004
6778
4482
22372
5664
20417
15526
6612
18781
11014
32099
31939
835
8230
3506
16397
23516
1811
27673
10107
20328
1163
17302
7413
28599
27297
32480
14881
8722
17101
31217
7892
4057
31636
13087
12550
23874
10447
7257
10246
6176
6792
32107
23608
16513
25061
7429
11038
20290
28320
712
32315
25434
13032
13837
4925
32117
1660
8199
1183
7147
21777
12097
17462
13373
9243
28169
31847
9426
32742
1533
15181
28734
7038
1135
28272
663
21816
3466
4850
7984
7893
25299
30805
28176
14001
19818
355
23554
28022
7809
6820
8709
25777
20716
7566
3240
876
9321
27585
9473
5436
8945
2987
14755
22585
4749
11919
11710
15149
22065
9243
16596
20006
7108
19637
14044
11377
6398
9378
7057
4878
2448
20689
22603
25566
5930
5992
14162
8816
18421
18309
17391
11278
11562
9669
2942
6997
16105
16224
24691
10064
6245
6345
11790
17309
4275
3981
11281
29027
20561
18098
9866
29521
16766
11765
30671
18076
7003
2838
16205
9459
1742
7905
27935
12483
25490
23193
24524
28924
29552
1667
28863
27228
16036
11430
29067
11232
10931
26357
10845
21339
215
15710
16167
12540
17463
20984
20656
20174
29920
12745
8927
26625
27227
24169
27046
17056
7553
23297
31441
7659
26449
22983
6440
4689
22656
3955
1947
20616
18705
29785
7481
16376
1928
16115
11321
12622
30032
25802
31177
5728
16636
23521
13283
15099
23016
12973
20637
29301
25854
32310
11758
24806
21648
13943
28788
31100
1959
5573
972
24278
10426
23409
16163
22310
9216
11729
10870
1848
19819
22107
24094
8559
19085
1830
4711
3974
17024
22903
15493
32389
3886
7552
24879
10658
32456
28948
4128
32651
7713
10825
5135
27573
7330
18063
19327
607
25142
9274
19726
8836
1944
28246
22886
10791
29653
21270
6551
21930
27267
24696
2938
5502
30069
14535
16998
19221
22146
32664
13154
25924
13353
18045
22814
25595
15617
16386
11156
20266
17107
29330
32067
16929
4852
5309
12761
8194
24161
10324
21100
7375
23884
11252
113
14863
10887
17368
8858
29226
7680
17656
20617
26921
27313
30335
29302
24209
29297
4675
14241
19254
21073
27610
9414
11340
30452
32258
606
27014
28619
30946
22758
27358
645
30946
8323
13937
24678
31239
4152
26798
1578
10812
20657
28027
26910
19031
28936
1705
24003
16130
11483
23835
7134
7581
8051
9477
12168
388
19765
30895
32378
26142
16809
10355
23820
3788
29481
3428
22823
14378
32156
17609
7314
491
58
7201
10775
8370
5369
1644
17225
12542
23698
1447
3830
9979
20032
1851
31241
2250
13735
26116
17749
7686
32431
12335
10498
22736
23733
32350
10397
15977
16669
4037
23046
22331
3940
3992
13064
14784
14755
14803
4211
31773
14296
14236
9648
16601
1881
11911
5739
12852
21557
26929
31072
24499
22025
13085
850
8092
17776
5748
16302
21995
14573
29367
28317
30424
26559
18000
9360
31711
14522
8405
24241
29500
19262
2960
17496
24377
30365
14489
24914
16384
13151
32741
15243
4430
22447
7701
2628
741
32604
11659
23595
9431
14316
22107
16057
24231
31288
29461
20836
2734
1310
29117
26804
22735
11496
24483
1322
9245
4537
28369
27872
4852
10497
5287
21383
22633
21975
6570
14989
23117
30603
10100
8352
19428
31308
28827
1042
31936
15253
21132
4242
7205
1439
25555
26955
16896
14611
20749
15709
32363
29727
3992
28775
13995
16532
14598
6084
17802
24690
15717
27531
25270
27038
4100
4181
21281
4231
8126
27878
19695
4362
1411
9461
18169
3979
14747
27530
8234
21363
8553
1817
32321
6615
32215
8329
26640
26963
3440
5640
22805
12832
5243
1318
29059
11703
8064
21430
5074
30594
8680
7010
17058
13227
14463
5015
25455
9308
3527
19627
17068
1985
24787
2558
1578
10398
18637
24714
2009
15078
20779
26472
4194
2183
4682
11135
24937
22488
17031
878
5595
26706
18245
2714
4717
16385
30658
25304
29870
22916
18441
4169
2278
4095
16318
28029
24359
14430
15340
32561
30168
9493
1396
12250
15553
27031
25445
30260
2340
25258
25721
15147
29257
12315
32515
12601
29834
9129
1690
4924
10718
24165
12986
31267
27880
1119
18590
20092
24572
1763
23662
9788
27876
30328
24228
10471
15085
11700
23229
9578
28231
21269
25944
18099
20663
9813
19835
10976
26960
19686
21495
11468
14487
9261
13923
1246
17202
31233
3825
8039
24659
11
31106
5237
9130
32567
14818
26256
20269
30886
25821
24352
10722
32314
18809
28279
655
20942
25592
12664
14211
31238
1170
4993
12028
10225
22755
16932
13389
9748
9128
1303
10015
22631
30126
27851
21349
9818
11113
11982
22705
5333
16596
27373
22168
28725
2953
30848
14593
3834
25628
9841
19185
5041
3366
5490
27194
19159
24398
8893
27555
25526
14810
31825
20507
31631
4556
1630
3899
27127
29027
10532
21151
18445
1151
27346
3660
8207
28550
30890
31051
10159
22938
1443
31240
18076
21965
31441
6233
10247
13261
25852
30390
22405
23432
2856
28631
14697
25797
4182
7328
24361
473
25912
26239
11384
681
23204
31033
4144
7445
17255
23563
20315
24970
3578
19316
12762
15518
1686
4050
9928
1588
2801
23603
3173
5345
7047
19466
23036
16675
10641
20994
8451
28198
16353
11207
21270
18751
18745
2403
13109
2543
5757
3250
1962
32475
31877
27175
27976
983
26070
16210
7908
5885
14649
28422
20614
10745
20070
13703
27453
21778
8183
10171
32337
21530
2757
8274
20962
16723
26519
29937
21651
27544
22252
20311
22225
3691
2309
6472
17191
19091
8209
21302
32428
30571
21163
2358
18855
1599
31304
7578
15877
18650
30815
30770
25469
31688
16901
26122
7268
4200
13034
29275
30357
16352
31477
25310
16337
24979
18231
29246
19706
9729
30882
25893
4077
32116
28323
14381
10471
6504
9683
13587
3108
11468
710
6214
5231
12502
28152
21135
911
15310
29663
6768
15546
21519
25111
7254
29945
11109
25002
29937
9120
24524
4911
5088
25609
31896
9305
10449
1707
16765
26341
27971
20901
4364
30167
30371
31331
17643
22005
18242
1903
30688
2713
3047
22578
7109
24209
23333
3462
24277
6263
16790
9698
32139
10280
18730
29372
17934
24820
14517
3110
9023
16911
31352
5056
15158
17313
3660
28774
21466
25269
21448
14411
29704
10152
9427
4029
1652
8202
30766
9263
26155
7523
23380
30283
32116
15968
8605
9223
10160
27649
11742
28028
4141
11622
30516
17929
8885
13089
18695
3098
11012
2920
19952
7816
10876
27791
14886
26486
2506
30159
19360
3539
13988
31854
27984
6275
30669
25994
4994
25136
19861
10193
23701
20620
9001
3083
23728
15582
19362
8949
27187
3367
32654
6406
26151
23503
26857
9011
24343
16243
4480
26872
457
28302
24645
22079
17189
3346
2960
15302
11209
2903
4329
163
32161
23918
22238
30724
23814
13594
11689
9525
2832
27148
25712
10794
30482
23299
17751
25351
432
13304
21981
10760
21907
24212
22571
23720
18733
4350
25493
26887
30489
8793
6050
20546
19730
19300
12829
24689
23910
7498
9004
13986
16184
2473
23003
23031
19129
30057
9938
16383
8592
18912
10727
21869
9926
25246
21092
23065
12008
17681
6627
5443
23749
29173
10910
31371
26449
25614
20610
3375
6078
27170
24622
20814
7993
4554
398
11198
10981
12747
24313
10581
16417
28357
14767
23945
13050
20162
19780
81
24608
17648
13755
14391
9326
4711
3485
4944
22829
1505
28417
7345
31519
30494
24987
30433
32401
28686
27897
21211
18191
3447
3554
5822
14528
24525
6598
8012
24126
5636
27820
29052
2246
14209
30978
2553
5229
3148
18872
22831
21418
11553
22061
29309
16898
10499
5384
21835
636
20531
783
12788
23997
25421
345
2833
27869
10533
22636
6295
14606
28797
28808
282
25432
16722
8331
12508
964
21363
7242
10288
15570
3197
21205
28659
26044
8158
24130
25713
24444
2362
4758
29462
5885
11323
13011
29157
10516
11064
21813
11627
25650
31698
4790
3380
7859
21324
6701
28599
26610
2347
31483
11418
12156
14873
22261
1334
18481
5941
30579
759
27529
30682
2594
27210
12865
10242
15617
15322
24445
24169
29280
26905
5797
8045
16945
6057
23277
12429
15947
601
16176
9170
1772
12427
20666
15579
2197
27228
29352
25753
5375
9181
5943
15649
1855
17122
19497
26578
4081
3894
31121
3291
17336
19437
3400
6985
2907
7328
3573
4448
30983
1345
16273
17529
21344
18415
32487
2095
23845
21551
22652
13818
28036
31087
29395
20588
1731
30076
12201
674
17274
15626
17364
18807
30541
28599
29088
18429
12875
16077
18859
4219
18397
8193
30312
21692
19912
23804
6533
25569
8120
9666
16760
29017
2022
1819
10851
13779
142
10455
9296
11148
29595
3474
21112
31682
9796
18704
17989
28795
1341
29172
19697
8201
10964
20536
21069
17756
2801
16940
12660
18267
22562
3364
12687
25650
10223
17029
11966
12765
8232
24911
31794
25003
14386
22703
12152
7963
24282
18421
31323
10136
14109
12722
8310
32486
16938
11381
29405
7726
8557
13207
23295
8775
14893
25685
10811
24424
12155
4337
1835
16789
16305
11738
19818
4302
21048
786
13526
7048
12388
27327
10523
23638
27202
15798
23442
4551
20495
16436
31653
6287
4881
10246
22351
9271
14866
11602
683
16606
26661
868
22159
32564
9640
24086
8814
9330
31076
25117
20827
9191
23169
17747
34
31098
28761
21869
1200
12310
29374
22867
2917
28242
11372
28195
8262
18116
6266
7923
22610
9499
30738
2526
13281
7251
28385
10737
4677
24793
4251
16285
27804
20409
15048
27780
2969
26808
11829
84
18698
19964
10912
31587
10918
6106
26471
28842
28550
32492
29329
29918
17775
21520
14552
25226
2359
7615
25228
6199
7417
12910
18624
26356
3881
13437
29295
17140
12261
19684
17710
8574
10413
24948
32472
18623
22246
23980
22397
24676
8158
14841
20556
5400
11050
14026
18011
15913
25059
9505
1876
16290
25859
17538
11822
32257
11219
465
4486
1022
6050
938
31136
19786
21211
12996
6750
6522
29166
30466
31428
11509
21958
22312
3325
23598
9131
9281
14104
17492
484
30944
31486
23091
29968
26820
5047
7459
17611
601
19104
30563
7860
24206
9185
9715
23004
12231
9444
9226
32757
453
25786
160
6985
21225
6849
5308
18803
5667
7933
20974
18043
854
11513
14470
31516
26925
1124
27309
31339
20093
16426
25069
12238
19173
22533
31664
6602
19994
31871
6621
14580
10362
21364
5203
32596
23435
13131
8100
21557
13291
18696
19375
22256
14620
14490
5138
2024
19235
12440
4475
17730
4929
14638
19132
10570
28513
31000
24322
28736
5117
2795
12535
22412
24822
25598
20351
4725
30796
15926
10060
2003
26170
13775
19529
19808
12059
14197
20538
31599
32674
1771
12639
2560
6356
23515
27157
21415
6997
625
7300
7719
300
18322
16977
5642
17001
21855
31365
29571
5916
14247
25682
27949
12538
29759
234
26108
10797
22697
23241
12250
11768
23276
12409
3690
1730
30635
15948
16264
3747
24391
31038
19643
18626
20709
16142
10226
14893
5970
10607
19905
13560
5888
26974
26171
4112
21350
16343
7670
10539
1512
24588
2852
32148
16036
11002
13517
5177
4611
31952
985
29065
30644
7300
31990
9648
25220
23578
18196
11291
30065
25471
27506
6933
4186
4403
16994
32602
20646
222
15120
29636
24335
14485
27031
26594
12248
22553
8644
15874
15821
21974
23066
26346
1153
11276
23766
24120
16634
26587
27374
25404
7160
1437
20997
8489
21110
20802
2491
22743
22766
4242
27828
8816
14794
22505
22000
8460
113
26606
31060
6141
24515
27640
31460
1690
30604
3860
6552
8338
514
9041
20573
1000
17509
10434
3469
22382
25003
18496
30046
19094
5949
20911
16666
27932
12589
7822
6791
4553
26815
14864
13188
32716
30532
28479
2346
6998
17426
15070
19338
9560
11443
3226
29801
13932
1788
5175
21070
18385
28996
19034
23239
6812
24249
12092
14415
4837
31836
26175
27527
13297
7986
5428
26774
18973
9953
30850
2899
11818
2667
15785
9092
4412
13451
617
21173
7058
23639
32620
25729
8754
18280
12021
10237
136
24451
19383
12137
26186
23155
12169
25514
18593
17892
17505
4989
21585
20889
9813
22834
19818
19985
6052
388
26204
12292
8010
28806
11654
10575
1586
16355
22676
24247
27219
31390
9995
24035
13920
15833
20554
11948
5552
5189
30983
17374
1003
17922
13488
9609
2232
19234
1826
27013
9973
25284
22388
11823
28907
14395
16315
13694
14104
3737
8218
4227
32612
1123
9780
18300
28222
26801
25018
5419
11168
12970
7197
18572
10346
27201
28545
30520
13014
24332
27570
32131
4582
7771
21065
30101
7810
25679
3129
29084
29215
30745
14840
13571
11765
7477
21417
15000
15122
18092
3469
15010
3169
27469
20878
25586
32177
1052
7902
29071
15400
8082
10499
552
1725
18804
4506
2685
9329
7862
32602
2455
4420
17157
10057
23628
20078
2301
4877
15595
22163
16719
19890
13304
20946
9927
22136
31011
21826
29810
22048
15976
21877
11749
23819
28412
25804
10453
29949
26283
29227
30227
4071
16831
11776
28186
13438
15385
17648
18295
32637
22272
4321
824
9421
8357
25218
26232
13763
26794
19781
1945
22686
29681
4831
606
28841
5964
19551
25766
6208
10481
18232
11738
31066
12410
2828
11251
18152
8452
3580
9853
11147
10150
17580
7026
9297
28113
506
20277
19635
3736
1896
30956
23801
22714
2893
2420
20472
6165
13551
27565
30479
10908
13133
26088
16631
26625
2793
23043
27207
14726
32109
281
6688
22128
24549
13738
14602
26901
31317
23329
20246
500
9170
28269
32397
5890
15900
18405
5213
21551
12249
21909
5368
9010
8689
29008
5434
4446
21287
2346
10094
19529
13530
4995
6723
31549
30943
24178
7199
26044
27935
7764
3438
20181
11918
21250
21169
25056
2862
22562
27588
28662
6869
10611
19327
6593
1484
11886
7400
12654
13433
30517
31367
30857
17340
17845
16372
23394
30007
1178
2340
30347
7604
16637
21751
30192
11661
14216
27269
7974
29834
2286
13580
25230
16975
20822
6374
2882
13561
2027
17568
8504
19699
28270
29739
23088
23733
9445
13618
20033
1081
7306
9954
18264
13561
16923
13040
32350
25279
8811
5676
7829
31599
3280
10101
19114
13048
28826
2521
2909
29123
29796
19853
12412
20498
27089
24786
7749
1580
1614
32312
8872
21521
19828
3312
29830
32296
19811
16811
2588
21278
10831
15701
23109
2258
8323
24247
28819
15390
15093
32549
29999
16714
6251
19214
23621
9069
8578
9253
10285
4648
10537
9751
18709
23370
11816
7315
4463
1371
202
31990
15464
11261
7083
4020
15702
22979
10011
3681
4980
30739
22654
10956
22200
15060
12975
10024
28697
13449
25241
19057
5507
28715
17514
10399
11794
29198
29430
579
7541
6568
18051
7211
4405
1665
6851
28561
14506
31114
14145
560
16193
12998
25737
30066
27134
31508
9974
4573
10892
6964
1502
14480
29926
17107
4832
27675
7870
16703
29008
30508
8041
13374
14045
29587
8939
11210
14306
15063
1772
27720
32529
27641
2779
12182
29791
23401
13380
29501
9074
21867
13605
28698
20569
30119
24195
8455
452
4272
19735
21343
17210
19021
31455
13428
17386
10829
7077
15831
29405
17980
19955
8687
23416
11274
1083
6183
18967
22541
11635
17295
28997
12451
25322
31833
12471
11867
22375
21120
9336
15643
21667
6176
23623
18227
106
21558
15727
22698
32754
16856
16586
25719
29163
32485
27927
15615
27953
15700
19515
14859
491
14624
20819
16884
21363
18214
21705
1327
6069
30900
15292
16232
14735
20994
4678
19359
457
18232
28476
185
11756
3689
15818
19959
15153
8860
9786
7446
8052
12725
60
7244
5233
8203
188
19765
2289
1156
32722
20357
13642
12688
12930
29349
18101
9555
18961
12954
20301
9199
20538
490
13336
17666
17421
176
15803
5402
13904
11811
7268
18905
18828
27958
22249
1122
4557
24616
3186
6132
5814
23774
6797
14579
28629
24980
25166
30033
15071
28371
27366
18987
27800
27537
3379
5246
22538
5182
7428
27393
3323
3724
30884
5011
22378
15205
12414
21798
11146
5780
10029
14008
20193
11401
16711
5672
19793
22502
27353
12945
26121
13428
21590
27513
15022
20384
20553
21721
8506
5420
22197
15831
9526
6207
30707
11584
26946
31841
6252
7761
31633
14729
24819
28692
11758
3175
26617
15955
29071
22358
15479
30092
20030
18298
12215
32656
24780
17545
6917
14585
2666
20220
8544
4694
14752
552
1863
7096
902
8483
3735
10841
8413
4675
1451
6311
32513
28830
15378
5606
8623
19445
24290
2982
30248
26167
32225
9886
20876
14793
24190
10998
15946
27169
22522
25720
28185
14663
27790
4793
24746
4372
26454
26191
28897
20396
21592
25898
28227
3532
26537
9910
10444
9206
25133
845
32091
1789
32420
10446
24750
25658
10591
9093
19807
8135
24382
7345
7324
6150
25968
8481
25404
27917
221
24976
30111
19848
17229
28782
29238
23344
18112
7344
3167
10966
22646
9419
27301
16563
21849
32166
3025
9007
3643
26796
18532
30047
9550
10772
9214
24344
26013
11311
1055
10158
31079
4208
28666
23714
4005
773
16964
6032
10643
260
22746
21732
29669
6002
13928
3435
9440
16194
31721
31313
12183
30478
2417
6399
7476
32062
11880
10204
28170
2241
22101
32439
27182
22126
26390
27482
32464
797
2087
10480
30669
7346
15849
30536
3523
9120
17197
23952
12340
22037
26668
16284
8859
29007
24135
23745
7884
8798
16298
7071
10135
1661
4624
18399
27093
5892
6246
17519
8700
29692
14946
13281
8312
14905
18830
30471
21124
8639
473
3870
32372
5629
27520
17231
14245
5446
19468
22404
14834
4437
7232
28992
28696
31715
18456
32368
2545
11012
29304
2334
3508
24589
7492
11347
2504
2434
19126
6711
2554
30587
6885
17489
17145
14751
10320
2941
19858
813
7722
10164
24564
21381
31318
20946
27019
4735
22149
9057
30967
430
19511
6202
4333
9654
30186
10403
24031
9925
14093
18516
7843
19745
31428
15531
9897
5437
28976
6606
10634
20878
24625
27755
31973
18721
10668
6682
14606
20533
16578
26552
24137
25872
13024
6831
29917
19733
12483
24914
24643
20002
9706
24885
27215
15179
27387
13894
26759
24476
15008
25174
15207
5361
29667
5072
8314
25852
25536
19527
18356
2883
21292
2192
24321
7753
5417
4887
8123
27365
28989
2623
8267
7135
13201
12713
32087
13091
10420
8782
13769
3189
18286
30448
12653
30330
20025
23644
3610
17804
16747
8418
18991
29740
16472
19557
23898
31411
10933
2499
16258
19729
24438
12938
18239
12357
3055
1288
27948
12287
23538
8520
11426
30114
3455
1313
6479
24685
19090
11588
8092
14702
32069
25541
10463
16033
7237
27059
14940
29920
11931
19663
13532
11708
5482
15960
3780
3596
30860
14747
10830
11717
24538
28302
7858
22135
8805
6802
8086
10761
1898
288
32464
29342
31202
27586
28531
11988
3392
20834
7760
2135
14080
19572
30191
4952
15656
174
25315
28643
29554
23951
6057
30092
12874
22354
18073
20108
8378
2231
12208
14394
5844
8938
1799
26232
27600
9965
29940
6450
1807
11802
7436
7396
16356
11936
819
7763
18186
10152
11842
2689
10935
6395
5582
30550
6362
2227
10036
12251
8503
14380
20007
25380
17972
31213
10900
7599
13128
13331
3892
716
30320
5665
27261
20752
6341
16826
25822
15687
18143
15382
29657
32458
18560
24673
1190
4246
31145
2997
1534
7369
2383
20877
4313
30034
6053
14698
29333
15777
7447
32488
6357
22287
5156
24748
15825
27950
30034
15613
10523
21574
7490
6439
23755
5869
13784
6982
10515
19816
23322
19200
9162
10445
17295
11994
11310
27945
18698
20345
8302
19914
6389
30317
16080
31033
4907
18694
2107
9196
28207
19909
26506
23414
2760
30292
20548
17731
31162
21865
4642
17375
8121
16220
5983
20137
1747
24414
20579
3966
7867
17379
2095
12740
31755
21960
27387
25201
23581
14593
20858
20766
5381
32151
726
18881
24183
19038
17244
13243
30108
1547
4585
26644
2434
25785
3405
29269
14431
24299
16301
26702
21784
22958
5878
8737
22879
18796
9708
29443
1252
5420
4863
15904
20749
19036
10266
22590
12037
7450
11684
10433
12496
19934
22342
17786
16687
8170
18234
4213
11481
6038
13168
12303
3725
28372
27339
2544
27415
8888
32723
22928
22579
22327
22858
9007
23705
7203
15718
10906
16359
11093
17806
8037
30372
27626
4459
28488
22924
4224
17910
26938
5431
29675
32710
18638
10856
1709
28729
10610
3293
4099
14734
31848
19177
17099
17861
3869
14249
18402
12677
2801
27578
27709
11725
18980
14628
7223
2541
23655
22739
2297
22450
13290
16264
6546
22650
22772
17070
6877
6596
20801
13625
32512
3911
16547
24978
5965
3460
21061
7196
20084
14689
30006
2952
7073
16986
16953
27698
9333
17934
20639
22595
5025
27505
13667
18236
13415
20469
10150
16116
14083
3949
3588
29555
25237
2796
8670
15932
10533
25584
7510
19450
5356
20328
25690
17005
25985
23273
19324
7404
19786
9823
5388
29818
97
24866
17672
1504
3500
31862
18694
16403
27682
32046
27801
11408
6707
1340
12760
28745
10382
13357
4915
9975
25086
13603
7160
24438
12936
18976
25224
8742
23249
15244
8780
2380
3964
27479
17150
12905
1546
18595
10950
14650
13618
30088
23520
10502
17475
5012
32043
21646
10717
32609
28725
13046
22724
22556
18205
9387
7476
19289
4672
15111
1037
14142
4502
30747
14914
21437
22026
30643
10985
23185
27738
8883
27086
19005
1986
4418
18718
30640
2791
7381
3739
16953
1959
29345
24067
18167
17042
17033
7787
22718
12322
26803
31194
2660
4069
19208
11080
18971
24423
13086
13196
25696
15511
23244
9591
8975
13410
476
28412
12479
2208
4192
20547
27354
12910
5671
9032
32129
30345
14783
32458
9476
387
27013
19851
25381
29305
5931
25245
27683
23335
23943
27537
15117
26175
30767
11127
21288
23065
22378
896
16755
30121
16175
25281
14171
19059
7479
11399
28754
1340
24618
28708
25451
32719
11685
31202
31865
894
24182
4949
31603
4711
23185
22723
6093
23421
30477
11904
6418
13144
20819
15058
10646
9907
13744
4259
7649
21943
17652
1101
14947
17220
19246
7053
5025
2368
29494
19134
7038
8914
8548
22208
31958
26645
2005
30904
19597
9636
28808
8316
27546
23457
9600
20756
1971
19276
32356
8214
15038
10402
6327
25310
21009
19021
1946
12812
4195
29950
3121
27321
28320
29113
28072
21674
32114
9360
14172
7402
30511
24221
11166
22514
23263
13935
7345
6730
4765
3532
655
15565
8847
28
8622
19846
22930
17324
9862
11817
15420
6215
13626
9294
7901
26319
24569
10214
3586
5274
21892
726
22543
23872
5056
9634
17198
19785
29331
5160
30562
9980
5323
30594
4621
30551
16161
20780
924
18126
19731
31894
31298
9762
30416
13249
29178
5660
22283
10452
32397
25032
24524
25135
28324
14212
24358
13150
6109
3639
5209
12051
10340
31043
24719
17666
20578
14828
13987
19405
23997
20351
15520
23284
21453
26955
22374
174
11008
16320
6814
17810
22888
32583
11314
11273
907
8216
2828
3780
16249
933
22475
10149
5773
1652
13824
22623
25879
1754
22078
23753
17862
17887
12036
18346
20375
13796
28374
1813
27886
8596
24786
15871
22915
30817
6984
2799
25799
2713
19800
11418
2558
13685
18662
28458
18369
16203
20927
21323
5941
12458
14036
2093
32232
21123
21807
24485
5883
4571
1852
23713
14095
14453
8260
20818
1150
14062
11804
18238
25681
5009
18225
19567
19492
2756
29903
14648
13754
4161
9805
8010
21347
10272
32057
6468
7744
4173
18955
18749
9959
32286
22706
26746
32683
11325
29415
11540
2214
6754
4119
31863
29656
9983
9829
27839
32765
3284
17218
15330
14426
27891
19709
7582
3464
26639
21027
11172
24969
32057
21609
31381
15858
9076
15431
2816
10521
22750
7430
13147
24908
6053
8295
8316
474
6848
4778
19549
27905
15436
15969
14086
1957
30790
32595
10274
701
30768
29061
23360
3022
17341
18563
26268
15158
4320
4807
3661
14701
20212
2767
3832
18028
21558
15405
3051
9694
13808
9303
30021
14407
4691
24326
877
30623
20877
14112
25456
24192
15953
28187
10215
25047
30095
19691
23678
23986
20108
17083
6013
2180
10592
18241
25836
23495
12961
846
14856
16387
8926
14524
3987
31834
18897
8246
2611
24128
19118
2057
27272
5344
4408
31048
31989
26167
16165
21450
5084
4813
23056
6794
8621
5901
9361
9999
7019
19229
21995
16568
28488
13946
14604
26988
21442
27896
22438
15522
23953
25365
23162
1370
5475
17402
24850
18971
11764
22839
23867
16836
7372
3267
647
30581
14610
23924
22114
26568
4302
12565
23571
3668
20157
11593
22561
17014
8055
12437
29904
15659
11369
27771
