3908
5402
26984
18609
30741
23062
27951
4593
9128
20432
27293
22062
3979
9356
28534
25218
6716
21666
26093
14543
16164
5249
13729
5769
23942
18166
1175
30544
20777
10913
12427
30157
29161
31438
28842
28637
4912
17224
9453
4141
5282
24229
18810
23047
26871
11399
14244
22778
28635
20883
14030
6118
6409
11014
22462
27844
27048
23298
13668
651
8049
5389
18426
1892
20054
1743
16410
3807
327
20072
21284
3470
8893
20463
27108
17758
20210
25192
20277
29250
5604
21316
5578
25148
7609
3645
32629
5209
22489
5254
13983
13102
13202
23842
1286
11483
30223
14528
8100
11622
25522
29733
32411
26718
31562
3294
15182
9342
15459
29796
30710
23893
26690
7810
13177
6042
11814
10389
24341
17778
31500
7348
30409
17951
25981
15018
10151
12828
5067
3522
21434
5613
30847
1882
13763
7418
12965
31558
4663
32490
5233
10960
22860
15895
21132
32058
22316
7961
30941
9182
14634
11192
30998
1720
24806
14066
18325
18925
6449
20462
32546
1895
27543
22895
23608
21945
3310
25165
3129
26477
16935
22400
26174
23291
22160
23266
31311
8053
26762
20047
12847
15320
18613
17626
27915
6713
25008
19418
16549
1303
19133
4710
11164
24691
28293
15113
14502
25866
3519
1767
22119
22101
4030
24090
14822
17075
18083
8386
31002
7251
26789
19115
26279
15340
25312
239
4845
6276
13273
28630
7215
703
13096
29366
5269
4364
3486
14748
3874
26725
22729
25907
29921
10084
13916
29468
28065
14436
4443
12895
12374
9805
6993
30317
14066
27413
13271
16647
2401
8177
11537
15711
17393
4290
22704
10864
24058
1297
30077
24099
3193
27776
20567
13663
14357
11268
18885
31846
442
18010
1383
585
25850
17353
14680
9280
3443
31475
25758
28522
12220
9799
16181
17997
24723
16656
11853
10593
23032
3700
15032
9956
20497
24856
26235
19910
21839
19088
16115
1015
214
17909
17682
16469
15204
25939
32268
17866
28336
23597
19074
2302
13822
9333
12394
5811
13582
11494
9428
23460
3823
26171
28599
14612
4122
12514
13530
21288
40
28301
8334
16502
19583
11523
5086
8534
22450
17439
23210
10794
22954
14174
24877
3616
22796
764
16475
2613
9642
4479
18325
27267
2660
8147
13645
28069
8668
4626
18633
28739
12145
29365
15714
29670
11827
15905
30651
15601
20988
8457
27359
13826
12078
1120
23869
16636
2091
27605
11463
16912
5021
12967
9849
31483
1406
18977
24939
20803
3313
8032
30153
11769
18714
7043
27448
5285
23160
30943
22817
4532
5478
200
32699
22416
25326
16665
23862
30640
23332
16214
26214
22318
15088
14691
23478
5910
92
18214
2993
1231
15025
13168
18456
30466
217
6747
18732
9601
9212
10886
17650
7323
18586
10894
13813
30583
12083
31044
11652
30539
15565
2580
5571
21554
29920
1728
32469
12766
15083
2450
9662
19823
30152
19152
32534
13473
10957
15086
28405
7737
28508
31907
4085
9585
24635
9062
24422
29750
19775
21109
16145
3534
6786
21857
26531
22130
16334
26707
29210
22866
24195
6812
13169
12651
3726
28097
145
23144
25505
26688
2747
14705
9391
25563
2431
22491
12254
24640
28946
15983
17457
23441
19409
6371
30923
2244
24068
26235
12412
11226
21349
25644
24515
9908
18379
30409
2241
944
10072
13085
28318
22862
9699
13424
29100
15771
17141
6157
6387
4106
19569
16506
9400
3969
24128
30432
1518
13487
31757
2223
32300
17245
7285
9871
13629
23813
9813
18153
21555
21882
29794
31453
22746
12453
31440
10835
4657
24163
15547
32376
30231
13992
12873
18395
28320
298
25590
31447
1207
13045
8497
31389
1905
7107
25191
16330
6951
7475
22529
24404
13838
5554
30641
12910
24555
25767
22800
10379
19723
31124
14308
27308
30185
32459
15858
18144
29192
27928
23717
19216
9930
31351
8222
24247
29913
26254
7373
17213
7678
10065
15527
8475
23401
10239
22954
5537
10012
20203
4858
20197
18925
10893
17214
2871
22817
11795
17120
7106
7349
30023
9992
25850
10302
31109
29034
3494
31711
17830
19958
7601
6812
9217
8331
13720
2598
19765
2653
8179
15255
21082
11063
9297
15696
29435
12733
1778
25566
23201
17800
1242
30793
11138
32518
6998
18802
6527
12647
2790
19310
267
3654
25946
16962
29863
24459
344
16776
15985
11488
18509
7669
30935
8568
14366
6140
10886
18402
18963
20242
5593
9425
5095
15468
3222
27135
9525
32124
16971
13910
16453
32585
777
24855
24233
24684
9178
31315
14449
27567
775
11797
31032
18170
6060
20257
16744
2706
19873
30602
13087
6660
22457
6088
23942
19545
19456
32664
31584
11480
12659
3496
11620
13978
23552
19590
19114
30902
21627
6789
29436
4136
20527
27986
6303
12512
5587
20304
7017
4688
16251
8169
13387
22781
14595
16265
11515
12842
30652
4349
29037
8124
32641
27285
7541
10873
32717
24532
19546
17065
417
9447
10261
20428
31112
2949
6045
5934
23565
4881
32420
7688
26444
15192
9653
6425
23832
14858
29233
11859
20233
13228
23911
25711
16536
15593
164
2682
18840
17910
26598
11763
15124
4770
30405
6925
20998
16394
29684
15647
21126
1002
876
10396
30756
22762
473
22205
24645
19902
27822
8744
20479
31828
12572
14343
7781
8356
25529
597
6071
29187
5780
4055
2411
24495
9509
12578
25729
7435
30562
13241
27547
9349
19944
13296
26310
27234
5926
17038
12357
21182
6524
8812
22775
2275
3791
9127
6148
27545
14565
32387
6208
1799
1130
22996
5508
30563
9365
11194
30365
24309
32180
25860
11506
22552
1882
3438
6905
7112
7656
21414
15928
10392
5483
6392
15346
2862
30641
13495
26675
20289
15231
9901
17160
29283
10600
2300
9231
13232
15797
9265
1958
12095
1432
3000
422
20637
4172
22297
3093
30708
19595
30859
32560
19997
17381
17096
23227
26260
15412
14214
7941
20662
27449
24838
31198
11536
30341
20195
18915
28735
9106
14417
10818
7580
2345
11710
3530
11676
4677
26857
14643
9994
18483
30227
28165
22021
7093
2175
8100
23862
15537
32154
11383
29232
25758
20635
6778
29652
5001
25986
6423
6855
31962
5168
29509
8967
27446
6523
29515
32317
29015
6699
3437
14211
24987
11198
2795
4293
26313
10022
3917
26625
15551
30893
21741
20154
15908
1102
1807
12345
2566
29864
13106
31368
7359
280
26773
8416
20982
31737
5327
2250
21443
12767
28977
25979
23408
7765
22156
309
29205
21332
6183
12809
31856
25207
26384
17863
10470
10910
5156
26949
27715
10020
26872
573
27081
14243
19651
15813
3736
7038
16572
18289
20106
30163
17306
15438
4638
17287
8200
25991
15131
13501
10144
9287
19312
27490
28224
12398
25180
21913
19796
25034
16531
3515
17432
13941
4687
146
11336
17260
5670
11021
29696
4302
27065
4047
5066
28469
10270
4225
1829
17866
1298
27604
20343
20487
4832
29595
27935
27823
32352
17945
18829
22610
12778
26104
18819
6631
5826
19355
2778
22894
25650
15971
11800
16781
22134
31659
24261
30604
11332
22259
27014
16081
25753
5405
27915
14626
4474
23778
18476
16382
17011
19912
6827
13907
18068
19489
28967
31359
19861
24348
13279
14693
23543
8337
28583
1989
1578
28285
764
7516
15112
512
20701
32648
11107
12845
12411
27748
6986
756
22614
10730
3456
16234
5712
3490
23058
6170
12220
2760
30167
11195
7282
21782
19304
2299
12799
23968
6746
4998
19094
15976
32721
10984
9314
18756
12123
754
21897
9269
24354
5754
32744
19544
8727
3080
27049
24572
13971
9516
23585
15946
3916
25294
4462
14268
11640
24703
24517
31246
19282
25659
1620
13495
16540
28665
731
29669
32364
14439
4160
32711
29746
32673
24817
21137
25367
21742
19235
25272
17860
17850
13531
24603
19861
22006
2061
4842
5562
9358
5260
13652
5589
25185
22899
2345
28361
23968
18439
29712
3327
31927
7876
3738
21243
24544
10696
29906
19856
5456
14532
987
13220
22698
11207
15451
12773
11587
10522
25921
30764
28647
17858
29096
12806
24303
20465
19537
28530
4804
25293
29082
13093
29829
6978
25594
17845
5997
9113
28701
22723
10955
29897
11442
448
1832
1036
4287
20418
8280
4994
4707
17816
3417
8750
26018
4938
19819
21594
20318
19744
28480
31746
4559
3611
28578
6425
1821
31703
11305
8170
29152
23682
28402
18069
24067
27410
12541
9423
13126
31732
29201
13211
4774
10070
9100
19803
12194
759
6332
30157
9937
11562
25938
27744
14845
20660
11198
12405
25518
21269
20443
8372
6247
26994
16722
2580
32761
3920
28332
6983
10611
17721
15748
11178
11490
31662
25220
26784
18075
32608
22366
26435
12829
11130
3186
5834
6981
27112
6518
15208
11768
10515
23836
31099
20664
18183
25349
24174
28373
17324
5439
7637
21094
4251
31128
28492
19448
24483
13843
17129
16217
423
15351
8030
15416
29695
32403
20060
22362
25551
983
14061
3702
27605
21855
16230
16566
1607
11491
18751
21280
1493
17905
24969
19616
20097
8676
23598
18662
27850
21970
7999
17972
23583
19741
21460
17955
17438
21334
18447
24639
32644
21402
7374
13273
17378
5626
12748
16293
12349
22978
30486
10784
18493
8712
19079
11391
29181
1320
25247
29759
30445
11823
16702
1511
32165
19329
19400
4174
8308
9150
15570
18434
31367
8262
1900
12184
8033
13353
18407
2722
5085
22871
563
14174
20135
6924
16053
2562
553
19797
25517
20411
14975
8091
6987
27141
8269
12678
13752
11630
26476
8487
10126
4064
25457
23581
18821
25366
14373
12769
30112
839
19304
25704
31199
20702
4362
1558
15840
23306
11392
23146
15018
8391
23832
24942
4850
32316
725
17128
13866
9893
14480
21971
4812
3190
20934
12416
24689
12904
18487
10366
17316
10372
25665
7865
15101
6594
13706
22131
10714
9448
12030
31260
23204
23654
27361
23158
6410
29260
12413
19443
11644
27825
27531
15020
3508
1532
17947
10680
32105
2338
31497
29049
13448
11899
29150
30698
5098
15172
26172
26420
16085
10918
16502
30249
27857
32589
30550
13238
16245
8507
22901
1452
19666
18744
20953
590
5327
21442
3050
1369
28881
25205
23308
8918
6998
59
17804
1167
28509
24053
1224
26827
24354
14269
15271
27627
9248
10337
12929
31611
2341
11017
14720
15481
22442
5368
30904
19143
9538
4145
13731
18014
16640
17234
14251
386
29508
10482
3869
27798
6245
880
3197
11275
20662
19132
15895
16100
27444
14868
2796
3125
18765
6647
30172
1139
16783
8968
26850
14771
28532
26412
7252
25267
1159
2738
32292
4652
28296
15235
29476
20906
302
16711
15075
3967
1972
12640
22521
9870
6765
9704
32190
7007
5751
8961
16591
27407
32282
7987
30856
4469
27178
14609
7557
32397
31715
24661
23588
7401
26717
24769
31883
8796
26478
15784
27967
7125
1676
32278
7256
14720
32512
4296
10513
23698
28285
25377
23244
2673
9567
4611
15186
10577
16539
19094
8870
32685
32458
15040
6917
13134
15212
463
9321
27668
2520
1234
12410
25844
8474
22840
15824
6949
9188
25875
8668
29390
24756
926
16510
17172
21985
5195
25625
28873
2877
6736
19165
23378
16297
27949
30778
283
29299
11542
15503
29973
32702
26303
15682
8115
8868
5301
14412
29851
13388
19223
28798
25359
18789
18978
4661
2083
14980
31897
26860
2736
10708
27108
13540
22348
17516
24111
18388
22464
509
9358
30237
19672
8730
1432
15531
47
23202
17123
19100
5029
17957
3822
24744
827
31766
3153
156
24070
22869
2878
3503
28115
17573
9595
27100
17698
24982
20484
18547
18279
13948
3975
18032
4237
8634
10507
28675
8914
1771
27703
1196
14613
14274
19287
13009
20739
16097
11186
27265
10168
22365
16348
14674
19654
12147
5205
7977
11906
15827
23767
28814
12141
23143
27699
17488
31080
6415
1617
5575
32193
18269
18935
6223
13136
9085
18581
3057
11914
11666
22249
17064
13275
5825
14200
25333
27850
4667
3932
13401
25926
5084
13716
25104
1659
13064
18518
1116
1018
10891
5940
21775
13386
28544
12814
23258
6294
12545
20342
1361
8868
13575
14879
22585
7264
21763
29902
15703
642
7601
10685
25733
32645
938
29878
9204
7523
29781
27240
12167
14280
7420
28068
26370
26657
19714
32499
32182
8094
32735
10302
27251
8385
14639
1733
24132
7369
19040
10571
25540
20615
653
22589
30253
790
2122
2734
9379
32139
15030
14329
22592
7405
19245
31338
11730
20816
18439
23955
15101
2994
10823
29420
30640
7605
10286
21775
14508
32193
29089
1313
23868
10066
29285
7284
978
31017
11586
272
16208
18825
3671
1086
3641
2541
28183
11521
23555
23088
30456
21377
20956
9256
9553
16177
19284
16872
19735
26714
4419
1190
20519
20676
16985
31719
31967
27620
23043
24595
17422
21946
16661
31584
19295
25931
11473
9999
4779
27833
28862
16254
25600
22262
923
23940
5646
13113
25923
14542
16966
21600
6326
18439
26848
31006
17929
16247
29366
18274
2299
4517
19943
25492
20923
28830
29427
20788
6625
12537
29981
23835
17623
11079
4240
8192
23346
22917
7008
25059
2950
25375
16763
31844
30206
14302
30635
3451
13103
24002
22261
1438
10513
17326
22579
1452
6862
1546
22324
3894
8490
30278
29111
30863
28846
24823
9802
14328
10152
21160
3300
17686
31021
3601
23636
3006
21663
4923
29156
24973
22603
30955
22354
8859
17057
28774
26378
12734
16644
18215
8012
19070
5004
9888
14539
22713
21045
402
15429
9464
4877
26042
842
2867
16511
10077
30577
31649
26705
28862
17181
25262
30690
8698
1138
10573
5606
16346
10331
19824
10113
12807
15660
929
19221
16252
10439
30878
12303
1895
506
21726
25754
3981
10208
27894
12193
13318
8078
10587
11541
11815
21513
32706
12713
9121
8025
31773
17097
9277
23645
290
2314
25147
15200
28272
18047
32710
32234
2357
13380
19574
23309
11739
19473
26539
26268
13774
17962
18077
27873
11610
21828
14408
25412
792
10193
21831
15658
30345
27062
11620
2991
30896
29395
19112
18275
26673
20161
14588
21039
5220
19327
12207
2069
9909
18454
14201
8374
15580
21520
21895
1611
9478
12644
24547
7567
12789
31877
23782
26124
27278
6942
22230
15743
21900
21201
9918
5007
13204
4806
1563
15231
12629
5208
29268
22293
25618
19062
28210
15346
24829
15311
6162
14244
4941
29137
11403
16763
15421
13217
32510
32317
12153
10656
26060
14309
29017
2900
10638
17875
8195
902
24540
22619
24104
25848
4897
25758
12146
11067
29598
3915
20376
20429
5545
23438
25389
18802
18964
20038
20527
19320
6512
8372
17915
16277
2080
8355
4333
21809
31388
2636
30085
4797
24849
20001
30086
17424
18694
22259
16041
316
27783
14553
27548
11470
6503
17019
3377
20880
8551
11285
23513
21171
28710
28588
16080
19557
4879
9156
14592
8231
27798
10516
9798
20418
9375
21046
12818
8373
19200
28729
19532
11798
19080
2873
13096
16736
32660
23879
13476
7142
8790
5840
25113
30711
1174
99
15010
5603
13144
20360
22222
16039
7506
26904
12265
27152
30762
22637
32419
26804
11483
7286
20199
17907
16323
14862
30857
3665
4218
27025
15242
21547
1633
20869
26362
2018
29043
15969
29672
30906
31882
16502
5953
21940
865
26556
7393
13571
23767
870
22566
31145
11638
6993
30265
21354
2781
5571
11013
15561
1086
13084
9518
4881
19088
17388
24362
18822
22817
30281
13884
32707
14638
25271
28491
32688
13339
32629
156
8947
15230
26192
1362
20139
25183
18936
19944
11010
7844
27799
10847
16767
18474
350
4837
30976
7143
8373
141
10269
24728
27068
881
6371
11115
7297
7216
14062
18355
32502
18954
562
13209
14059
16501
25831
23242
11637
31433
11804
13510
10728
912
25868
14088
31532
27039
31049
19028
8210
3716
21733
10047
13121
27242
9835
17786
19301
23929
19311
27004
31036
29037
27776
21951
32088
10863
22654
8943
16806
28104
17877
9504
24940
26651
12553
31298
6404
341
23244
925
17026
28410
12517
19420
796
8533
23674
25906
29539
5680
7249
15457
5729
24047
16943
23485
23531
15344
5563
17389
3334
31055
3055
12287
15928
21105
7869
19937
27193
25822
2613
28801
22753
1807
12173
24897
2219
7100
8918
24947
25121
562
25406
27467
20316
22286
18369
7604
15183
656
2489
20557
14705
15217
26221
8208
18270
13436
15389
2124
12489
32002
24741
17179
27547
29509
16177
21975
3036
2830
24522
20501
3738
3515
3404
30833
19309
675
13141
13111
21825
4327
2510
21915
1692
2147
10329
8034
31496
3367
11645
28710
27706
11385
30438
25883
25815
5703
28505
4917
31261
29953
7650
31228
24906
21690
18114
30192
868
10476
2318
30896
27406
28237
17062
8227
18669
3472
24632
32746
4523
24763
10469
24249
22913
14125
20738
28441
23497
12975
26908
25701
18069
14009
18858
18990
9505
9707
10933
23759
22161
19438
24870
12561
32389
6170
9847
6235
9156
23989
7274
1106
9628
27451
12389
26810
14390
10636
3040
9724
28052
19432
27841
22157
25821
7686
21741
6919
5153
23703
2840
19333
2429
2728
14319
21963
10203
18126
24707
23547
333
6207
8946
32407
25161
10530
1879
997
21630
28251
11022
21473
15741
12211
22969
4976
9280
18142
16800
29578
28687
21198
23411
11425
22780
1206
20231
25342
27516
30289
30450
22000
24412
26269
32185
757
14809
10434
8536
16685
19687
21367
14851
23963
12287
18167
16239
23220
6684
31859
1186
7621
8233
21476
30072
28408
9499
16834
21542
8364
2460
24045
13401
21482
31177
22149
10522
24622
2072
19767
13683
3347
19214
28381
6892
21867
8370
25210
29289
9376
25449
1346
15957
7326
11192
14833
12068
23441
16781
20574
16372
1620
19387
500
31420
6574
15114
22183
18417
12964
23863
69
9571
3308
6566
25116
30594
21543
18168
11434
31
21154
14977
11820
12934
3190
25239
29836
31289
6086
6117
16161
14803
22889
24885
20846
17093
876
29156
30228
24860
23829
8301
10591
27228
21912
28569
17628
12681
22024
4419
13129
31394
3378
8699
12923
2586
24433
18998
28251
6600
3781
28136
13785
22978
8475
30412
9069
11144
21633
3277
13118
12736
25254
9230
21330
29372
29149
17311
8728
25969
3353
8198
11521
1721
10517
1899
18112
8259
25985
26513
18563
28885
12947
26509
17844
20979
1469
7458
3919
19482
30383
16806
30276
7031
23434
16239
30591
4066
14691
7737
841
7587
28653
29655
26044
12369
6838
23527
4180
27883
12235
7960
20019
18018
32574
3308
8362
5773
2674
23075
4938
6836
23056
24686
15623
26277
24976
5182
11897
3013
15521
26877
21475
26263
29203
21131
9599
5217
16942
32126
11570
22518
13509
26955
30310
20259
7601
26277
22907
25554
5322
5328
11027
12833
29695
26458
162
20099
22168
5986
27843
18606
13475
11087
13751
9986
24207
6313
5363
22200
30614
12089
14317
6476
5040
6697
11405
14113
13980
16221
12023
2683
3574
22890
13031
30147
24879
16265
6846
21673
23419
31673
12888
26587
24966
3199
26066
20747
31875
5904
10569
1347
25973
9638
31953
28048
4802
10369
32703
30091
23447
23129
16186
18834
19840
1101
32495
9128
67
13839
12443
7110
23567
10958
29686
25709
24812
11969
12513
14968
19278
27290
28805
6684
23554
30150
23107
23127
21094
16138
28213
2956
28158
27692
23532
21942
29835
3906
11153
5854
28776
2711
24154
24880
9029
11589
26160
23503
21237
24278
25898
23207
10757
24367
19750
27655
14334
29378
25251
6443
26968
15982
12088
12546
1150
18842
13697
15656
21357
18665
16962
25685
6995
4879
17756
21529
28989
21715
17806
4127
12133
1644
9498
11744
17354
8220
28708
6172
28807
31673
10754
20238
9243
26106
19618
12084
12540
12477
10518
11685
4588
27989
910
2479
17246
13013
2297
12198
22737
8798
17623
6014
10316
5095
18490
10716
14608
13960
13258
13199
23717
16279
21811
6806
15050
16805
2961
9264
5473
15309
3720
3426
18662
10697
16790
17506
26180
18099
7714
7915
7914
18390
7083
22183
31245
4881
20412
15251
2672
20379
6431
9231
30768
23133
4005
6011
23374
1562
3383
32220
24223
10180
5626
27704
31034
1417
20905
16732
20527
839
16094
32507
5823
8346
28710
9028
4318
22177
21590
8072
9066
5929
14404
2493
5991
18479
405
17354
7754
28740
30627
20478
6379
7452
13023
19741
30258
1157
1757
13243
15955
23227
11307
21666
13763
30152
30623
29622
25799
1070
30293
8931
7811
4794
16299
8473
32579
19342
3258
27655
10297
9719
17132
20060
25800
7625
16472
14290
25555
13237
10049
20781
19958
3572
8655
16620
3115
32546
15187
26319
8622
9982
2811
932
13507
13226
17333
31114
28575
10013
6468
4961
16780
18402
15289
28139
6177
7467
17085
25552
30999
1025
22840
4183
28526
26975
23082
19760
16167
13316
9300
30726
7079
3593
32670
3524
8261
31477
927
30035
13655
18398
8377
24762
22576
15553
8630
15724
30250
18452
26608
31785
28763
1227
8105
16872
27921
24572
6325
11234
8339
4726
12393
23109
16425
13685
11856
6894
20504
28487
14649
14978
5472
17074
15942
15089
22042
20710
2047
16407
15195
31926
11453
32038
9387
15268
1659
13870
12340
22543
23349
1261
15691
27130
8361
5046
31849
11060
1018
8364
30669
7834
19229
12586
6960
23482
24062
8040
12851
8097
1748
2242
14817
18250
16848
9791
4002
10385
13508
26526
444
37
14481
19621
27117
29448
27423
28681
28583
18395
14160
10716
1624
23493
24161
5756
10110
22026
32130
18984
32333
11711
23482
23884
467
21976
26477
18134
10395
9056
31156
12153
28549
24428
29676
218
4087
13914
25430
4541
27749
17256
23682
20667
27772
19612
527
4244
21337
18760
29522
12101
8095
2939
2744
18959
23457
15675
32161
20707
13016
18367
9838
21630
5494
5467
28176
2244
16770
10760
5543
9839
19222
15643
1296
10388
29355
5993
21152
16778
13120
2105
30808
29555
2646
27888
32153
9965
29485
31843
21362
14657
14907
8645
17960
20202
26285
26100
55
21194
7295
24818
23600
5921
21798
27745
10492
27792
4941
25830
9277
14134
14128
17510
20218
8197
24357
6802
14991
21143
28063
28616
16882
5695
23642
16822
14087
29970
2441
2870
30721
3045
16170
20163
27828
22803
14412
11560
24192
2348
16522
14468
27376
1107
14113
7688
30457
26790
405
24868
12129
8146
12003
6110
12423
6887
18446
24766
2450
21935
11819
18537
11437
22676
16766
26287
2393
30247
21801
17602
16532
29238
3873
22845
10458
2494
12284
29006
16025
24447
10667
17401
1783
18092
27574
9667
22510
14923
29173
24802
8935
2884
30526
30723
4475
25220
10639
27798
25871
7828
11676
32649
14998
13095
32598
9626
31777
28696
27077
29842
10394
10686
4725
4020
15880
23299
4938
1008
14812
2075
4364
19748
24655
3609
7555
29456
2053
31480
31395
11604
13403
27811
860
19643
969
16647
2074
24507
5414
20337
17272
30137
4076
32371
30242
27032
21157
12795
5961
23579
10174
8007
28233
16618
24336
4737
28095
22667
29166
22436
22944
31802
3023
26488
22349
4426
12923
15960
11467
14430
30478
12417
23368
30326
8232
29445
12740
11341
16371
4187
29302
28183
16109
25935
17690
13900
16687
11266
27560
31559
13714
3621
20049
4901
1692
12156
16352
10808
11171
29908
16294
23942
23580
8814
5898
26003
15159
24005
14211
20501
27477
4741
14342
9559
16813
4606
32238
20785
11165
29581
8727
15596
12352
27235
32441
10793
27923
4181
25330
10516
25428
26882
2985
2424
7272
23544
15058
761
17955
13635
19850
3713
18112
21275
14961
31094
7309
12028
2781
27769
6325
25044
30747
10219
2839
27663
26161
18016
24492
7821
22210
6614
9154
1667
4160
5855
10503
12082
4402
9427
25571
30871
17454
6767
4130
13901
8263
18208
22964
30226
15415
25310
10227
2859
26274
23951
27928
16968
4614
6232
7642
13152
20442
31050
5172
13524
21146
18212
25155
18299
21602
28748
1557
11409
15283
2879
4682
16062
28291
869
843
31649
5199
7207
4027
10129
18958
8553
24518
31762
28960
16083
25228
422
18730
18006
15580
13376
6209
16858
16283
13463
433
12596
24350
11252
19285
11070
7476
15980
8629
26108
23536
25833
13829
9969
22832
24684
24015
664
22557
21170
17641
12168
20982
6696
13273
14835
9791
14784
24836
3422
27848
7931
1992
6117
20289
18741
23667
3816
11157
3890
9480
28475
5894
907
16690
8465
18732
30622
17704
2582
2337
15903
1893
9479
5683
6405
6568
17095
30494
6870
1342
3877
14105
27038
13439
2658
3392
32687
2360
23787
28687
21024
1468
29333
26589
32764
19410
19733
13344
9885
31693
21650
30664
6584
4341
24611
26521
19381
7366
1284
23134
22573
6355
21218
23398
2778
24228
119
28679
22754
7240
9772
5896
31937
7335
32233
26326
28584
15344
10380
12245
23967
1034
5948
29344
563
22744
3594
7352
30208
32137
22724
28575
9165
7815
17993
27211
17742
1402
11325
22922
26397
10594
17024
20411
16626
3553
2369
20666
8681
12020
32575
28869
5406
20499
22911
1156
30330
16265
23728
27122
28209
26007
30931
