18322
9244
590
2463
13032
32164
2467
2041
28208
26312
15797
5588
20080
3238
4840
31752
14757
4171
16696
12445
29352
18563
13936
160
15597
30230
11797
18631
28000
8383
26587
31527
12037
23245
22899
30802
12296
21672
16385
32064
11677
30673
20228
27190
25880
16784
17379
30020
12203
17651
18406
2764
3825
20985
5506
15942
8480
28151
20499
2521
31709
17420
22998
10269
29610
10943
23218
2386
21164
18445
22552
31247
11296
7004
17185
6559
29345
21898
8328
22532
16775
23249
20987
13407
6071
28152
23857
15989
28179
10786
4373
14917
20773
5627
12479
8468
30597
30022
9015
1063
4734
23350
24573
24385
1405
29498
19760
6903
25440
21296
13254
4792
25283
22077
29708
3408
27144
13765
18495
6227
18669
29621
18154
855
16990
7114
3774
23811
10977
18155
27619
15254
24965
6660
10770
6498
1669
19366
29366
19998
1897
9046
25635
26719
13641
2309
8150
7517
20930
18663
28578
17254
3336
23672
12220
18292
4311
19840
21533
14752
14520
22664
13766
14573
8437
2470
32750
19970
28889
29240
1304
4189
6527
28807
31726
10860
6290
16430
31987
8175
26132
29014
11912
19857
16705
31251
32129
3745
3559
20952
15659
610
3713
28732
2852
16778
18308
3133
29985
2124
7704
22022
27265
14651
12992
7759
10470
7924
7586
26056
13008
27124
1390
6077
10020
4477
2487
24965
11210
26041
29061
26447
10271
18189
82
24432
4460
10079
14958
3229
25452
8168
29998
32029
14830
11105
12529
30709
19585
3003
14002
22367
27300
857
14993
32675
16695
10414
7581
20148
11371
13982
1807
25114
29541
1589
7909
9648
26307
12732
13380
2586
7339
19955
11495
16827
8254
30664
16780
31833
14211
10781
19963
15383
4830
17373
32099
28863
29170
27399
27428
32056
13632
7423
20329
27851
26933
20115
24417
13405
21993
16893
5486
20588
5972
1534
10621
12852
16759
11521
29145
23476
9235
3076
22525
14939
24218
7400
11788
17995
28811
23516
12732
24314
10750
3647
27880
23028
10253
30915
28710
16245
2707
22254
2912
6031
19939
27330
29786
4682
25115
25335
15861
28771
28819
14329
30263
2920
30292
12135
21437
10794
30389
17209
31912
10292
30396
16604
28063
13988
5937
5759
27025
1122
6272
9649
30078
21823
8854
28337
1410
9365
15608
15854
17257
3130
27985
17367
24432
17015
7866
1607
14803
811
2552
24935
31694
12572
21415
21370
30831
20451
13824
11917
15869
29892
22734
24935
14361
16162
16507
15983
29880
767
7910
22626
25816
25253
20500
11899
32467
238
7294
3423
15295
80
20039
18440
5453
22375
17318
22761
18803
24879
21087
11430
27484
11209
29462
14417
8036
24700
32571
11898
21769
4374
5476
15995
2514
19539
4391
11864
30733
11124
27364
12576
10254
1966
15012
6579
16020
15818
1003
19584
14999
17508
32709
30233
29958
6072
4628
10804
10072
23505
7839
2189
1046
32403
27959
13746
6445
11815
13952
17827
16656
17318
13595
20332
1142
11706
8566
2617
11987
6725
10482
28290
5492
2506
852
12132
7368
16516
9105
15536
30571
9018
24897
28035
28419
26618
20648
7006
18486
1679
28064
7098
9607
8602
12521
13174
7494
5770
9955
24357
11261
960
5968
6549
5092
12373
7360
19203
17687
9148
3445
18751
12118
21417
20429
8816
11173
2816
7614
13314
9421
21290
25385
21505
26240
24852
20063
13812
28427
9446
27686
28043
23088
31320
28795
26527
1721
25161
5246
22736
18981
29840
2948
10052
30685
26494
16587
27296
15715
7859
12028
23423
28802
32766
15839
17742
24790
4063
7884
15038
3503
13120
27801
15314
5120
21837
13855
1698
13617
14581
27742
6953
943
15653
9446
15756
15821
13446
18949
5981
8260
30498
6605
11020
6188
3260
21053
23544
32402
10816
20728
5607
12078
1752
31521
15131
2159
28736
4383
7199
2413
12316
20029
32034
2290
2201
26506
8784
3055
2952
3248
17047
10378
19236
25173
27024
25582
4912
11038
2710
19128
15497
31550
5394
32644
18117
12160
23472
21397
15585
27176
15480
10292
28221
10179
29547
13445
3305
30698
3419
11611
11469
8921
10269
4675
2405
17069
8482
24799
2718
16762
27893
29584
30556
14019
17306
25039
10778
582
13934
2272
19061
26624
14060
9908
29427
2051
32437
1126
10390
2681
10262
10336
7654
10109
19873
8148
12637
11715
29271
6049
23109
9122
2667
20149
23788
28403
19073
24828
14100
15154
12201
20718
6433
29085
23854
3732
439
27206
2906
30284
5614
12357
21174
22397
19420
619
21809
8439
19856
13182
22963
29577
6773
5567
9431
17224
12997
30246
20994
29773
25754
21566
719
1324
10981
8040
32025
195
21532
17844
5078
