3194
20706
17982
31076
6617
1017
6660
11409
27292
21387
29137
7263
27202
13433
14705
26965
30413
20363
12583
19224
10939
6761
2691
17463
14529
3905
14400
17826
16013
14597
7926
220
31187
6585
5786
4061
16292
11494
21208
14775
5652
9174
6982
9601
5130
12169
7912
11979
6784
7128
16086
19659
18825
20973
4640
4726
31660
6113
1600
1347
10358
5614
22300
12547
21648
26082
30111
8198
28145
15422
24420
21020
27918
20484
25826
30608
11502
10947
25281
28244
6029
22473
11938
13028
32013
4745
24753
7450
25672
31958
19171
31725
4662
14613
23443
10081
29720
25484
1765
14109
28670
10499
27547
14020
13766
7300
13218
24394
27552
10263
18395
7603
27839
13653
5687
19541
6473
31171
8820
690
27811
23104
7422
6652
27035
17231
7897
31716
12769
15440
29600
6390
1811
10759
19311
20876
28704
3618
30179
12837
29085
25090
29108
17794
1854
23606
7306
16669
21742
10093
2979
5457
603
27822
18944
12708
14090
17816
24384
27253
5969
10481
13065
24759
11792
6839
16870
25321
18581
11909
13094
15934
24508
9998
2758
190
8173
20417
20768
16378
31551
32031
1033
26509
28690
7096
508
20378
14429
5765
32659
17371
9903
12306
25135
13049
18909
20514
21695
16919
9907
23712
31273
17782
15632
26036
18873
18953
9826
3585
9870
8148
9112
22233
20402
8261
29942
30663
8165
4560
29553
3804
17736
26393
14653
19550
8907
28779
19612
11812
30843
21880
24698
21209
16394
11897
28237
16220
15530
5709
5835
2612
21205
20820
16191
12259
2479
2089
11280
4323
21196
15100
15670
20301
17936
4796
11667
11942
13066
18354
16450
8919
3259
25731
4726
25608
19919
860
3373
16817
5492
14031
27834
16526
29613
8152
3331
21757
7530
7202
8196
13210
28555
22844
6058
28324
20420
8928
7781
2327
1630
11865
23523
6812
5888
30770
344
19882
18448
19190
18212
28628
18108
5982
2580
11879
3320
14811
30322
15252
12338
8870
12696
21916
18607
31145
23163
8664
12731
26219
5847
26935
14400
21754
17758
31721
16101
19696
3241
1655
13945
30246
28277
16197
31877
14467
9659
9068
2594
26188
2300
17319
6889
5377
32421
18700
18881
23288
10928
27634
31558
32585
8627
24648
9884
26789
3951
18824
28147
25889
10110
13236
8282
13535
3854
6089
16268
10471
2797
6481
1605
28931
5231
5403
25742
6573
27536
1035
22529
23652
30118
10043
2992
26378
24733
2445
15720
14093
27106
5962
6817
24247
14587
15753
7238
18725
32641
12573
31461
24323
6227
5635
16398
15486
5610
31893
6364
14092
30289
22996
18217
18870
2213
10259
14498
5026
30825
19515
896
6026
4563
4604
27033
10033
16031
3156
29937
25965
30818
11266
15674
24071
17713
18066
30821
24004
18767
8862
27208
6776
3841
27694
2855
30840
20292
7114
3568
13264
21722
6714
3331
31591
20147
18132
9516
2405
8187
30520
19778
25871
17122
2537
28015
2989
17201
14732
31083
11049
2004
31986
10696
29771
5206
19425
396
20408
29307
5071
14710
7226
11030
23259
18754
19642
29635
23956
21469
1736
23471
7726
10387
5318
26876
57
8131
14604
22447
8535
10285
8965
23281
7300
2735
17619
4076
26357
604
22355
12511
570
20658
12551
18480
16311
7126
21055
11211
28009
12074
29269
27668
11467
25651
31327
31775
6869
23768
29368
15986
30199
16968
3068
30750
12308
3739
13615
21023
30257
13143
22053
5045
28725
25997
31815
29860
20996
15419
9199
12794
8006
5894
9563
863
11333
21019
9582
30826
9240
79
12234
28081
29879
29135
159
26204
20529
24659
5294
6316
18034
27443
23909
4202
8295
18496
30456
1866
28472
14765
13362
14098
24755
11857
14820
13581
12673
15155
3794
14845
13530
29135
28981
13228
13655
23747
21667
25342
19810
29031
3336
26598
16894
19870
13927
29927
32124
19892
20043
11862
26772
2308
8624
20241
3512
31719
12155
31350
7537
17415
5574
27694
1513
8422
7282
22772
30627
27681
5248
4867
10287
30918
30779
28969
27993
8598
10492
2036
23123
5431
1017
1095
935
7525
31982
4197
4487
12698
15536
14746
19866
6038
27637
3852
900
29704
21546
10830
32542
5411
6283
9821
3334
20879
28942
10767
13270
17347
15387
21533
13429
12163
4178
15347
27425
30781
8335
25954
16428
17290
23890
29917
18104
1322
20370
26226
21289
19252
24886
5953
27038
27775
27245
3539
18048
23150
11268
21481
28468
11231
22879
4228
26041
5012
29570
10764
18922
29230
12166
10036
29700
30450
15888
23385
32002
16043
30943
31164
13476
13813
3653
3339
15642
12799
16197
32282
16836
29178
28132
20832
15437
1412
12873
20724
18858
15816
26258
19687
14855
4630
7966
23097
6718
7515
9222
30964
13580
4530
26635
4431
7678
30101
11347
13794
8315
27875
27408
10342
16304
6762
26778
11538
10022
6171
7420
22125
17164
4968
18036
15873
8130
10380
12913
20336
3952
585
3928
19066
8084
27648
30849
18816
18654
8209
29487
17595
16660
2270
31513
1499
967
16610
21927
15707
4067
27556
28891
1510
20875
18284
25068
11176
26585
5439
6310
15667
5338
13563
14757
16627
21093
16251
25399
24930
25147
30621
6375
22421
19578
23010
31437
18312
18954
627
19545
3843
16180
30441
15245
27981
30795
26389
17292
10325
4993
9851
8345
5704
25427
4095
13744
28645
7828
14537
25657
17491
16690
29300
16945
14919
2352
29498
20517
12035
28288
8772
15765
17568
2184
16074
26852
938
25523
16599
24686
14081
9581
14322
16871
20224
775
16593
5725
4570
4722
9244
4917
17106
4846
26591
23505
26904
10959
27551
1283
9513
18054
4210
18806
27737
15646
12281
469
29403
23024
31417
15899
15914
28905
5605
1956
32663
14728
32490
10152
6012
21805
22834
24776
4597
22680
22110
25147
12710
4951
8331
14390
25092
29713
18155
16336
21099
18641
4096
16300
13688
12806
30287
32656
29639
23069
31677
23190
14707
22803
11024
22759
1298
13903
7088
16631
24662
4534
10130
30719
9581
27382
25278
15066
28736
25373
30020
32385
16981
5346
17568
19380
14767
10230
4924
10480
565
29133
1079
21567
753
5059
4906
13725
24677
16561
13272
24512
19088
3377
20219
15897
18618
9651
20171
3838
30366
16642
16356
6743
11163
23019
20318
13175
9946
28242
32146
10444
19935
2197
30750
7036
10477
18677
5889
28687
6186
25992
32450
30074
22252
1592
27897
23653
7918
9644
32464
16872
11490
7150
29961
20016
27568
5384
25054
20281
4051
7365
6093
23722
21077
32110
30992
27088
4067
17765
14819
3966
10383
8616
3643
70
3064
7568
8765
28782
5014
1958
1689
3859
19745
24143
26378
2152
9053
30156
28816
3251
29189
14451
11790
2383
10019
5247
6798
12259
28546
27011
4308
19660
27325
16056
11990
32657
28039
8240
21777
11630
6106
18944
20812
32209
25208
25126
28436
13921
5505
26551
995
18218
31117
26100
31428
13821
5893
419
21511
30416
13527
29698
16011
23850
444
8137
32532
24725
23695
1537
31180
26513
1280
9103
31416
18337
21677
12523
24307
2359
4820
6751
20918
6237
1393
29839
18092
27645
1142
31661
2308
6747
29272
13093
7517
14018
2644
25167
3553
16548
24596
21491
29956
10706
16562
18331
2818
28472
32277
32681
3810
12358
6
14633
14289
26461
3351
17149
8034
9301
17496
2258
425
23198
5455
32037
23394
31136
3475
17483
10610
22790
29465
26559
3498
9198
9214
27225
1902
11043
25049
29484
4988
2849
3626
18747
24403
23115
23954
28214
3010
22357
26824
22296
26222
15618
4586
17754
26240
28527
18735
19151
2399
6263
29380
1242
19206
18981
30835
27568
3754
1081
19864
5711
25662
15824
24880
12782
13938
6434
25184
20213
7034
20545
13839
21956
31903
7511
3300
14038
10712
18919
34
30609
2982
19632
31893
19455
18190
29285
32393
19407
9062
30243
725
26234
907
16976
5415
2945
32006
26931
21577
8533
23738
582
13614
17311
31484
6454
24929
1402
21994
12142
11743
10945
15463
18919
924
24451
17286
3607
28297
15335
23246
26463
20199
15106
10582
642
6045
12877
18244
13880
28245
23063
32329
28123
619
11388
19100
463
23753
25482
6288
19290
28806
27428
22526
2570
15958
9651
19370
24273
24144
2356
26988
5858
10547
19938
2052
30634
17554
6370
31024
27101
27992
4798
4012
24166
30656
14520
25415
1336
27897
2594
12460
6320
10565
28113
26489
11294
31998
27195
7889
13269
1073
17330
16825
24818
31688
1376
25909
2018
31372
17919
5886
18636
23328
28504
23048
15149
968
30233
3420
20113
12246
950
26841
21332
17076
7824
1430
5258
441
29178
11276
15866
8061
31083
19192
8875
12334
14672
8703
12886
6445
27917
1666
13610
15557
11940
29658
25905
12355
23305
1792
6298
31272
15369
19645
2101
16914
31452
19879
27609
8856
21701
25633
13428
5053
4595
5530
17945
5395
16664
20497
12481
2256
25281
8626
5332
20719
30190
21039
26431
13422
10273
31271
15995
5160
14617
24410
30166
18868
13138
11418
27
15563
2055
129
14569
13184
10113
1806
5145
10805
21645
7050
23376
27342
27424
26219
11105
29388
28834
10894
6200
10231
25778
20382
19903
19090
20110
4103
28997
30915
3089
27804
13700
32546
1812
9888
29069
11494
5894
27532
19049
25038
8018
16566
2327
26409
22592
544
8074
13731
20756
8264
4554
4341
8289
16961
4430
18742
23379
16223
8838
13656
32246
7038
4142
15705
28310
28508
29043
21120
24237
32075
26757
26192
11273
2725
18950
24701
6074
18460
28906
12508
30404
21262
1971
14397
30229
31561
6687
20236
19985
29096
3365
26083
15041
8705
17762
4575
257
13383
29334
31612
22905
28191
26606
30711
6061
25472
16332
23464
29483
21988
11325
4997
28066
6611
25547
8363
4077
12499
30539
2192
30677
31863
13870
29809
3796
26795
18936
2599
19
15098
22709
9237
1462
9829
23226
13615
31291
27793
10583
10801
13755
12928
12765
3922
28493
1762
18264
21432
12646
31590
25611
18838
10978
6223
32040
11271
15806
6904
29871
32410
18134
9510
14051
32553
12451
19909
3135
4700
20682
10232
996
6534
14700
29808
11423
12823
9454
17733
3469
20105
8954
32361
20604
27988
7177
8025
11658
8752
30849
7900
31160
13286
11603
1877
20261
20941
10412
29850
27608
26494
18506
25554
4758
16701
10127
13922
30474
29871
1060
18309
25627
9274
1306
2347
20254
18370
26583
4796
14587
8560
4841
11943
17476
9069
6091
31221
26775
12119
30850
24507
12952
6599
12588
9648
17021
12978
27524
18259
31839
4579
28902
13655
17075
6603
15159
13684
2812
24012
11384
19898
5559
21763
4463
29830
18070
14030
4560
3868
29575
32584
21195
23352
98
6053
2895
3725
15023
13530
24970
16386
22501
14541
19862
18678
19788
21645
5398
25253
1589
23599
115
10822
21918
340
13833
18748
7040
29269
9925
30418
14773
2022
15286
5526
31449
13099
30866
19876
32445
31389
14064
22202
29604
26788
2772
24964
31703
27341
8767
19135
1121
26428
31658
26378
7732
25619
20740
14257
29614
29017
15705
2711
3668
10239
32355
1303
30048
21814
12966
21145
1101
7090
3558
17375
30865
13851
9657
24100
19404
19821
20167
29344
10865
7799
4339
17414
32245
1910
3054
8713
8677
18560
4834
1111
7179
7384
31499
31385
26736
23231
23766
20892
21925
17488
19391
6149
111
29714
26844
14435
28381
11139
21042
13374
23200
3006
14769
25731
21382
15278
11310
7572
21350
6094
31383
29344
15188
9425
28886
8813
20838
10476
30169
8947
10185
11920
14329
3378
31046
7658
27891
14179
6602
20696
13011
16591
17209
22687
25043
2752
21887
13883
23188
20386
17029
12029
7611
16307
11918
16411
395
20160
27683
19101
473
26743
20047
18214
31931
16252
25695
22864
16336
12995
15049
27367
7965
9739
9793
13992
29036
17417
1585
19717
13709
30164
4747
10913
14618
11202
15996
29365
15743
22595
14825
28654
28091
14334
7365
16544
30588
7548
19671
29747
1227
4447
5320
6638
14982
1323
3196
23737
21195
15238
26305
6762
27850
15555
14049
27630
25061
12879
739
17030
30954
18670
17273
29767
17231
2557
2609
9763
4523
6958
10464
11909
13502
27158
18245
11043
11814
18306
28097
17410
17594
26510
9409
6146
20580
13949
26399
15752
26824
27440
1599
13530
26038
23089
9867
3978
1654
10992
8768
17124
14377
31373
23350
29420
3846
3824
19876
16450
12053
29465
11769
959
14949
17300
3093
3391
17961
25110
28516
26030
27800
631
10820
14069
4058
27429
9819
32544
31979
17973
4670
12570
19934
1851
27248
5919
19624
22889
12572
5655
30711
17839
29122
5539
9996
27049
26826
26470
19204
10869
30652
16707
28546
26569
6540
13191
4606
15230
15299
510
24881
12790
27013
20964
24117
27725
1224
1072
24832
2383
17984
29180
8384
26445
29843
11896
2354
276
1471
835
18273
21769
5712
19352
30892
5090
8287
357
26603
12913
21278
22877
6701
23358
30644
31804
3079
12585
8224
13570
28301
6716
11903
14754
22112
3099
28195
19843
25960
13019
9929
30589
1231
11125
31849
5776
6122
30891
8544
27529
1742
5302
5328
23435
30352
27206
25621
30785
11633
6906
3566
10689
23361
25789
18788
5198
24695
8935
30346
31311
30995
5230
22395
17648
4209
6861
10719
17080
2208
8654
159
784
31426
14558
2736
7673
31306
20398
23896
16597
13941
25143
3223
12312
6756
28103
18887
11791
10526
6561
27769
2010
10653
28328
28836
305
14089
4961
11471
20134
13158
11466
18896
9813
23221
6799
9138
16372
22131
16791
23623
20488
30149
27663
26497
112
21940
10380
19075
1949
2001
19353
31606
5581
15974
24400
12980
7354
17901
31137
31198
8940
17579
4504
27555
18143
16489
24289
23862
1509
18927
19637
10432
27207
24457
18825
9560
22338
22038
22207
29850
9658
23650
25096
21559
24568
7820
15949
1852
16012
21471
1519
17252
12580
20079
23174
14536
25058
23115
9619
7821
28940
23506
13818
897
25073
14339
25680
3910
23129
23491
13346
18208
31218
20898
1645
31
14252
19098
15154
4138
6834
7279
21494
2692
20651
6871
29460
8275
16112
17044
13512
31299
2526
21632
5272
13421
3094
16866
21963
20294
12037
23554
26935
1191
17785
11191
21582
25531
12724
31883
5873
23273
15353
21988
20395
14248
30335
11787
8149
21259
30387
26300
20413
27895
4678
8940
29318
21650
27881
6514
18934
7084
7216
12920
29907
25043
15426
17042
11501
22726
391
22440
18828
4254
20889
23981
30491
5896
25740
18688
21918
29719
7760
14288
12965
24034
29973
18712
7060
32758
20162
27601
6553
7170
4973
9112
22895
8329
9701
8089
24755
29488
30283
25691
15316
7677
7883
415
32649
26028
29596
17114
15555
17597
27197
18039
19402
23410
9821
8987
25151
11012
149
10799
18901
1548
30395
5683
29715
17868
1283
9411
13963
15817
10772
17189
31222
28627
20761
27233
25119
25338
16058
25868
4785
9735
30581
26242
25755
6855
12197
8592
21020
1585
27356
3765
29347
10139
28625
9357
5328
9436
62
19944
8373
21760
27165
10369
14433
7682
22183
1739
9730
9993
4005
1674
5956
4029
22979
32066
24024
1944
13432
1698
25638
8854
13942
18433
25343
3325
555
8187
1620
31317
18699
5645
32383
13846
5973
8677
26961
5545
21241
15301
17191
16099
30784
31320
29490
25643
5912
1065
16130
22148
20692
3370
4275
12255
26207
14018
13919
24729
27475
2335
26624
27882
26855
11883
11814
23199
15609
24160
24581
8382
17460
4899
13145
14950
29831
25080
15262
27617
10808
13617
5709
16525
22902
3461
16343
1410
9143
18474
18337
12279
6959
14419
21052
30735
16320
25969
2812
17924
12929
3933
9377
29124
12628
183
29863
8498
17079
27247
18178
11812
13623
22966
4003
25955
22592
9497
25832
28389
16716
8581
21033
11181
26513
32491
28041
1860
1947
2431
1510
25172
15516
30687
30981
957
26947
13235
29003
15676
12044
22223
31977
23316
19316
22584
23148
31648
7259
23150
25339
29508
28384
8428
25239
17551
14347
22186
12149
4901
27504
21838
23190
15774
7965
14017
31753
3745
18938
26350
28033
29317
20431
24214
31498
15705
22382
10483
32564
27254
19582
9945
5179
22330
30040
25401
4712
6355
20136
28790
22739
10120
24950
13317
14506
1532
11927
8479
422
9342
7874
2727
726
29339
29295
19400
690
12740
11207
15559
8821
11328
7545
5033
8457
20277
13451
18723
29631
27141
1766
10502
22717
30575
1032
18236
24271
27548
30633
25315
15752
2208
18255
7949
3245
4757
685
9856
31881
11903
16093
13278
8264
12114
10797
25571
31476
12294
7899
5414
6005
7383
1672
9944
20033
9486
15470
16026
12267
18620
32686
29380
8678
6094
19194
21224
7844
6994
647
29633
23211
15294
9454
23474
14731
5378
22441
16737
21450
2451
10113
3001
29067
4859
17443
17436
6386
24919
23675
28121
20206
17186
12348
17271
6736
15040
7484
9930
21106
7435
17677
29377
5211
14709
13560
17004
20478
12450
6586
10177
30643
10376
16808
4426
6179
22799
13799
8071
7561
25757
16455
11322
26960
20303
13332
17898
21660
4124
9022
14095
23544
28347
9901
18006
8511
2818
26024
8379
12970
1796
29137
18561
6584
1698
16748
25409
24541
10923
16345
8538
14560
25064
29391
22585
14289
25146
11017
5316
31162
24157
22836
4558
3013
26602
8990
15074
20353
2610
32366
15697
5344
3947
23538
15186
1697
31178
19841
4928
10590
14045
2367
29536
26024
7017
8944
11324
13045
19307
17829
17258
28064
13919
10548
1276
31794
23723
25191
24757
172
24473
16157
8248
11723
22661
20368
19073
23877
29629
3372
28515
25479
27433
12668
26267
23619
30373
21744
3022
7120
7326
8692
97
9542
23709
6397
166
15185
24061
25175
27672
10
30238
29384
22080
22740
23612
5962
5048
18799
3613
15063
10496
18985
5825
5791
23355
32456
10542
11849
31795
471
29362
12358
4379
31606
19260
24919
30890
31328
10604
5256
11590
28536
24990
31606
27175
9267
7060
16919
18989
31021
20529
23441
12830
14324
3454
12728
17526
9734
20388
10022
8376
11316
13609
19188
14657
32037
15486
14451
9571
4878
23408
2749
7573
14916
15838
23591
22005
15366
5688
3320
20003
12988
10236
17717
9754
27091
27349
28303
8010
27435
5124
9092
32078
32655
29295
7347
17337
29411
12973
31288
21221
8690
23555
32354
19727
7908
8866
6852
27099
32554
13797
11971
6383
15308
4407
27251
28203
14113
8537
12933
2821
8177
19269
23142
8687
16214
30741
11310
11732
21227
24155
9909
21579
5898
25135
21064
30422
280
28653
18168
9765
6727
21940
16982
5903
4923
4540
2610
851
14708
30992
16524
12066
23764
10114
8086
439
23282
30680
10690
1614
28101
20710
16733
6806
20774
14954
6415
11155
28827
25387
26432
23264
29086
20551
22790
4451
6416
19643
17492
18843
18562
30968
20076
2303
18690
27904
809
17942
6819
3796
23211
29246
19556
9359
17046
18746
24385
113
9445
17271
12971
22088
1844
7161
29345
26151
11584
10019
17484
28172
19908
305
21135
19560
32296
14288
406
24444
10831
13024
8680
378
3692
21551
26270
31374
13767
8647
22040
644
1286
32626
26118
642
12772
11841
8583
18015
21027
12215
28661
28168
11076
27938
13973
6887
22268
17545
15855
24893
24301
1579
15922
15219
26685
25525
25008
30943
21031
12528
29696
11002
3742
30903
19474
24560
14025
17668
13972
5672
1465
13613
14137
14088
22730
15986
25083
3203
6119
5919
4603
5639
19562
5958
10049
13859
27969
21416
21400
9865
17949
5534
25298
27240
12247
5105
22028
17492
2304
14129
1431
14569
23982
2009
22055
22454
19726
24989
23600
2454
1169
22295
8900
10072
15779
5416
71
9115
29953
2675
12613
14985
3526
20267
11397
227
3843
8346
31777
29101
7768
16966
30794
20664
2354
24969
30489
31097
21225
31771
6175
28091
26102
17533
14726
6593
11090
10728
3892
32596
24249
28432
20005
5855
26810
24004
8385
12997
30037
23423
30743
8147
21823
26461
12059
2077
30857
308
27756
29150
4231
12592
13121
27160
647
12306
11810
18328
1713
12009
15073
10576
18682
21246
12111
32426
22737
30400
29720
30496
10549
23559
3438
23815
20980
17047
21357
14539
18142
24495
6352
11477
25997
4507
9538
2908
2764
28588
6042
16100
16298
24035
4520
9617
2033
24446
24719
26973
12325
24471
20232
18297
3533
4849
32506
28082
27937
7165
29530
13660
32675
5645
7761
17766
13308
10452
19102
24785
11581
12325
16935
2344
19340
12655
25413
20693
22815
30004
12149
8684
21733
19690
26005
15823
14669
19914
18063
10113
5932
3413
748
12951
11684
23189
20229
20741
10935
3039
1812
29275
3857
8499
29429
25141
18702
17307
22745
21357
28938
21646
31372
17123
25221
28302
26045
25593
28214
18940
23808
5196
13055
4163
12668
21819
25705
11651
17325
20856
22253
29755
12969
22027
22756
25473
17357
28999
7100
23526
6130
8055
16254
21538
20077
25906
7769
12520
15882
26941
2698
2292
7611
27403
22166
4186
19024
9883
25057
24615
28545
2751
9576
23982
12408
23143
3072
28788
23305
6010
25378
27805
20921
20419
25652
29284
712
16545
3540
31703
1447
23360
29496
4785
9391
29996
16704
13445
24007
3095
2275
24673
31872
28526
13716
8906
4495
25397
16791
16283
31013
31358
6561
32617
27057
15349
14142
1279
19455
21709
23331
13162
24559
17708
22300
26600
14569
290
10585
12814
6687
577
14824
9279
14806
15499
1189
20934
7248
28076
26539
1312
31065
27421
20072
8241
23777
7278
2959
10429
1817
29058
27198
13537
21929
9084
30103
6857
18297
27954
21021
755
21969
5894
11137
2371
3562
20952
13202
28512
13298
29979
7074
15383
2717
22257
7779
27002
20686
4631
2127
7263
14592
2749
28858
28628
25655
3467
24535
10888
7817
20278
15199
30308
19646
28718
18321
10042
28758
17364
19057
4628
31589
21173
27059
23349
3217
1374
28142
1854
30011
25332
20117
10644
15967
26236
16363
26055
14529
31723
10201
4581
13778
17681
4013
29215
32130
2529
3815
26956
20330
5798
26905
13742
15008
20707
9082
1731
24586
5993
2028
28156
7840
32619
17742
6892
32172
12440
354
19656
12733
23724
26865
5106
5483
11633
7808
32408
8339
22049
8091
16597
9854
25661
8564
32263
30913
26744
25555
1405
32432
21035
935
4587
1496
29963
17886
17467
19051
14425
23280
8302
12311
931
21727
29325
31467
30748
12209
10136
5481
21581
31319
10141
26967
23187
3507
10492
19388
10684
12580
28256
2849
11931
24599
21125
12887
3398
17718
18303
19369
10988
18950
19392
25626
27932
7481
17004
8286
15279
14154
4877
4212
24120
28883
6943
20631
24401
25572
730
4738
2177
12390
20450
8366
5804
25781
8233
6582
32559
3169
8336
32312
1213
13499
2393
2471
26768
13368
28673
30450
19563
19101
9659
23196
2825
12180
4268
31364
17458
31005
6272
4896
29298
24880
18142
14016
2558
130
29603
3061
17004
21923
8619
22327
22664
13893
1644
3557
6424
11106
23991
8175
14741
20751
31630
28563
16222
26995
761
2606
16481
22844
27120
20075
12028
17100
2207
24023
17870
27486
24780
3169
16989
25634
19415
14025
20260
7939
31583
7257
1249
23968
32211
32424
1139
9087
14201
10309
22140
31528
8448
28337
29680
21161
546
29771
9792
7237
9197
13799
29496
4585
13109
1129
16802
9607
28987
28466
29646
31520
26818
26707
22094
7552
24853
7700
599
8120
27080
1930
1773
8942
18351
10459
3499
28622
7090
23207
26542
32133
10840
23337
12300
21009
13702
28708
4659
4446
3970
27691
29030
24747
1023
28011
1379
12258
27828
31911
2919
10136
11567
28791
28070
12556
9427
11920
18198
68
10062
32078
14810
23337
24623
16424
30590
26749
10967
2648
20621
14144
1876
22114
15408
12655
1257
28969
21505
29085
31660
21012
32384
4520
25407
14477
20775
19616
28149
24873
10617
21885
27959
15258
4126
1808
14790
26970
32633
20182
29645
27030
12889
27647
11537
26953
29241
21030
19046
27654
25997
15614
13622
22762
6014
11304
17354
16316
17180
18200
27003
16275
25737
20415
27810
19106
28181
21643
17022
7438
2928
7184
29455
397
6354
20832
4615
27018
31322
16576
22062
16686
4777
22794
25409
29144
8912
25543
7782
232
14364
31216
6657
30562
5765
5586
22818
9527
27441
2422
30418
22772
10469
14903
21666
27610
9096
494
19942
11552
20562
27141
19169
9381
2551
23656
19184
8788
11722
32173
8139
12991
26275
7796
2242
15018
2956
10660
30025
645
27666
30205
31265
9944
11492
29232
4920
30646
23949
10823
12176
19857
31287
5346
22993
30050
11928
6115
29609
2833
25430
7782
20086
30058
11452
3301
4135
25568
15151
20061
4796
31364
6327
21481
6116
27917
11716
32333
4290
24506
19608
8545
19897
6540
19481
6791
17986
6870
13976
1547
21822
4588
32227
15587
8359
28992
29793
31918
4153
17133
31986
4201
4466
22195
29401
4105
19094
9056
1781
32752
13694
14729
26921
13541
15168
8720
21936
16353
12721
23168
30337
355
31124
19884
29637
3707
12536
1828
32364
3596
29791
13607
3069
20463
28679
14931
25115
15335
28070
25308
27562
10326
10766
9578
17954
331
30216
14028
25348
17316
15343
180
23230
3248
7616
16762
27472
28640
16277
29885
2247
9083
30923
10726
22814
23726
12591
29937
13078
22817
13792
24672
9375
31289
12355
32309
3874
29400
17173
13494
29268
7874
11433
22254
4639
29610
4320
32494
23731
17960
3282
10807
9314
6790
31001
19525
1375
8188
28518
26657
3328
29289
22765
18628
16847
9299
22485
31330
10297
11495
26493
14203
3230
28522
6444
17832
8619
414
8134
27953
13422
16587
8868
32633
16922
6591
24814
8115
637
12631
19338
23341
20178
16275
3293
4727
14750
396
1335
10958
1732
7131
19432
22716
31147
11052
9454
490
24233
12609
22074
26881
10790
30246
10435
30961
4051
17116
1018
21026
21288
200
20598
1677
20609
4199
5195
31464
14485
29336
7809
29717
2261
12996
27068
25124
13448
22215
24732
5886
1929
1873
1935
21404
16784
23369
32449
21850
19605
4054
17028
12805
10517
5228
11993
31864
31251
1335
31903
992
2090
6287
31415
1168
25096
18465
28131
1062
13233
7662
2801
10896
24120
30913
29504
11447
28854
7062
18780
6485
28137
29943
1727
31422
15072
27047
6885
24847
1300
17676
27401
7909
18446
19427
16280
5026
24231
20771
28774
13721
27518
21621
28296
5058
13808
25045
29925
30020
1449
11111
21254
14907
17873
6969
9704
24542
18955
31697
3868
27936
18415
1439
13774
11990
13416
26504
25798
18774
331
19419
31766
26309
20955
16745
25971
12445
7956
8986
30959
19860
10550
18339
7981
13653
12775
23194
18153
24234
13285
24545
15555
32179
28436
29990
26114
24825
29135
3914
17671
6853
9933
12812
25238
16499
27252
22636
10894
2949
16973
30056
378
9590
21858
29738
23504
26515
11059
7738
579
12411
26386
22210
30348
13583
19587
5218
22639
14080
20000
11930
12974
18656
13986
13293
11683
20880
27991
17234
17248
6665
13184
24249
31350
20931
15207
13114
3020
8524
23854
8909
9487
18257
17488
12928
11217
18044
29311
21446
24561
27761
5971
9836
563
6247
32014
32287
25245
4885
11458
32181
12405
15945
24918
11635
7048
22709
13701
11980
5934
27432
2346
31640
4844
6707
15760
13013
8069
25129
7692
2576
23687
9854
8386
21326
23638
19438
32764
14416
7597
29031
27146
31221
27992
8442
23267
16300
18705
13065
5046
28113
30820
3022
6586
22593
900
21654
4331
20295
24483
15985
4765
13290
23769
31733
27031
19384
13296
27157
6690
11595
24546
596
30874
25755
28755
4441
23730
12801
22561
31003
2122
26503
5978
32512
4523
7930
8773
10329
18309
21498
30164
31564
9443
13671
18870
2485
25480
11845
2474
6409
32414
15158
7142
7734
13155
28725
20389
12337
13448
18853
12933
18537
29713
30499
7717
29261
13197
850
3641
32734
16778
13666
15015
4322
25169
7004
17780
30176
32353
4773
32200
23667
9376
15276
27203
22038
27066
24652
5320
30293
18055
17526
25210
8947
14807
1123
477
16038
10446
24283
4208
19619
10578
29732
13358
9483
10755
18433
29518
3467
280
3813
5840
15004
19792
7359
30566
4659
4749
1482
9864
18154
31152
27102
9696
797
7907
27209
3883
5178
27302
7617
19090
25013
696
8589
14794
5191
28707
22559
14558
27364
28648
5018
12588
17138
32333
4699
556
10618
366
19738
25817
18068
30717
12700
21664
26179
25285
11451
4547
18261
23031
2135
18333
5904
1443
25222
7751
22221
24708
23049
3828
20394
986
4160
15589
29290
6623
13939
20444
7538
32711
2014
6250
22112
20676
24302
30044
17758
5880
11320
6897
8642
4869
32388
17487
19952
20085
16397
2081
32702
26020
29456
7118
3571
26071
8537
12274
5923
12159
3296
32432
8247
13863
8620
28357
11303
30718
27187
24307
9829
12774
31971
1387
13998
14750
31446
3433
19832
29765
32127
32118
16695
17623
7339
23665
14310
10392
32085
16436
3701
15192
30402
28469
20321
24844
7628
4572
20654
19692
18286
27689
31659
7091
9634
11991
3899
16871
7269
29372
28430
20850
24371
27588
993
21845
23981
30602
30400
12716
16934
22700
11
14663
25352
18463
17090
5783
12981
9968
32753
31139
32735
11085
23417
14336
24109
11418
1185
1344
5257
6806
9225
5895
10638
31299
3289
4295
26199
241
7116
12807
30652
10206
12933
23576
31368
2414
30501
22123
23258
9732
30369
9798
15318
3330
3881
4361
21525
27363
32712
4836
4586
31246
32258
9129
27233
4225
15713
23858
10635
22639
26684
8940
14445
21469
2657
31767
19374
3887
17741
21794
5350
30460
14390
22428
1988
20263
1978
19890
21656
13726
19450
15993
26266
17916
10624
8788
15324
18125
11101
11196
19380
32605
25463
29658
8135
27132
9900
21916
10189
11211
28886
1379
5398
27889
25221
12513
10587
1780
32688
31036
24174
7382
8476
16007
16302
23850
30105
14959
874
19858
4208
28746
23475
27958
18295
4641
876
9927
25417
20302
21389
27775
24476
2892
11349
11842
6675
24823
18374
22176
17854
26554
22070
8455
24551
4048
18244
22399
555
21100
13665
16888
31177
5498
32103
6095
12152
3319
9585
2188
26365
7633
24713
23622
5729
26855
4665
17565
5249
42
11127
9091
23176
16708
26233
6949
10563
10221
21556
32767
29485
26474
12734
15766
30124
27264
18103
686
3067
5568
5460
25562
17232
7146
801
3829
30451
1724
23912
5076
1559
32660
13696
11064
27234
22256
4747
19578
14660
4015
5154
10954
7616
27391
24010
3518
25470
16218
18791
18352
28580
12072
3809
30971
977
25750
12021
4027
6343
10250
11557
17444
26474
24701
14073
15037
27802
8781
12173
31537
4312
26580
2101
22228
27388
16244
2793
17321
7075
31937
26587
22039
30294
7958
29710
7040
26135
21487
4489
30782
23569
20083
18202
21934
17087
30572
16810
6099
4985
3574
6407
21515
23668
8222
20768
226
11066
30870
14309
28449
23489
19595
9141
22719
13910
25405
14066
26717
17167
17914
16687
7225
26621
22687
7420
14444
7986
11376
16604
4540
26227
18240
19215
11166
18761
27930
1854
9
18096
31593
9955
15037
28319
8779
6550
20741
16422
18209
8391
26831
15867
21816
23725
31321
25492
5746
23742
4892
12219
2715
11556
30424
5355
29064
32065
10438
21409
4610
23180
24373
4360
29316
22718
30229
11110
18244
15702
699
20466
6405
11415
17945
4783
11765
31200
1870
1880
26295
28813
12566
26681
15590
46
10396
15258
10676
17751
17019
23164
10975
13417
18812
25114
20616
14486
10491
13621
5346
21971
11226
28490
2512
30025
32344
25462
8174
23226
27190
6022
19321
31313
19919
28669
26201
919
9529
800
4820
30853
13930
28709
15245
2435
2831
19875
21526
14213
31897
15316
27655
20513
20332
16896
28837
15765
20669
22436
11284
20759
931
23376
29444
12127
20698
29500
16036
27890
31684
16841
28255
6029
17457
12051
22068
19359
7567
9335
9684
11691
10566
19322
22189
13265
3389
273
4382
1329
12304
5491
22707
7158
11143
19188
8242
9631
11914
4583
4932
30048
21371
29156
32097
10021
25758
17483
2267
11093
249
2975
25095
1077
8863
22538
22344
6636
3388
8485
16193
9612
7952
19204
28477
30601
5667
20399
27437
25281
5892
896
21307
26290
9235
1346
18189
26016
23173
10158
10926
23517
4019
29640
8345
9882
4790
13875
21347
9560
25960
3011
31606
26860
22869
23341
24509
10411
16040
28984
15178
7126
14244
20644
12519
16706
25611
20219
23274
9238
26667
10540
10087
2186
8114
12708
21321
1959
18461
21378
1595
27463
9891
21815
10822
10925
31887
4829
24782
11164
15763
27919
22876
26954
2613
894
9617
6538
3670
19619
27268
366
7909
29210
13418
6239
6612
17550
7733
1578
20531
14410
1251
30521
485
16017
29609
3628
16010
8131
9749
4820
9681
26295
32503
17281
32433
14593
10929
7420
27492
7398
10603
21674
4134
32437
17922
20208
17076
24467
31351
10237
28739
10832
5691
24047
30334
4065
17817
6177
21371
3034
562
27007
8696
29766
450
21600
10558
9657
11924
6517
3953
4933
3373
19275
29492
25826
32515
10548
31722
330
13268
16081
19113
2216
23813
2115
30096
1807
32338
32217
25170
16819
20397
8431
6002
6018
32453
1384
671
24978
8820
16135
13048
18255
27646
28272
31896
13273
28016
10095
22998
16691
10095
18196
27736
5509
12515
9274
27542
12605
13942
30009
14033
10533
7721
30199
21316
13865
26211
13415
17125
18318
12648
1885
17076
7756
8608
21747
12228
6463
11150
29848
16478
21399
8663
26104
13381
6700
26153
16035
3620
14959
30484
9405
27496
18156
5032
21902
16851
24499
28176
2069
11331
11229
14420
6467
20596
30388
14887
18353
12105
25529
4337
22910
4695
14506
32041
29195
5752
27770
31021
19612
30578
11624
13494
22020
5820
22415
14267
4738
1572
6464
3071
26618
7159
13727
8339
5686
12908
16991
27392
9087
9875
27309
29223
2159
18237
23723
25490
2706
5409
6377
5595
15228
16939
6627
16860
29888
21459
11533
4243
26083
30256
31627
27742
19543
4872
2362
29315
12635
21658
31068
19119
17101
19476
3650
4500
18793
31283
30361
23720
9681
28420
15040
29819
4935
23225
24954
12942
9881
6906
6136
20407
25101
2149
12905
5273
20749
8802
23086
28588
28966
8164
19146
31759
16455
14790
23880
10425
28812
31468
16162
14615
8660
17979
16800
22698
24470
26282
29655
8917
2063
7863
11455
20996
2905
17278
28230
8053
2506
23182
23079
665
1830
8902
29714
8285
20462
29571
12034
11883
1704
30038
9573
26065
10218
13662
14662
10882
4190
30401
26269
22263
21200
947
791
31814
22113
20183
9560
26182
10128
30764
16929
32141
18887
10546
6845
6420
30020
23722
29491
30772
10540
18855
15658
15283
20838
13956
22756
27429
18494
1434
27480
6556
13909
21636
4426
23219
21608
15507
14262
392
29496
3935
22303
13276
12810
287
28401
26739
12047
12686
31268
17532
27735
18365
13743
1518
22680
24651
26482
5390
20249
26861
4627
28259
25707
12023
6719
28035
27240
31339
5130
30624
4487
11588
23482
10213
2214
19881
4361
8416
17011
779
26299
28562
1153
12263
13320
11986
28569
13904
7524
15525
5886
3191
23202
6459
13557
4961
1465
1995
3841
13962
3999
22728
6041
15741
14887
27442
26287
25130
18972
884
28939
9384
31046
20744
16742
5582
27731
8727
29432
12143
24049
12296
24817
20159
4594
18131
4212
12686
24673
9234
11793
11610
5634
29043
16282
6360
24401
8139
29409
4994
23576
11150
12263
2302
18296
987
13541
12830
16184
1283
9354
23113
18111
12505
14677
2685
10480
16557
14928
5257
32644
17562
29185
9953
2809
13175
23614
741
1563
22929
5449
28673
5728
10320
20493
16552
6209
32142
30817
32329
13705
24371
3919
735
28491
1569
21182
2866
21659
16741
27095
902
17969
31754
28967
19977
20493
3719
25893
27326
3355
14413
24165
11089
2190
24986
6498
11278
31665
443
2480
5812
13553
3501
26985
32677
30732
29262
23946
30553
12716
10557
3858
29096
4383
20190
10403
12789
9850
11108
11887
18571
30289
20192
24849
6232
8116
29450
5247
2788
2009
327
19537
27031
21162
20318
3037
21142
7875
25905
15405
25905
18741
9200
7096
24086
27522
14557
23227
42
20802
25328
32062
5618
360
31203
2748
17549
3360
9201
28868
21848
31121
31574
32302
19464
12442
7394
1869
16880
19087
24616
22807
11502
6442
19615
14413
29945
24648
2243
6983
8311
26444
9154
9869
13588
31347
30162
25004
5741
29216
14452
6333
393
17091
8671
11276
28584
24373
30945
3494
20509
12393
22882
10729
30699
13365
4148
10372
17581
9665
31210
30647
23331
1513
12898
25882
21852
24318
869
19627
6796
16060
15079
23990
27720
21373
13545
461
10191
6170
12719
14002
2327
22537
1145
11479
9983
23286
9026
27687
8026
13577
29568
10369
5203
25518
28358
3605
21598
26489
30925
11458
294
27029
17120
7494
24280
27558
26
29728
9552
29806
761
21030
21332
1703
9359
14571
4857
10665
19669
16064
15701
31135
16106
27053
5451
15880
17144
4786
15404
8053
3429
30914
4968
19583
25108
20709
15841
29364
12609
21378
4445
21441
20982
9493
15528
26923
14542
15096
25377
9109
13068
15374
26371
17114
15464
26000
24582
3757
29577
1634
30701
8999
26801
15797
29034
14269
20636
5333
5129
11599
17036
24212
9541
31734
18128
22279
30759
2493
32288
21951
29392
561
14495
21201
1837
2687
4189
22138
16983
18059
23124
26175
32476
3961
28309
7668
26277
24689
29782
15547
32031
16129
14915
27684
11602
304
24561
31291
10570
15510
2027
21320
5998
31967
32209
27786
4542
31954
2752
25613
3485
6342
10257
23458
16563
2192
4790
23834
3666
20559
30178
7732
29129
18326
16074
32136
22820
10646
21579
4010
24365
13488
32478
15612
21368
29496
6580
23855
19458
29937
2945
23432
10524
3402
3500
19293
9370
10475
27427
17647
31309
12535
26959
26005
16446
19561
1304
13945
4608
843
16323
9242
14316
3186
18183
611
11619
30828
29541
30475
4787
10470
19095
23441
6007
4443
3146
5555
20963
23111
10994
17602
25880
25367
786
3874
1842
7232
4348
9975
17344
672
20297
19851
9219
10138
22601
19964
7597
26940
28500
26972
3642
28074
8256
28117
19674
11433
30270
5346
16430
1888
21113
26490
19304
30746
16287
4427
31578
18308
29123
5588
32225
30598
28679
18209
20743
31711
7548
5688
31936
3996
12037
26091
10928
8187
20210
13485
19297
6340
16710
3988
20312
2564
2711
15228
17035
13108
11815
6400
14489
22107
26376
32521
19286
7475
29966
29052
23486
17064
10924
30193
26723
17696
15282
16017
233
21878
552
13907
19920
12192
5779
16742
18404
21665
18168
16923
2899
28631
15905
20493
29966
5457
26296
30616
6446
25547
25091
911
29289
1440
8582
15191
24057
3633
8217
7658
26154
7350
3953
7841
18005
10119
30757
17601
20527
23680
27480
7953
15121
30340
24680
6512
26564
11448
31921
29787
22874
17602
28059
5913
29177
27945
4932
11773
5723
9846
5358
16961
29249
10041
15649
6256
10547
18248
8554
28089
23799
27982
25176
12109
13558
1022
5296
32116
230
2234
18091
12707
4435
27471
6831
24547
11091
21857
19801
2236
6043
13230
17618
12373
27542
18921
2952
26193
23775
10344
23113
29615
1246
9504
13010
10680
18309
18689
19772
7935
21953
16086
25609
1325
15043
28112
26842
7953
15624
22940
19187
20006
30089
20180
24662
16716
26238
29307
20188
28345
6512
25662
5755
14774
24273
12305
5069
23836
12494
32394
26202
22538
2252
11242
5239
26083
20376
25567
31098
1504
9468
4846
17242
15608
15514
5851
930
30538
26108
17513
25579
29728
17735
31252
7302
20829
20004
28230
13400
27103
16612
19743
27265
23427
31755
25189
25570
15705
27880
2651
8354
21938
4427
19886
18293
7881
18888
2572
9327
16343
2364
30033
17685
24005
9431
13518
22441
7977
15880
347
28675
23025
16035
1601
9242
26644
16252
13382
21705
22211
3161
10328
22709
29293
15949
22059
24111
16496
30789
7307
205
26174
32428
27258
11970
10836
7864
22052
27245
9204
27666
24969
16597
11065
8334
4144
31565
12052
29201
32657
6787
3536
6772
21647
16026
15413
3041
9365
6939
32314
7312
18827
26221
32582
16381
12477
21457
10000
8152
27514
5649
25567
13106
1766
10938
30328
6199
22060
14471
32312
28803
16519
15372
8929
15120
27048
18707
19570
16186
7569
27813
11693
1227
10138
4481
5538
5058
16839
19195
18485
10284
10406
4005
12821
30303
22167
31288
24128
24699
17003
3307
17192
25064
18385
15885
23143
1943
17089
14577
10837
8835
32557
15452
29275
6357
29962
14531
21451
9512
25561
9604
20694
10994
23985
12590
15921
4936
26377
26795
20029
19922
12928
19035
26984
10738
20528
27993
22989
32765
25763
8297
10092
13656
21282
16153
3529
27316
14958
304
15581
13827
26355
32022
23107
14883
15103
3775
19971
445
2683
21474
17231
1369
31826
31402
28694
30686
14863
32513
610
7937
29485
8749
19014
0
3267
2882
18958
6883
6399
887
26933
30408
32542
10867
25145
2732
17979
8940
11111
11138
14368
17747
12006
30812
11113
23359
19878
18956
31012
17809
19429
1768
30253
7419
9725
7572
1765
28323
5450
17974
31120
30271
18378
25550
1267
24024
18052
4831
15435
25540
18957
3222
18170
31766
28868
17630
15556
3398
18098
19968
5583
26228
1870
6900
22579
21968
5358
6322
25207
15521
20242
31518
20958
25928
30054
26135
8924
29842
5100
29561
20084
10672
19465
23032
19849
8862
29927
17197
4013
17103
25551
22898
18924
11678
15726
8526
23617
30368
16951
24394
14009
13188
17097
31226
22024
3009
16112
22611
3704
29256
30975
23180
7365
10661
19802
3334
17147
17520
11236
5466
21734
21981
5914
28405
15122
32696
28321
5372
9632
9905
28985
25707
11668
4354
7466
30003
625
7558
11286
26060
9477
15472
5958
22341
24947
6073
5189
32119
2205
30180
21960
29226
30581
32659
27909
25535
4398
2462
1229
11265
29301
11719
6287
21318
9432
29135
10111
21514
12997
31312
29221
13275
14897
8460
26742
20256
19557
6673
19318
8599
24430
4259
735
28437
23789
5133
31734
15514
10547
23255
15324
13768
21541
3105
5378
7552
15245
1488
15271
14565
22160
30669
23442
8953
582
31958
12416
13845
13965
10964
8251
29371
12223
5475
14030
24282
3349
7458
5614
25645
7442
5499
28196
13848
24890
11665
9715
8460
25169
24258
13212
14498
5231
5965
15104
4530
7761
9059
15432
21497
24923
22280
10372
19410
10537
17720
25230
26302
24132
24708
6526
19525
264
1182
6600
27493
29910
13494
12290
13450
9883
11873
4261
15796
19131
24996
27846
32510
22058
21692
26905
29243
15580
31814
20311
30655
21628
33
3745
6256
11849
14060
25229
12248
28899
21533
24423
19864
11247
25756
8245
21092
21282
10829
5442
1643
12144
2642
11965
30444
4229
3546
23894
3282
19481
5760
11467
8123
26952
7354
5094
9685
23877
7158
19609
25820
27013
9341
15975
21074
18385
24990
16391
1235
12370
27250
7848
15927
2187
15312
21927
28044
29333
16867
5045
16102
16053
11862
5145
25212
24159
23608
7568
19016
31506
27716
233
22616
20296
21720
13239
21503
32691
28963
15073
5890
2770
22702
31696
25215
21763
15125
18198
760
9444
15355
27747
12062
17313
30369
22847
27570
23788
15329
3765
18503
7587
30643
14777
12617
26121
6729
13417
15828
16194
25156
26050
23200
31246
4941
21990
16967
13591
1177
8199
25889
5444
3170
18258
20092
21743
17179
8780
30625
140
27043
12137
21670
30520
22887
8445
13219
29108
2852
24054
19138
25145
22819
32102
7070
15516
6381
8413
10614
23798
12755
4477
11574
19085
28726
28083
27592
19227
11667
447
15353
26120
4197
26419
5959
5855
15497
6701
840
8360
32082
22757
8052
17908
27513
26637
11989
27724
16605
23863
22149
11916
31828
23881
8251
2225
26874
8717
21714
21578
17748
30307
25849
5253
1077
16604
15245
5813
20392
20857
17549
27567
16129
14744
17087
8288
31979
19514
25405
18039
16071
21866
31731
28428
2360
18626
9760
14228
17720
27452
15021
29507
12480
30823
8792
903
10368
15975
14567
8789
24963
27592
26200
21797
28398
14864
20967
12647
10695
8559
15336
5662
15738
14150
511
1056
9380
6157
10776
15097
14347
2744
17538
2939
5751
31990
21631
3649
5026
16564
21642
24715
17678
23956
17348
7620
18158
25306
5630
30402
7276
11879
16726
19916
24830
21153
30268
8406
4094
4309
15113
23700
14609
4413
27166
15379
28038
13573
32055
16702
21670
14723
27335
4390
27404
20961
2516
31808
25947
21676
7281
28019
31605
12883
18529
5076
28454
124
28144
29808
1104
11847
10719
874
26810
28177
17502
19540
746
10692
27723
4243
8549
14164
31407
24480
16308
28276
15413
26136
16059
7465
6453
22131
15996
18043
29695
26706
19571
25158
6798
22987
9309
211
2215
8286
32664
30008
14918
20478
10673
32568
27280
23970
8112
1083
9856
9507
32442
28824
197
21975
15918
1272
10206
4530
18993
9907
26516
12353
9444
27583
24566
16420
9851
9710
30749
31259
27337
15630
1317
18411
29502
7144
6746
13702
5667
10356
7464
6748
15306
26290
13390
1349
7705
6178
14927
6770
15443
22346
9205
25734
12429
22180
8436
11939
17687
6353
9895
32035
10410
6602
21587
23852
14858
17364
12949
2972
18950
17214
24013
5935
5716
7939
29830
20604
4966
20387
30903
23089
16910
6929
511
1188
14490
14140
32117
8600
5748
18314
20341
14364
15195
194
20208
8852
18327
26604
7651
13070
30480
8921
31239
228
1530
4092
25654
24669
22669
3262
11243
10774
18721
5201
21258
18936
4413
10370
14119
10952
10473
15023
13775
28171
20322
17084
12774
26214
19155
6341
29741
6875
5062
381
25793
10832
27360
15196
5197
25718
24608
30133
31919
31366
30474
14070
13313
10442
15532
11565
21522
10440
1487
13673
18311
27986
24139
593
2227
27073
25487
20591
29613
6956
18548
32044
23516
13314
19457
12200
14136
30329
31575
23456
27272
2162
5748
3360
28360
25761
27474
20995
26691
7877
29684
28964
32646
19074
25244
16275
26442
31704
21156
7786
23135
14640
10936
25872
8149
5018
9698
3411
20395
29547
6838
11206
23631
17338
24448
4391
10433
32439
14351
5919
7090
16852
7783
6928
28635
18817
14907
23003
3670
4174
8570
28987
25409
32097
13362
22918
32509
8744
22944
13203
28029
17386
20630
30985
20554
26138
3828
20532
28939
2613
21613
29536
8080
3673
20379
27559
12988
11456
25900
6081
19117
4635
8545
3583
27048
13456
26326
604
21728
2421
9264
1719
20524
12229
15376
19360
32519
16481
25251
19975
7824
8773
9567
6436
2178
24141
27798
14081
32257
11534
26213
8966
21765
30640
24698
19684
31293
2149
25986
21719
2096
11000
31836
4452
22881
12760
26897
24394
27878
25282
32376
12850
14621
16081
2909
5138
19241
13646
13928
6720
8432
11523
9720
414
24745
10682
18609
5020
6838
4915
13640
5803
8690
14645
24248
25976
1578
19531
2461
15160
15331
10319
26740
40
25805
17735
31576
5351
4528
1143
3920
31982
19213
30149
29
13979
25461
12500
6489
22005
30425
14299
28448
13460
20588
20689
28231
13754
24957
32183
2453
16674
27257
17294
25216
25868
13952
22355
8241
401
9501
23514
3027
19248
2864
22214
5599
4970
28308
17446
30635
28298
11322
817
23274
4051
3717
13439
21707
18533
20132
11175
29819
9692
11814
13677
27149
6402
23516
31879
20332
3203
1135
10603
11017
15882
17219
26261
22513
32096
6167
26379
8258
14537
21433
30063
27436
30580
29911
19157
27402
18677
454
11564
5230
4486
12871
17359
27828
10445
9979
21807
6458
20206
20554
12128
4900
18810
9153
15468
3541
11512
9056
4099
2369
21811
18208
29324
32386
13034
20756
24896
23739
7403
22040
30305
2380
12245
32088
20319
29860
29509
17350
5541
25680
23746
13467
18767
19880
1133
16809
29205
789
8933
18257
13617
32358
6257
31802
14590
2129
10478
29598
1685
6251
13782
14996
27006
3715
17794
3440
13489
9765
25708
29522
714
30329
24249
12983
8389
28035
31292
16893
12956
7102
24964
29695
14744
24806
30620
11345
16583
22591
30719
19682
23147
22996
12706
29264
18310
229
25222
23374
623
12572
10836
9568
8618
6737
32106
28653
11646
21038
7797
24339
105
12200
24756
30747
429
2058
18537
21955
23955
1821
18147
23992
4855
5996
25035
27214
21827
617
23597
20741
13504
12164
26944
4354
24462
24127
8126
19825
2683
24222
32532
14322
5452
12035
19377
13330
747
14624
22478
22411
18498
20507
23209
29033
10736
9679
2218
18342
32142
2602
25798
32178
27651
6103
22964
8766
14639
31568
23054
13001
2453
10617
18960
7319
32249
23907
20879
2425
3702
22060
25687
22658
22040
9532
10003
6722
14469
12987
28800
3400
3805
11090
5167
13425
3296
9162
21448
8424
23350
2087
22689
7990
20310
2128
5718
15740
30732
23858
22816
26045
23821
12762
3394
22927
18465
20475
6860
28405
14683
23112
30758
10938
11351
2327
31918
6433
13136
9075
16089
13388
22661
7455
23240
28682
8721
32238
22929
25061
13196
26049
6626
13229
11472
28475
25045
11146
26099
7185
32695
21795
4301
23081
11703
23106
16256
28375
10230
18564
24768
23559
24
12006
9755
19450
20484
15452
2562
28599
713
5589
5099
28533
7771
16001
15815
16251
22949
22427
28307
22116
18162
9513
18750
12574
17817
9237
3350
27421
20962
2054
25709
30446
30842
20517
5054
25512
212
18815
9943
5326
26154
8817
18980
27694
20803
24311
12728
2630
29371
27079
2600
15716
21218
22940
11389
19444
2149
3562
5912
3690
15804
22848
8953
21768
1742
16508
30792
21555
17208
6625
1465
15617
17163
2998
20621
16569
14052
26324
6245
29796
4688
6788
9670
14153
6505
5777
2766
6687
6327
11805
8407
22004
12705
28140
25520
20810
1464
26040
24678
18194
5498
3294
30657
19162
15671
2199
19336
15287
2117
3395
7881
11567
3846
6610
7124
27179
28151
20317
19009
16570
14016
3299
4703
3543
9166
10234
4960
25564
9856
12426
32109
12582
22082
15522
32570
30182
478
8959
15293
28544
1255
24326
14712
24047
7472
11446
29384
20893
15512
6482
5724
25053
29425
27561
10452
29683
30627
20805
28299
26843
1117
10301
12000
4675
14077
30445
7277
16238
6904
16491
4946
5621
3410
4085
752
20737
16839
12854
5139
18814
30080
31720
4692
9000
32767
26114
28188
24155
4336
213
9818
26435
32313
30078
23584
15902
27171
31213
18083
17568
7922
23040
17820
1638
22055
4149
28912
27412
30866
4369
14385
25838
32402
26922
28362
32464
23734
17446
28420
3557
3272
11884
17820
13950
7047
5944
21133
15700
23402
21868
12069
7201
30110
11670
29220
2814
3758
15542
20363
31196
31025
26248
23258
28343
30099
14238
18472
23808
20155
12398
5295
3209
13807
1347
29307
18278
22357
2634
22096
2544
32515
31998
9030
31764
27476
5918
21604
8322
24152
5855
5220
27587
16904
26132
3874
843
7273
18461
9057
9359
10756
14991
29596
15670
5497
18144
13373
3018
19636
17492
15961
27203
23751
28859
9685
26088
4991
2999
17656
16193
23305
7352
22075
18767
6373
30177
12959
21516
3003
8687
3326
2374
16473
29509
102
6831
16765
29446
13467
904
29447
27930
11136
45
28040
8902
24039
20437
17393
27625
18460
120
31018
18508
32455
7005
32529
8040
2909
21207
7125
30104
24319
24509
2717
19874
17591
2127
4085
22454
17951
9495
8146
22186
14209
5659
15763
2036
5058
18878
979
13323
19990
24718
27536
21755
16662
2787
21737
9697
14395
2316
990
29254
24736
31749
22299
31796
30967
10636
16950
16071
22795
15286
30194
29748
3987
25652
23439
6604
378
582
21332
27284
7321
14646
20236
29728
846
14042
18532
23659
24017
4027
23451
32593
285
23291
24901
9920
29079
23324
25212
8131
1032
4139
7077
3416
13179
23280
6349
28655
11518
25394
26997
21717
18378
30416
6764
16668
11778
29870
19137
18422
5624
9460
32702
22888
31018
4299
3729
32227
10355
10546
13352
962
13549
9559
6780
5903
15151
5210
18425
10400
29301
1568
6834
4876
10462
25891
1816
6621
19481
31456
4751
18555
25518
13200
12331
10968
18423
10430
5262
12826
1122
20842
1736
7823
732
15468
6596
13327
1433
31623
2306
29053
32541
31721
10691
12419
26897
17765
14211
21067
14205
20666
16611
29940
28192
2057
16148
1228
22233
29530
16439
29481
21227
148
2769
16803
23709
8923
5151
28778
23387
21000
10000
26470
31295
26365
20374
21186
28407
23445
14123
14126
30146
4258
19888
7637
4246
19745
14613
20468
16037
12459
17792
17255
23140
22513
14221
6872
3406
31017
31584
24709
1149
29797
14461
9697
16229
25281
18473
29455
9592
16657
2320
5877
30523
3005
9007
15878
31595
9836
26400
17586
32199
6780
12424
14157
21776
22899
19200
4047
2404
18077
29491
17459
20988
31904
10312
24002
30714
25788
1055
28184
6045
194
26870
23079
19284
26896
32427
4899
211
26291
17717
23386
24023
32143
31302
5387
21875
12885
12836
9866
9391
21540
3975
3540
22424
22550
4410
11609
6009
26925
10697
31488
3299
6557
27216
16205
27760
10561
11102
12403
21605
23600
15875
22527
10150
14287
28531
19088
26291
17391
3464
15501
16820
19312
29048
9057
24659
672
31708
30012
3148
16052
27669
16300
10357
1694
13368
18148
6305
1233
26676
22276
26417
10489
30331
7392
23431
31006
11293
31986
8912
21138
20731
27870
3539
7379
25254
15124
274
29689
13919
11048
14571
2792
28692
31769
30135
28373
23045
14549
31548
8788
11761
20562
6822
3411
3597
17479
8333
20263
19644
13452
29062
4910
23160
20985
5933
710
9765
2716
29266
2364
10589
25977
11666
699
29281
14790
29970
10289
19526
9988
13341
1592
19753
25228
2861
19597
2846
20177
25033
16332
14846
30813
9397
14126
27149
4630
8720
23021
8914
26473
23984
12037
13062
31228
22546
32665
4405
32660
30425
20513
10464
27804
19099
13897
24932
12821
21095
27794
15023
25611
21115
30427
3756
28068
29412
6660
11895
17767
32614
5906
28779
2808
12189
15922
30751
17284
32305
13706
21966
27301
16418
5250
19739
29642
14355
21680
12542
14351
2233
29072
15576
4268
20885
9405
14882
5803
7168
14462
17297
2725
30108
13008
24179
2255
16137
31459
572
30362
28954
10478
13793
20791
28462
28438
19892
14722
21175
20643
20227
21683
5222
21602
17254
29351
15735
22929
4518
18968
31390
31860
14588
11072
20073
16698
839
23138
24952
1882
28173
23889
15132
1899
10860
9896
3188
26461
21336
9048
16366
14058
16526
14840
28122
11119
2204
1553
9615
24383
27858
11020
5074
12405
8343
13400
10339
26853
12400
16778
115
5833
3991
2075
3215
28488
22131
1997
13524
30352
24362
9335
18513
22474
9585
26333
15710
1259
25014
3212
26274
2654
20925
5481
14469
29123
22159
21745
30078
2912
7820
15104
31939
8550
23833
11915
29607
3215
14492
3378
4584
26913
2005
15380
29550
1987
21502
12374
320
21794
23284
22875
9463
25224
26969
