7804
27981
12571
17204
15608
14440
12552
14616
6628
31705
16131
11144
32058
25476
31325
20456
11901
21282
23862
10165
5554
26918
13020
9851
3989
5233
18585
16911
17390
9415
28214
1498
29829
24244
24067
9349
25700
3216
15600
24480
5962
6424
28770
22245
8865
20712
477
7911
30623
8683
17089
21290
10834
6225
21923
20809
26962
444
26270
15903
11700
30044
6303
7409
2272
16263
3466
25923
4765
30167
19531
10257
29053
9175
22432
4996
21019
32519
8605
10910
28964
12491
11709
11162
4739
21123
16458
27417
29867
25832
1731
205
14836
14196
5690
23559
26912
19838
31181
19823
23891
2958
25852
27941
14236
32358
2721
10627
22860
30435
24596
23901
870
25938
29384
24548
22730
29757
15607
4441
26385
19378
17638
11791
17271
29227
32345
10329
21224
25602
2119
13625
9559
24082
26591
681
16469
16007
32115
3561
6761
32551
4191
14494
4698
17263
8834
24159
21870
20690
56
26674
31734
29817
1412
3531
356
24388
18968
25855
9947
8610
8803
4212
561
30479
17375
18136
12499
17508
17046
8420
13532
11917
32176
15664
14091
19046
3223
21140
21408
21174
12041
13733
22802
24614
26239
7834
23005
12320
106
22068
11426
18799
20494
25958
27145
30341
29011
17189
17805
15735
32577
18864
27576
4400
364
25187
4966
31961
13248
31456
8509
21867
11291
19838
26372
4312
31688
19357
4590
25854
26320
23366
16417
17576
1760
4328
31149
31671
4138
30411
7676
12083
25400
12426
11215
3078
1991
1099
9659
1361
28706
15233
23705
13513
582
23744
8675
8405
14524
31330
6297
7981
22240
6143
20109
23170
28322
27317
22546
611
10259
21529
32386
2019
19443
3328
30759
28800
30214
24206
18605
19984
3307
20397
11830
9247
4549
4576
30292
22642
18561
29756
4497
27229
24943
10722
1884
31028
11958
11996
14699
24423
15114
24897
17080
31220
10329
13344
6224
8101
7335
30376
2258
8803
31710
20380
15038
5411
18477
5343
3461
25812
18639
23446
22280
27916
7511
18659
10665
11699
24117
24262
31407
14136
31150
13931
26984
30108
18057
5341
22979
19051
17229
1160
7744
16877
5364
6003
8396
19859
15164
31378
514
17143
28017
29194
16252
12090
7090
10849
24226
17801
7653
20164
9815
12555
10339
29197
19535
16234
15060
16572
20332
2029
28620
11534
2555
18722
26286
19151
11502
16509
25516
25315
6889
25253
9175
1761
29491
24211
618
1863
25578
10932
18989
11792
22586
14727
8820
24183
7175
29658
15424
1694
29635
25956
9104
16493
29993
308
11181
9452
31182
1622
21283
15047
18530
31767
29504
30263
13043
8648
19178
11756
16778
27026
32473
9775
4270
31013
26960
22274
19154
16609
9937
29914
12026
4678
19274
300
26722
15909
25017
27073
1662
22295
30239
31840
25279
20375
23409
18942
904
15915
1202
32620
21622
3074
6448
23089
25521
21980
18412
10601
19233
8790
1100
22954
396
21964
1546
17987
7812
18935
19022
6889
7328
14403
1939
8225
23976
20041
4379
17374
12190
21447
2589
6493
24850
2236
20417
31403
16739
14778
5879
23313
8320
17452
30922
3276
10442
20465
19535
22535
31322
29901
10654
19858
15055
13167
356
12865
16084
10418
3265
10386
11464
19106
17336
20137
25061
14336
10977
12235
13346
18316
31542
8747
31416
24566
16219
32650
25937
6426
4272
27337
9064
25993
24937
6292
22734
336
13964
25546
12592
32048
1956
31044
26663
23400
27750
30140
11053
22287
20893
13985
8899
21590
18477
10007
5227
28775
17003
17440
19900
30545
9365
4598
21732
20072
30598
15130
10096
30207
6116
12998
7162
20316
21963
18523
26432
11623
10888
670
4820
26485
1831
23505
17395
23931
7245
28317
23723
4894
2726
15803
16753
21496
2173
12376
26034
32582
7215
22170
30189
22996
27995
12088
10588
27907
30342
29694
12299
14199
24771
7384
18996
7390
14212
10163
31710
29807
25287
25225
6509
1001
18133
9189
14073
30639
28962
10419
19240
22825
9902
27038
5751
32729
25824
18878
7336
15689
8309
11751
8133
26084
6142
1397
7658
25805
27305
18899
10675
8041
1710
778
12914
31911
4836
4422
23162
23230
25725
14230
20989
16576
3080
17459
18201
1953
1739
8814
23611
15595
1347
5964
16877
19673
25685
9048
3247
1855
38
27343
16111
14028
14437
16769
10078
17655
14865
13695
6484
20318
20969
25947
25941
32718
567
13877
31609
15278
3107
24163
19597
15258
10661
15461
23423
12913
5667
16584
21250
185
23302
11477
18449
11957
25850
13571
4260
4814
23470
12290
8114
31491
30520
12883
17660
10345
29284
29807
24885
4109
26903
31044
3669
13027
22645
7286
13131
26819
10881
27661
385
25038
14837
20172
19798
13304
17616
16706
24979
18342
31417
30883
11722
27793
9172
5361
12365
15911
14179
25844
18314
3605
18051
15177
21386
4777
1854
25695
16472
28679
28094
21001
18211
29033
20420
1932
24797
642
2512
6327
16560
14461
25571
20889
7412
14677
12774
16473
24931
30871
4600
17277
19275
6247
20546
8076
20030
1646
22379
18804
12264
28234
4308
1034
5625
9702
11366
30263
15885
32602
8338
15202
31311
23633
25069
30969
4238
19080
28501
2131
5432
989
16017
24496
18487
13997
26637
28820
28309
9610
28608
27670
28160
3133
14556
25948
10265
19467
16007
5783
28931
13566
18458
30049
15592
12584
25761
18146
4395
2265
14498
24862
18659
709
29246
28113
20325
22734
12519
21167
28736
17287
6507
15952
19571
23699
19869
21784
14336
4020
25809
30073
12912
8330
16557
23367
11507
23717
4047
1083
3172
2524
15494
26186
6179
28743
16362
3058
10763
14758
9270
9726
29764
10990
22054
24139
19982
7475
15771
9531
22530
27060
8371
28151
3474
28892
11943
7804
18311
20472
29398
12861
30704
32247
5495
32406
20391
21790
7631
9514
24123
27697
3781
18258
2301
2580
20329
16852
7331
4336
20743
4221
14858
14437
11406
31961
31184
18854
22406
26936
31146
8431
16678
15682
13510
9489
28835
12309
23736
24577
29369
19118
21091
17043
32172
16938
8559
1709
7674
32005
25523
26240
6747
17527
8374
22952
5116
15549
16519
15508
17242
2096
7731
32417
14339
25626
7573
18969
12935
26817
20946
13313
9956
17875
16675
31624
8889
31513
15644
20414
20591
5918
30724
31201
11092
23519
21612
12274
21101
2845
30434
3375
2729
23630
29712
4092
20378
23339
4656
11709
23878
5693
22353
937
18026
23293
16737
28320
12396
12400
1304
27070
28133
13690
24513
25983
13569
1811
27105
8392
7128
29647
11312
4559
21809
9342
11260
13027
10884
16561
4389
20454
18389
27600
3628
32513
24499
8558
4330
26572
22051
2844
30355
14027
22650
29424
7996
13018
2735
15769
6014
8840
24975
20618
12236
22513
12513
16414
9096
12813
31665
12968
20791
15961
21892
17134
31547
31948
15185
1966
11923
2334
24533
6087
16222
26185
29831
8193
7145
22616
15610
685
3451
19942
26154
24482
20536
17539
16517
26595
16083
114
15526
24037
20947
11132
6867
22036
24409
23779
7015
3290
2723
31267
20119
5730
9625
17983
16101
28541
9971
17770
25784
31205
18351
13409
4756
20278
4955
15165
16066
23147
20536
16253
16419
3555
1142
11571
8985
21133
9371
737
7900
16648
14383
27672
13930
15626
18141
5941
16221
23503
15394
23843
10003
7310
20954
12499
23334
26857
32246
23935
6423
18593
2934
18691
7625
16042
9884
9974
10011
18443
30079
5084
18125
14404
9701
19314
20134
4363
31928
11748
20890
4712
5921
23487
23671
15855
22201
4913
21411
26486
3460
5643
24365
7267
31061
31980
4674
4989
19436
28412
8950
295
22461
31429
15284
7630
11450
15984
6399
27685
4446
31673
4604
6168
18730
15305
710
465
10734
19819
1633
3459
8390
31139
24643
32620
8332
23123
9758
27271
3675
24185
27655
29257
16568
3290
4514
4664
4692
7383
13720
1791
14618
9886
25745
21563
15327
21262
6287
28620
31666
5574
10500
28047
23409
14183
1806
12252
986
30223
32603
6363
28837
27162
1868
31818
14301
1089
8485
28677
21027
11676
28978
24602
19346
26791
14136
31359
31676
23680
10195
19769
21214
1400
28238
1599
32398
22817
8875
9812
2703
2093
4686
6938
21596
15986
23674
28797
19190
22325
176
14045
26088
12306
9127
1910
26531
18335
29936
31634
19234
3247
6690
13745
24581
16560
808
26709
30570
22445
12541
14799
9018
24265
30274
14714
27848
21381
9535
19683
13673
15356
15424
21803
14456
3205
8247
26318
30789
28231
8057
6022
10820
17373
31382
30882
11733
2508
3518
17764
19737
24118
20729
31450
2861
30260
19726
28012
4388
22959
20061
19226
32191
13311
4711
28030
2667
20853
21480
10667
23366
7635
10889
14505
27880
9363
20374
30392
8046
26802
14761
12067
8734
22121
27418
23869
14838
32695
13776
16303
26241
18002
18685
17220
24900
27571
4289
5362
8616
26555
10158
11897
17803
8317
21344
25308
7621
9618
13010
3721
20850
12171
22164
16445
26418
31504
26894
27665
10664
28754
29224
13569
4627
6507
8036
28009
385
16752
16848
4834
24578
28447
21076
25711
2002
3538
829
6479
32368
16129
15228
26569
22376
1345
23843
31950
25212
3213
4253
27929
23311
18211
4498
20156
2056
26386
6787
289
23269
24024
9137
28907
5050
26968
20235
17357
16654
29722
15964
24291
183
17299
16412
7248
32093
5303
12499
12362
944
23937
4237
22519
8597
26297
18075
28359
9528
32253
15190
453
10501
8587
2415
31196
6863
288
12075
31805
28482
6460
21153
21166
20848
11867
17385
18365
9539
17719
32018
21706
13324
10502
29733
123
22969
24371
20495
29976
11464
2096
5465
17905
18576
9544
3163
9055
2290
2906
23876
9774
25092
10165
31821
23748
17202
31942
10281
4359
5280
30100
31938
10972
20291
19505
2070
25740
16780
26717
16008
21983
30702
29053
12484
5837
31462
12922
9946
217
13176
1573
6930
24686
5281
24145
25743
10993
1376
30677
24535
26562
3812
26207
23365
11943
6364
27051
3933
4781
2244
19768
25624
29657
2802
23391
31537
32490
149
5741
700
26537
10884
31450
6532
8804
3764
14932
22931
579
9289
25745
10434
21986
16603
19822
16073
30870
10259
4957
14753
28700
15067
7081
24983
19480
3588
11026
27650
15162
7899
8501
10962
24187
5706
20534
26000
25005
18609
17851
22094
12291
3642
16255
26671
31929
20243
20994
7231
8010
16278
21169
8121
26105
30717
20952
23926
28331
14534
18901
26191
6920
32600
20437
20713
8918
7877
19309
19004
6391
10009
23666
13232
9443
24116
10187
27184
29828
5398
27618
8543
313
20787
6849
31683
22496
16568
27791
8494
27553
25717
18352
15654
5754
24919
13399
30183
21385
28891
2923
28486
14121
8920
23581
7162
30520
14030
30258
29562
4650
913
5234
22327
20061
9444
17804
11663
12516
17148
21503
14907
15386
2847
32410
23037
1751
15764
4792
8495
2552
5787
4570
4427
28904
27383
298
15953
31947
23884
29955
24278
19451
24744
32376
15332
6136
25803
18464
9527
2377
28872
23606
7233
3576
19652
24016
7513
5347
18130
22030
885
23110
11649
15431
8900
24768
8433
25989
22416
22452
14844
4343
16191
10633
4923
25942
16406
28639
10238
17624
9801
25108
672
29491
25016
23551
13204
31426
32084
15419
31689
4617
7806
23028
1099
11930
3801
16520
26671
17372
32026
19964
6386
1216
883
1082
18163
2698
4607
18444
10862
4023
1180
19991
31589
3666
10683
18331
14952
23168
25995
28128
31337
25935
24204
11791
3382
18077
5366
26687
24501
32195
25194
20667
16550
9181
16593
23422
24657
26915
9507
800
6182
3304
28661
28997
31788
1415
21837
1997
2609
382
30301
16331
1568
18311
24705
14952
28217
14498
17660
18874
15640
30558
30379
11856
23682
31968
17038
26814
27243
6496
8486
24226
32057
29996
27565
8726
32532
16535
20160
14917
28584
28985
9163
18336
24591
20265
949
21775
30595
27293
32214
12001
27226
30725
21012
2386
24039
5829
19542
1554
2408
13687
6791
18832
21439
13520
13172
377
30684
13816
31950
25535
27346
3320
28171
18746
11381
24590
24525
32702
3775
3219
7689
12589
27716
21821
10404
18147
1508
28653
32584
29649
31020
19507
8806
23557
25308
23689
13944
9516
10179
32598
21106
1372
2436
17787
17599
571
8270
30762
10978
1682
25479
17281
5459
22586
14969
5559
22870
16527
32350
22637
19809
25402
1706
24818
3792
19195
10845
1871
10087
25187
31559
26801
27141
32752
5721
16579
28249
13982
30490
13415
30890
14970
1828
31779
9777
14009
21137
8384
29534
24161
2039
4587
31367
2045
31281
29013
10658
21313
20921
29518
21222
17956
30637
905
19518
22619
21286
3162
15579
26086
25251
20564
32381
18138
29900
15933
22659
10976
31547
16348
8081
30178
21332
7028
24352
30423
17230
31428
28802
14829
23383
1427
12220
3022
14784
17604
17214
22917
29474
18825
4851
4963
14226
32048
18124
6436
19870
3101
31585
25289
7498
28507
18481
15851
15521
13052
22210
19046
11924
27403
15100
3953
20987
181
30427
18064
32694
31259
6589
19580
28185
5684
16180
26313
19498
6357
28665
26299
4927
26192
32494
14204
15556
13098
26504
26731
24206
1193
22303
674
18296
15094
21832
22119
21255
13796
4534
12289
31881
13400
9644
7806
23670
10734
26739
10028
22248
13639
21036
13084
29398
26306
7416
17433
23821
2726
17908
10654
21
11698
29556
13557
31579
7799
4407
30548
11398
13193
7493
10320
18094
31155
19108
3135
597
5316
19889
10386
24370
6916
24548
21168
30234
25275
3752
15844
3506
4070
26147
30934
32740
18138
6684
9291
13373
16731
6832
19863
19303
7059
5642
32280
26952
2217
19875
10653
4861
30629
6874
1056
29072
7984
5225
30749
2528
13345
28230
9369
12535
1210
15457
17448
12601
13991
29077
24602
1953
26618
19487
6847
20110
18619
7194
456
26422
21516
17955
17796
30337
29467
10879
4164
26506
18253
5410
21792
5552
18847
14232
24349
16919
31020
25010
10980
18761
18306
21130
25345
24045
24284
11089
30240
10450
16611
13917
734
15974
10610
14410
8495
7084
24935
1601
20754
1315
11549
27537
27757
9850
16473
5493
2673
13016
28577
9155
25707
30375
24249
32462
3758
12866
16290
6949
29662
7380
30592
11869
24922
27327
1152
24559
28667
24007
10783
23494
20781
105
6646
18303
3382
10942
15239
15412
17614
9929
6608
10787
19500
25185
28983
272
25904
27399
28487
18394
19778
18230
24751
20207
19938
4203
24615
20204
26409
7191
28297
681
22301
4272
8002
11174
26916
2802
23956
23124
32246
21086
10564
29436
25075
798
24151
15636
22118
17038
1310
20919
10329
4779
7551
10378
14505
16200
20679
28620
13916
25025
6671
27198
12354
31574
4619
6656
8274
19529
13225
19236
18928
29283
4467
32603
32607
31015
31859
13714
2471
24442
15562
29081
2370
8241
5410
29248
3512
19544
1236
30057
27076
9200
8594
452
24887
23592
26122
21842
8486
18269
31347
13913
27071
9013
24499
26856
9336
27300
20040
5568
21201
26048
19995
2991
2494
20958
9485
1768
4767
22945
8279
8965
8307
69
22594
32013
18148
26848
31053
31750
7931
7838
29470
1789
14025
10232
23327
925
21966
5759
326
18064
24425
22668
24111
21185
21935
7043
17887
7179
18354
12111
31642
23842
22504
2409
5356
15660
9478
2508
2281
15256
5312
32009
7165
20413
6483
3626
32698
29899
6515
977
12147
29476
15262
8756
27052
2804
26318
27617
28700
24375
21031
1699
3352
18460
18638
12614
16046
10278
26220
8226
5486
2083
12240
31880
21222
18811
23006
777
10393
10117
16688
10767
16941
29116
6102
32656
30633
17303
25322
7618
24568
7282
5761
8057
2513
30488
8212
4061
10489
23830
11671
7759
999
31497
32206
12248
8329
14368
28494
11599
896
20582
9505
27887
27227
28557
11816
11339
32516
20990
26641
13322
24431
27951
2027
527
5234
22238
26089
11140
6308
168
13216
27096
14215
20596
26173
5119
18519
18287
20194
3075
2097
9725
26416
13368
20408
17833
28496
5972
19023
25814
15020
10354
25926
16865
16753
24875
5030
17782
30800
10557
12421
17047
30076
3985
13971
5974
19486
11905
23086
9045
5036
20650
32444
3780
392
20911
26971
10028
26608
6
5530
12878
26250
4488
22307
10392
22606
23355
5512
15116
12873
17839
28391
22676
27666
21843
488
24241
19222
14300
17999
13501
1583
23165
14035
27029
11179
23295
19093
6
11660
30903
31616
20651
31328
3795
29781
24150
400
10647
22554
2274
18371
16014
12288
20672
32518
32323
23670
30273
29637
20124
24020
10626
412
28241
17284
21039
32640
16369
31071
18968
7669
21817
12115
24294
23324
14017
9458
3846
28454
18136
11852
2663
12239
25657
23081
14373
9189
11842
5410
27552
16586
3384
2346
17393
19655
28294
13547
19799
31151
25118
2571
7264
15058
15689
29776
5127
14498
11537
3615
13165
9416
22280
22024
23331
23642
2842
26975
1716
31430
12269
23714
7827
1045
32611
30250
27751
12257
23765
20181
4167
11915
25677
26784
25697
279
29399
23689
26196
11685
27585
22428
20392
21359
1591
14869
8314
25402
26003
31502
22704
10468
18686
31216
16720
16426
16118
15291
27971
3694
28387
20043
13514
861
11780
4089
14784
19326
9286
6413
11211
14310
23327
5447
8150
4457
10575
11859
902
25582
18277
16040
26437
11769
26637
25041
23482
329
18561
21905
16907
9485
22355
70
21159
531
13757
19300
6128
27067
2680
31732
11171
13637
4158
887
13877
17585
27199
29825
11926
11352
10794
16000
707
3462
978
4596
23682
27646
3017
6681
679
15225
27786
18670
31845
17020
32554
8136
21539
13420
17095
3973
8618
27457
3985
29780
4667
17217
10684
31344
25219
7470
1278
26011
23991
21881
26906
2771
18188
6750
1902
24452
14804
20525
20812
13125
8291
22719
2340
29521
546
2444
17219
556
14795
28579
7925
4036
13231
5533
24079
23930
24829
23280
30395
16268
8352
30121
29985
30751
31534
29751
13570
3393
11519
14954
13352
16179
28962
8851
7912
12964
14187
26876
25663
29938
10449
18790
27129
10774
28845
29570
6169
22229
12623
16511
27332
25752
2368
24092
8447
8898
30804
30834
22549
15317
13480
19754
13387
8118
32715
11670
4572
2542
31627
12708
28683
26624
9799
23277
7579
3002
15042
20240
30264
26266
24848
20645
26477
3478
30804
21160
9728
25821
31079
1051
25729
32676
5871
22738
32339
26471
19095
4583
5042
3623
28056
31625
9575
24143
8379
30509
31312
25416
19204
10066
21653
30374
13558
2616
15455
4360
22418
31352
9268
4013
14861
8418
15652
22361
14656
8491
2271
3401
17239
7927
9720
30171
28544
19629
27105
31372
7296
28712
26407
21423
13981
24294
21932
17904
21905
2082
5333
14330
90
4788
13868
25184
483
7238
20385
1652
20569
20793
22564
28337
9443
9149
21521
3788
18686
6830
30190
9132
12380
25862
26089
5265
26440
20832
19240
466
4128
24686
32461
13381
11296
7091
2005
12383
9866
21261
15303
26629
28494
27148
22171
4531
30560
5194
29117
6003
19526
4521
2846
25213
26535
12027
3250
19085
11625
23380
28642
22722
29798
9044
144
1762
22907
30024
23604
6491
1709
24099
29274
30184
30816
8075
10355
8756
30510
9426
1201
5909
27018
22663
21400
18952
24403
12602
32419
16475
11942
5343
10414
5362
6100
32053
26098
4537
27763
27472
32624
25936
25759
23013
13715
12267
22810
30526
101
3485
14643
26299
3946
21197
31435
18619
12095
7689
11864
8093
959
26724
30614
24829
18473
13942
11266
6257
24689
19993
3372
22526
31991
17851
9006
4262
16227
6150
20375
13732
7916
6238
1811
1482
11536
29218
22432
16752
7071
6088
9527
6676
9578
5399
22338
25828
21123
141
2630
31551
12829
15579
24198
26527
1942
22409
31634
2828
30753
22226
24258
25720
19420
11373
3844
21115
24368
24936
21772
27855
32239
21560
28146
29545
12039
16690
27837
32761
31622
30566
26868
9003
515
12293
5937
18417
507
18138
23032
20782
22605
9559
26835
216
11029
5052
29947
6548
9889
22443
13673
13331
32724
25412
8219
20431
4238
25282
3701
7546
18147
23302
26802
22487
19328
12546
241
31408
22380
17832
31039
13016
29761
30030
16391
11734
28471
8966
16195
21326
25716
32581
12473
1885
287
3396
19122
27818
23094
21664
19761
8862
1703
29160
18959
5291
23796
14901
30840
712
784
5310
6773
3336
20677
1801
27234
13659
7167
27478
20811
31719
13387
12105
12618
17431
25779
5521
29232
12027
15733
18651
19760
30642
9126
24633
23311
16350
29247
7928
21681
23895
32730
3423
14434
10163
21892
8419
25400
29848
17555
17207
23233
24377
19965
4148
2399
15985
27923
13926
494
25997
31250
24834
17073
26020
30085
2694
32095
27370
28305
6716
25012
2295
14827
11559
30532
21645
9097
20948
11770
27178
31077
23359
21586
23190
27244
17145
24311
15850
10198
2896
15154
6131
23726
22687
18529
651
17104
833
29111
13481
12353
32600
15641
24331
14239
21246
23261
20335
10727
24018
22471
26362
18663
25167
31855
20480
1199
12866
6434
16829
21200
1514
24020
30974
9581
7673
26130
1488
4424
29801
10251
23427
9516
31224
9336
28192
17877
6945
7306
5176
15484
5422
31606
1737
25924
10131
24210
27919
7311
31829
7903
13775
1638
15257
2225
9625
23820
8994
11029
22280
798
23097
30162
7843
28835
11579
21039
9645
16556
8534
30724
13149
21932
27531
16851
20367
32012
12813
15164
22990
5525
4243
22351
21601
14549
31376
11530
23396
29416
1671
16801
23262
19454
24780
4195
5620
20663
14215
15514
28202
10371
19780
8669
3842
19095
7643
21733
10956
7297
17284
12857
3719
458
26906
21905
29991
5140
12920
19930
13538
31357
17852
1967
5369
19184
3917
7358
19842
18272
27724
27793
23051
585
636
19635
10094
24224
27771
25410
18700
11053
19431
18461
25184
5340
18325
28183
7115
25233
25477
17865
3387
32560
32225
15382
21214
14073
29133
12511
6216
16220
3847
24208
427
11604
3020
31046
20294
292
27193
3222
16292
5202
17212
17973
28270
31474
32603
3595
30769
23927
3160
24268
28453
11515
26163
24452
10791
6823
15726
5186
12645
11151
24027
24917
32022
28346
3299
23227
7204
30016
10388
5272
4103
14436
20766
28483
5156
2476
28482
5291
4422
20650
14057
22249
20455
5415
28717
4663
22917
18331
2124
6612
6737
18224
13916
29790
5435
27984
22828
32707
23403
6872
10599
19311
21817
11564
16472
16667
28821
28596
29803
12685
18161
24997
1039
22924
16901
10793
31623
31968
22736
28162
30297
15772
16441
3148
7538
24770
2952
14853
4361
21502
32568
16523
11707
5034
16976
12198
24344
8390
19502
17423
7438
7330
20000
29002
28307
17147
13746
28988
19096
24053
10294
28701
4631
14980
5133
7873
28795
5649
25662
22057
7649
24903
31081
16204
25163
21226
2594
21853
30760
23926
5093
7079
14783
14848
10083
17919
32438
22475
25716
7638
23928
32610
13005
8148
10089
19664
4817
23844
10349
26033
31623
32247
18651
31854
20860
23776
17574
1093
14397
16298
9281
10084
19775
923
24312
49
18108
21043
4161
2568
2324
5455
19723
30306
19109
22140
29016
16180
11129
20145
19163
8809
24039
15077
13089
427
29528
24469
17006
15111
28875
6603
588
18017
20000
5938
17675
1194
7876
30027
19050
18626
12724
23404
6410
28607
18293
28512
23872
27793
8820
17843
510
17594
3164
12810
29992
2541
5368
7363
2799
26468
24467
26499
17349
15565
28060
30756
32526
11663
27780
6118
19388
11188
18403
13688
13594
15787
2589
15553
5267
17562
14252
12389
19403
18056
7964
30578
15048
26465
16596
4300
23009
4461
18044
17525
6734
27545
5066
30688
25771
23579
21528
31295
22253
3297
30706
18165
6757
6981
32058
26900
29904
17034
21756
26360
4284
5110
5864
29943
12623
9149
29234
17591
7130
146
12035
23367
5242
32496
3884
9271
5232
24759
2928
8256
10216
18746
24662
32078
6226
12780
13037
25952
231
7041
20226
21763
9071
12761
19550
19482
16687
20130
12222
31249
16349
31786
6800
6669
21165
22012
7261
24682
473
20145
19151
14906
22329
26475
31879
15992
30692
21133
24910
14352
30990
4025
2040
2680
22330
15538
29716
14416
28976
843
28615
8039
20690
3572
7871
14813
13496
27426
6018
21355
5214
19307
9117
21127
32212
12239
10946
17100
11723
20664
24852
15860
31148
24261
32765
32629
9142
12111
28438
21758
10981
11712
18142
23859
1727
5521
13672
1609
15507
18885
9023
31272
26626
16891
3712
16775
19424
3816
676
17448
28388
17982
19517
28570
18061
16763
7140
17607
21310
6783
16835
326
28046
29734
20827
7548
18852
18339
31956
23379
2507
6025
7164
716
781
24554
1172
6755
4742
27863
15357
31076
5675
32021
12054
27726
22145
21721
28981
16639
11019
5003
15087
4638
23121
15043
5368
19647
27514
23918
32026
30826
9161
10790
30857
19528
11552
27272
1606
26667
18323
1585
20293
28943
5381
4180
8085
24716
18629
13856
17828
7778
7354
13176
3745
23430
29533
28303
14144
1290
25245
4307
21968
18638
32747
2965
11981
23962
9456
10180
9226
15797
28722
19551
25341
8068
19959
3375
18440
5566
23672
14673
22987
12940
2907
8292
17891
18878
6524
22677
15047
12833
28419
14633
23183
15434
25153
12009
12105
15530
9771
16328
18125
29672
23643
28462
19410
11658
10132
11997
28045
29296
26246
3038
11983
15526
25367
23711
2934
9012
20611
4739
28627
20004
18034
32563
9588
94
29179
5959
11177
15613
21781
2518
15003
31274
22397
27296
24132
31185
28941
30532
12465
4431
10484
5864
7754
18598
6463
22626
25907
14115
27905
13561
9541
23753
29562
8637
8512
9982
8859
4916
17213
14816
25158
15409
6921
3480
16596
18545
13877
27977
25165
57
20708
23476
6227
28813
31604
30259
1763
25382
5080
25801
19295
28515
29018
5955
4179
277
17744
30966
16780
19268
777
30569
25537
4011
29330
2268
16648
12527
27533
21001
16638
24277
27452
7658
21867
12695
19046
11598
19776
16058
2052
26437
16777
8529
24224
16386
4240
21680
4942
1005
8030
9755
24823
14048
15018
25083
16547
3089
6258
3105
19869
9489
1515
21607
9592
20575
23193
14343
26862
3117
18825
5242
4710
6928
29727
6757
7472
16867
23546
6923
15139
7531
27815
22200
20035
3744
23703
31643
14012
31275
24463
21813
646
3617
12022
22383
10092
8324
30268
5535
25840
5380
14091
28614
25518
13932
18262
27757
22805
6965
15149
30208
11986
24561
19455
23585
25946
11611
30271
31595
19775
24679
8149
7163
22085
28024
9847
7437
32159
7073
7992
5421
19327
18109
18079
11557
18509
23819
9928
24402
7152
3825
2892
602
14034
23292
30923
11070
2678
2268
17183
492
29235
3604
8339
2123
29218
16042
8157
7114
13238
30013
32704
15423
13135
22710
9225
17791
14674
21032
32209
30687
28866
21694
20246
31138
31310
27585
5324
20474
10080
15184
13042
30392
3408
2263
10682
21194
18413
9172
13086
26511
7695
30751
21112
29508
21041
24159
25075
15338
815
11485
8507
21112
5444
28932
8606
26387
13459
22421
19480
27441
3898
17229
31652
21878
32091
8624
20534
27022
29297
18034
30374
26305
8552
25463
21456
5129
25999
12467
673
25435
20028
15067
363
22343
23019
32355
28453
6571
15114
12394
3024
32321
9189
7852
12879
97
16597
32423
32319
19712
28913
30729
5944
23968
251
3029
17535
27304
17241
20847
12276
29981
32501
7648
11833
23131
31136
28408
21396
6112
15284
24833
26894
5949
1779
1583
28337
9467
7827
15615
10579
19794
1112
27840
23998
20958
7593
29092
12126
28970
31327
15304
18536
24107
9971
27076
351
9104
30779
9936
4783
15147
21771
29527
16545
14119
3658
2585
10192
11483
5973
3528
20559
26679
3200
13452
13424
19105
21060
26637
12498
13519
7989
7593
20768
8134
30498
22211
14705
7044
16231
8536
11007
30191
29133
561
20232
19821
25947
18838
14498
2452
29401
26526
21123
828
27852
15551
30315
10815
13221
23536
27575
30431
21371
32562
23791
11347
29800
14027
15232
10769
5106
31533
30280
17084
21226
23128
19426
31243
17766
32032
28309
23603
26835
11133
6719
16889
17725
1079
20956
32474
16516
22650
31080
18543
16056
17004
29730
6180
23001
26357
22336
23291
1828
19431
17276
21442
23934
10632
3398
17692
17337
25996
31620
6141
28364
17128
5533
13944
31994
16401
16439
6855
25107
721
21336
490
582
23920
11926
32559
28145
10382
24794
11453
21409
23040
3279
9545
5496
3301
9795
28758
13843
8581
14817
2200
15341
28494
6571
25914
29216
18655
31563
28518
29687
10268
748
23917
7961
9158
312
27563
11555
11488
4925
22606
11751
16553
14108
10625
8290
16021
21537
17708
4477
25275
9974
10580
24735
6566
16919
13592
2231
13156
29135
9933
24162
3045
6006
24630
24765
27829
24679
4056
27806
24685
5266
15554
8223
30365
15298
22298
12369
3713
30597
10166
5277
18689
16139
154
2755
21283
3757
3096
4244
13085
15279
1803
24644
28805
4901
26121
23543
25690
26042
18195
16096
2059
841
9418
13845
15347
10592
3353
7212
9476
23170
2695
22466
31993
30591
23942
4876
22627
27364
23822
23890
32274
13685
32339
22420
4533
30583
19600
31895
17912
190
18688
11646
7263
12501
2070
545
25476
958
3496
22142
936
17748
16487
8621
19002
11952
19298
6820
15585
23159
29542
26998
22245
12730
941
23716
25926
9593
21926
19948
1972
6803
2898
1782
25333
2978
11719
16599
11258
18972
22277
25467
2075
24097
13591
32749
18665
22869
4751
1710
5233
8180
5607
9175
27269
17313
8220
21567
25159
10036
4431
14414
3258
27637
387
30026
11665
9769
12424
12911
31565
10272
20597
3636
15081
29101
27889
18334
5389
13103
28418
8172
32413
27529
27659
2874
21096
22862
10485
28630
23667
27695
11438
279
5101
29709
28430
6619
7479
1086
17712
19631
5238
8338
20605
14069
27868
28930
28767
31820
18505
22502
13103
13975
23595
14319
30580
31460
2720
14446
19763
22489
25282
29720
12075
4280
26722
12595
2601
6626
15231
12347
4166
4556
31714
14981
4651
24214
22865
5678
13912
2300
22013
1485
10597
12196
29855
6258
13837
9525
22331
26145
3232
19767
24091
31128
32580
10759
5815
15249
25582
28742
31597
6072
28245
9386
14201
12360
28386
2470
13433
782
26339
18741
9314
7359
10728
528
20164
7540
4351
19045
25218
30901
20053
29190
23010
23591
16658
650
30473
6128
20088
4747
18972
15644
8360
8024
8956
27319
16737
30144
22240
22871
1347
17039
27114
23966
12344
11250
9114
1882
8747
5425
29932
16068
26077
20394
1844
19195
27847
15113
21226
158
4279
16568
5478
27502
3247
27194
24866
19789
6683
28914
10144
32579
5340
1362
32434
28774
20491
14769
29284
7370
30569
21351
26690
26922
13826
6539
20543
22413
3062
18796
12354
26179
31463
2759
16302
20324
8177
13937
13471
27192
657
6064
21414
8338
8833
20070
16595
27750
32587
21651
23559
15805
2370
17278
1248
19635
27170
22221
26007
28799
5408
6129
5033
301
24494
1445
7403
27625
6554
12477
838
18712
14725
14751
22302
7680
5614
3134
17137
18876
7471
30507
18932
2597
16325
30061
23694
15276
2612
27542
4996
30456
5738
28913
18947
23374
17518
905
16222
24796
27766
17455
2217
5849
11829
2682
30373
4935
11410
23410
16446
6557
10090
7540
25552
15510
9568
10430
16562
23617
16907
23163
5128
21944
21737
7537
29872
22892
21592
7694
13144
17318
1737
19933
23750
16202
9061
29668
17847
5956
6610
17404
18880
58
25022
1029
15734
6264
11648
28024
12525
8443
6959
30105
9064
9652
20275
8044
26184
31070
12745
22263
22105
28454
8639
5967
31429
1938
29979
31145
12455
1894
6387
23688
21407
7839
3121
16930
120
30661
17642
25523
2075
20379
29118
15487
32651
609
15081
12530
23323
14001
20431
1964
10459
23236
13027
6997
25939
11163
5456
24688
31308
32611
18856
21630
10676
29583
30201
24101
6529
284
23177
18567
25175
32000
30421
10068
32382
20694
9003
2128
32466
18637
4060
14464
21471
2438
17344
13685
16016
16452
5371
25749
15196
4323
24470
23118
29794
28848
13528
25793
5918
1354
23306
26555
3386
3740
17360
16349
3803
32140
31546
25967
23200
5520
26838
18171
10185
17387
6497
444
3692
1113
28623
538
30250
18432
30239
5902
25369
28421
27420
28191
29584
7844
18585
2379
21765
13354
6027
26793
12454
24176
6551
1800
25993
21847
13981
1229
13459
19573
17698
14549
32676
4706
4176
1150
20169
30235
14204
23393
15155
19672
15153
12383
30305
9856
31243
31060
11565
5979
3334
190
12861
32670
32476
17524
1836
28650
12936
4914
22015
3861
23854
9604
9522
17849
29373
26967
13769
28097
8406
26289
26385
18927
24539
17730
25687
9028
21181
23827
15708
17011
11721
11864
10284
13140
19346
21166
13848
25056
25240
4179
31733
8846
32188
10973
24392
20379
28759
28773
16597
26163
20818
23458
30226
1244
4193
26849
28087
3809
12053
18323
14732
7162
3500
16341
16297
22933
7513
11019
27116
30927
10881
8713
29842
9186
10068
20178
14255
2530
30975
5077
17720
27017
25367
27084
12947
2617
1602
30691
922
11574
5868
21657
3787
25332
16586
21927
3900
14737
7928
7843
6003
13933
4074
19671
18034
7485
8520
31695
22377
29283
16577
4257
1222
30170
11224
18454
13158
23313
21282
32031
27335
30577
30763
2122
19084
31724
15836
19297
3929
22070
2599
16261
17722
5284
15584
15025
23840
12226
5766
14598
25950
27577
22554
4195
22351
9169
3120
15116
13500
30599
23089
13893
10704
7582
30481
23917
25393
8617
9268
6023
852
7924
4664
2558
11657
10089
13723
13431
30977
5061
960
11018
9077
11835
29078
9921
20772
20212
8532
29893
7636
22890
23149
6780
24921
125
16367
20717
13951
2765
11043
26608
17809
21438
6255
10423
6901
30057
23695
15382
31894
15380
32246
21923
24767
17394
24329
2907
20987
20470
11044
26705
1145
31519
12402
13816
15549
19801
13682
11118
15975
1066
16372
14217
17535
2824
22265
9823
26100
27056
15420
29576
5648
30819
32319
28387
11500
10882
26818
8333
16468
15871
12588
320
1464
20600
9793
21995
29150
15544
16797
29986
29509
23898
9020
7616
27752
30255
16249
31717
24887
17496
8812
1784
23372
26654
24789
344
4956
21658
29220
4197
2276
24463
10109
1521
20787
22063
18488
22680
24305
16689
31884
20261
14981
8533
26798
7025
13694
9929
19284
11999
24075
2606
3511
27474
634
4631
19697
24881
4609
16392
12001
21120
1581
30988
25741
29842
9256
30242
26050
14329
1079
5475
9006
10747
12170
23708
529
17605
28267
5535
160
572
21429
15306
5529
987
19833
9145
5326
275
29338
10265
9694
31283
20444
32491
28142
22597
27345
24586
13034
20840
19774
11801
23188
27391
20833
22055
801
1329
22244
10251
22016
3550
6009
5382
17340
2068
12578
11873
11006
12009
3415
6822
7388
15273
2005
2090
563
16581
5226
7849
25441
27986
19814
1554
20203
21540
19751
10197
26861
5085
32407
15633
23206
24984
24365
15906
17738
24319
29472
28233
11861
22193
29277
16027
31409
26573
31834
15859
24517
1668
5479
13991
29305
18923
26752
15340
6532
7867
10491
30144
6559
24392
10814
7644
20847
623
10590
1564
32592
70
5687
22507
4003
19005
31365
23830
9412
12240
27906
11291
7897
14473
30665
25937
7510
22273
22868
2737
27420
7226
29408
27794
26213
4193
15315
29905
30996
12501
17882
21922
11326
10836
19096
32609
28015
14075
3288
31314
28789
13884
28720
11600
13430
12235
16637
32038
32732
3419
22251
17911
27719
31832
29173
2135
8641
32498
27920
10379
32238
26350
15751
3669
30618
20324
4541
20971
333
10723
5086
22099
12036
13486
5826
1049
5205
8669
23447
16401
14984
7166
13531
17029
28866
13293
1156
12772
27300
13979
30494
31451
24603
25269
7961
15788
1703
19146
11364
26503
9990
22194
88
32425
8379
30517
23647
12773
26824
3921
17605
5830
26853
9202
22459
10092
13833
31790
27298
21337
18151
12270
25401
17019
6635
27008
11236
27164
1367
937
31097
16485
17623
8734
29679
28822
15391
620
8091
5676
32427
11321
3495
17885
12970
8389
5291
10121
30904
18209
26267
22569
19010
1161
4278
12552
22403
4471
4311
32142
11883
1555
19995
3870
11545
1217
10665
8289
2745
24630
22328
1680
31214
15719
10014
30917
1233
21863
31580
22772
19944
10986
6622
575
17432
29455
2745
21215
5706
22958
26554
29832
10338
5149
6442
6724
15572
6863
17758
13472
3436
5723
10152
16373
3383
10454
16890
24384
7390
23140
16519
6297
6845
6157
5456
28048
9993
20121
5281
10592
7684
7992
31346
7047
21728
21575
5101
9608
4111
18501
1248
31810
25605
17967
1154
25709
29473
12749
15454
16030
10740
16971
32737
19139
10085
23662
7322
20328
11084
24569
23373
5421
18539
14078
11796
18008
3796
18683
5125
4089
11053
17667
31392
29354
4247
18181
9923
6471
28987
7924
12280
16477
16507
11748
8925
175
28719
29136
11859
4703
14494
31699
1452
15667
32692
17070
16130
11805
29188
27193
21239
14418
29542
21664
3180
15331
27209
32140
2236
16819
31549
7297
4820
17708
27627
23000
19669
29894
1370
25156
21113
25083
8890
6316
16679
5187
13203
12337
2662
27336
28904
11286
11580
22097
7724
19922
19114
6476
19135
24068
17158
35
24678
9851
4511
31999
12898
21684
4467
8837
106
8279
26217
1780
25876
335
4425
23885
4808
25899
22037
5123
19734
6824
25341
30263
10767
11326
3263
32065
16789
30999
952
31061
12396
29131
19512
15102
8607
1575
23914
3342
504
10084
1762
20553
17140
24202
16050
11976
18919
15052
22898
23217
25799
24185
10362
6165
30369
27135
2025
18994
2955
23199
12147
29385
18504
28156
19136
9925
1821
17873
31529
29450
23971
29589
17099
2385
5264
22633
28156
25821
17464
1888
780
32199
3458
12010
25309
30608
1307
2859
12999
27985
21136
11704
4808
12204
18687
11600
27482
17703
30515
18202
2915
30084
14178
22955
30545
7914
11656
25137
10496
11538
2788
9795
12666
10585
9890
26764
15743
23954
16344
22156
21619
25272
21511
3088
23825
25625
12814
16597
27345
25584
16946
26383
5875
24140
22191
20660
3731
10976
18497
7745
7969
25194
1473
2628
13873
11198
28825
24995
19230
25820
7903
13584
4270
11116
30093
5658
1995
24634
797
28849
4083
19779
22809
9243
13613
957
27424
30857
20143
30844
31140
27678
1402
15134
20119
27390
32248
9834
27544
31666
29075
23602
27074
4968
10638
16443
90
18073
12880
3664
26572
2040
27892
28396
8494
15804
16793
17287
6424
23876
25704
26166
11243
9578
10216
4014
10685
26872
6649
26384
9829
16643
10994
21218
1132
20825
15170
8441
19271
1355
4860
1714
11554
29396
1583
27123
21042
7056
19163
5404
5972
6812
3383
30998
44
16743
21826
2369
16614
8705
19943
14955
23480
29233
10647
16140
18126
327
9241
8181
9542
25440
12442
23428
25509
5407
30265
24415
20510
12949
29569
17257
22888
18037
17758
14682
9057
23177
18707
1080
30279
15372
6833
53
27125
5385
31376
31537
5039
13382
7237
16051
14995
5557
15537
13223
29349
32767
16706
11803
16323
5716
17703
12914
12676
31670
15968
1789
32335
24373
21991
14224
22735
5046
688
23092
20798
23182
26195
19478
5386
32282
8449
27104
15115
30176
4093
14501
26208
13945
17255
12395
11141
18682
10666
28212
2972
30963
4383
18381
24600
21656
10838
27936
1629
15176
25148
26004
13079
10064
25828
23029
26117
11512
131
3212
9179
4340
23605
8720
4988
4397
14391
21339
1692
23598
20722
30106
7599
16998
30005
29521
29684
32666
25667
1420
9416
29760
21196
1769
26907
15079
8613
18181
24655
20682
20078
1186
8544
3675
3548
24380
20150
22512
10629
16763
20300
9670
13881
28612
7829
7133
23593
32629
9835
2782
5363
5409
809
14081
32395
16333
20418
443
24470
23226
6291
25333
464
8049
11045
2711
7082
16770
31044
15936
2133
1524
26328
9862
9848
28214
3662
30299
20376
27177
26088
29959
23336
9833
14364
16317
31660
14187
17185
21423
9511
1259
31427
18752
15710
24679
30427
27308
1982
8422
6412
25316
31993
26766
6258
21432
32511
4773
31517
2018
1139
12528
2766
13603
24700
6569
22467
32696
3273
13008
14927
15891
4284
1850
25260
27633
8592
31180
5056
26447
13659
344
28087
8310
4868
3701
1775
11157
10221
16781
14490
32577
15777
13332
19607
1866
27051
2736
21058
16703
18878
17779
17667
9232
22231
1992
11080
32746
4175
8548
29414
3098
8242
13149
21756
412
27175
658
5475
15016
12842
6693
1556
9853
7170
17941
28441
6951
14013
27659
10326
8457
15030
32677
29174
30415
5748
30158
18301
25880
23987
27137
23091
10554
10050
17601
32254
3247
3237
25923
31588
27003
11812
13594
30764
28804
13000
26285
32603
29185
25054
20947
9457
32619
12802
27271
25385
10118
5648
13990
5240
18673
5890
22963
13580
3849
935
26841
27985
15097
31908
5
26161
23314
28300
8647
31265
25094
16326
16272
28878
4259
5856
23086
128
21906
7668
20475
27170
2985
16036
9603
11019
7646
27747
8851
11695
7502
32259
4465
25982
1600
11979
7169
24152
28784
9998
19169
18915
25690
11987
12852
17018
5890
8420
15442
27077
28482
2750
20330
25594
17651
28006
22580
21898
27197
25086
27628
15027
27081
7683
14635
14817
10742
10162
3118
288
32662
2690
29050
11629
24375
16103
24194
16877
8567
18897
24899
28878
22443
13403
13691
8227
17307
12408
31615
4688
5509
1251
25957
6325
26627
6125
24915
10840
24378
9566
3699
4665
23662
22090
29221
7810
12272
13486
23275
12348
27042
31997
23158
22856
11779
19171
337
22531
4994
12749
31605
12565
19698
27102
26111
29903
15232
21453
15192
22222
18244
18429
1953
15625
26025
27543
15583
5432
30483
16007
26384
17715
409
28308
10101
30672
19987
5004
29381
15637
32033
7090
32558
18162
29070
27758
8113
14298
25667
2535
29288
30481
8874
1285
26040
26544
27766
9529
25839
23427
4604
7672
14880
23334
12494
19778
29082
12938
16162
2958
6793
1629
1027
14604
27179
10684
29981
4579
4116
6471
12614
15592
29809
19760
13547
30832
18404
14115
20899
23931
14144
3789
10340
24078
31335
18362
18895
16552
11404
13182
29386
10025
11867
6684
12125
31784
12522
9647
17192
17152
17384
16477
15925
1981
22220
4892
7103
5802
22476
14611
26411
29140
18204
4544
3476
12957
21490
27002
8690
20959
9903
14802
2889
18916
22882
4134
27992
14506
14355
7877
6206
15770
9622
13582
20274
11449
6879
25178
9093
7141
11600
12474
27211
5706
12320
20928
16734
16093
15917
20474
10610
235
23732
21926
13984
17339
1688
8679
13224
12359
287
5145
11093
15785
8301
8817
23400
20827
30612
20892
23359
11158
6681
22846
22348
31857
26739
6532
321
6189
32515
12172
18326
28963
13643
27599
3680
4162
5484
25439
4983
20346
21513
1193
27373
23104
25675
12491
18980
204
24553
17257
26860
15795
12906
9325
11630
31837
1912
30782
16875
16248
1371
18179
16719
9233
30742
21532
6843
10538
9055
31494
31951
30567
30741
21472
27290
17611
16903
11386
28290
13253
21041
26382
25330
6859
31502
6448
21410
29238
13425
1457
14196
3867
26718
22836
25536
32539
972
10987
21751
6032
18416
27592
26084
1884
3439
894
31320
31722
17882
29711
13051
24682
31517
20716
27509
19680
2248
32076
31478
13850
10466
10906
30002
23898
30075
11739
7936
25901
723
7520
21299
16665
18541
25652
10914
21659
20792
7576
15413
2440
15766
13918
18226
27293
22974
28136
27303
18437
20348
921
28248
26018
18159
23636
32690
28857
20443
21428
8138
21696
27344
26170
30014
7243
11926
12776
1562
14383
1664
2463
15029
32585
25224
31665
18611
26798
3426
5971
11270
13624
3803
3377
21234
14903
20489
6230
18772
31015
4492
29904
11192
32365
7832
21829
17985
29022
30352
26280
4725
15368
23316
32493
15788
25942
30212
32064
24594
28022
31321
22034
28924
30725
17067
12101
9962
29807
6570
26605
6257
549
16677
14526
31402
2954
7267
22891
1902
32459
26085
27781
16413
4466
11183
29926
32723
21951
24700
13846
20042
6752
433
452
19729
9798
32426
4395
32504
6574
13324
8487
7600
17612
12109
13839
18385
30697
11518
24182
30787
2561
25197
17564
22754
5208
3409
27384
8381
66
14882
24916
5751
30860
133
1303
16070
9987
30526
14530
15216
9962
9901
9788
8025
19751
11323
5822
3097
22968
5764
29084
26117
9641
28747
16887
32090
18429
8032
32401
20654
4961
17204
2784
996
15865
3826
21056
11254
14224
15422
19694
1729
22233
11971
27454
14655
30238
11074
25663
22078
19785
31172
7728
32569
14956
5038
1370
8264
32017
30214
9322
16618
9727
20860
31274
14677
31605
24610
5875
31092
11018
31185
3560
14356
25023
16311
7772
24660
4390
2263
6837
18630
27101
18995
22616
1578
18384
26347
5758
9310
7807
15659
16640
16982
21593
21208
18845
2775
24979
18200
32075
24548
24883
25337
21339
26601
10075
865
9383
5180
29206
25334
31975
24046
11491
21230
3260
8996
27353
15558
12861
4901
15428
17781
23797
25642
20886
30252
10985
11945
31062
20055
26407
15693
25788
23397
5118
2942
14333
28791
22238
31493
20437
25638
15306
23051
11107
5305
32275
11535
22850
14239
29622
32533
13806
32452
14589
16484
486
4300
27487
30288
18777
19856
10927
28755
6331
26966
23444
21514
28769
16172
22365
13565
1578
23803
1552
26455
29329
31547
18555
24881
25218
30736
31198
15275
9657
7207
2937
4616
18265
7368
23159
5822
12660
21875
25548
10387
17160
24405
23717
4952
28686
27436
27157
8725
3083
26481
27383
21806
18008
7980
27131
132
4523
3119
23347
1176
13166
17524
5045
24609
7064
20211
15041
11832
19407
11204
31710
16997
23338
30897
2485
5141
25883
11061
19613
8332
8561
24513
12870
2611
2961
6156
6616
18145
1798
1979
14402
591
26765
29465
6124
17858
420
22335
12444
32459
4352
15083
5841
26397
24678
9055
4819
10835
24784
11012
23563
17477
14918
20211
31152
1709
11360
27441
23188
24206
18923
8032
4721
30267
18082
21108
12213
29263
24632
15108
14596
19415
558
11176
18018
13803
20528
206
30368
5224
22660
7034
29676
10803
31026
8676
534
29889
13353
10197
26186
15455
19467
8314
24796
24063
11419
28827
27840
25091
6203
15820
30891
2754
32001
31986
14076
2233
27452
12302
17324
1383
15151
20336
2918
23324
27233
17496
13421
20031
7739
9885
12040
16862
10875
706
17755
508
20958
5521
28028
1543
8913
23638
530
19241
4497
5452
30040
12769
17114
10555
21712
4291
11227
3069
15108
28620
4705
28623
13562
28504
5104
1239
17006
5916
2856
522
19304
415
31355
22473
21721
8124
28177
26696
27410
17060
726
17551
24124
14290
4308
8439
13103
30093
12983
26757
7828
8448
29138
25739
29719
23346
5002
21836
32208
12647
30053
23581
5597
18914
23882
25479
28240
31345
3130
4340
6001
4108
30413
14194
20357
32203
2522
9898
6975
26815
26102
25785
11207
20621
9647
5852
24924
24682
18616
6021
7067
21301
4175
28510
12940
1606
23285
5316
5059
9388
31654
25101
2125
890
6153
9730
4636
32189
18041
16678
14409
7679
3337
18223
7030
4922
12843
15961
12811
21179
21666
9865
23240
8156
3062
8832
89
11207
23732
2996
31354
12601
28372
18675
22109
29763
2032
15693
32684
27197
9008
5307
31626
28416
6113
1124
18883
17509
2302
11834
22812
31460
30991
15614
4339
5071
267
21941
30100
7634
29855
2748
974
7289
19967
6915
15953
15614
10899
18874
28189
26162
20222
28924
353
24310
9084
9518
29118
22040
18363
7548
16567
8848
12120
16956
20436
29778
4464
7884
26631
28278
14960
15737
23302
18091
5291
30775
1962
11320
24777
10721
14455
12934
15390
15595
9160
29155
22503
19014
5689
5673
16868
21246
26853
30665
4049
20589
16044
3876
7627
10621
14536
22095
15290
30731
25034
22307
6572
24735
28698
14070
10859
17622
23901
26531
915
21960
17914
9127
1283
14761
24375
31964
14084
3112
27175
8751
3401
3751
23429
31485
26607
8301
22840
25804
22559
31892
9
22038
16273
19589
19874
28881
31500
8051
15688
18151
13599
7368
31562
17639
19629
22415
24727
5819
10983
3266
25818
11842
9036
25289
23583
23196
7829
21874
27271
6492
18635
12950
12715
10322
29038
23299
21203
30764
5697
30128
20690
9810
25920
5268
28779
27644
10021
16738
25952
31505
8859
11660
21543
18552
12452
11137
21638
13590
29897
27907
25108
3949
32497
10802
27309
27401
20336
7937
31719
12477
25815
30342
24991
7884
25351
24720
28834
1537
14645
32356
8343
14091
2533
29466
7354
2059
23666
3542
28403
16533
13860
25596
22713
14832
9872
3473
30326
30966
16316
18778
32289
16381
13274
691
23410
23154
26697
28668
3139
23540
5166
22308
11982
21276
16634
16496
1402
12234
3116
1870
2901
17883
22323
4906
31788
20130
28322
5804
18310
32666
2193
17264
20667
1637
15761
20552
10497
14971
15880
31861
4087
2151
28789
4118
6245
31583
1703
13497
11212
25846
8998
15403
2253
26933
737
7557
21461
25575
24999
9739
21950
15721
8766
7007
18936
23844
6980
4715
14557
10588
294
22023
20085
10333
23445
15222
14975
28757
20171
9178
13351
1716
13934
31233
17559
2955
14774
30884
17089
7896
1709
2325
18066
16407
13963
11239
18012
26941
30996
8570
20280
10789
4282
10931
18867
26024
29640
25443
8627
1986
22486
13439
13663
30459
3407
15121
7787
14133
32502
20066
17594
23471
5179
23681
8701
21562
29704
1816
58
2697
602
9548
9508
28982
16756
7141
21637
299
16486
29080
6491
28233
21295
12064
20763
18128
4748
5021
30131
21112
12185
16325
16275
14356
30093
17040
11371
1224
2637
24021
25289
26139
14081
24690
8791
20732
5948
28613
16159
29203
26373
871
14048
10623
9852
22881
31860
28881
16399
19107
26876
16392
3007
9214
8679
23830
25289
14611
11887
1474
8212
11421
4633
25661
573
16468
23841
6393
29746
26770
22640
14225
585
5727
12954
9513
21684
17254
31142
31076
7360
28653
16990
10352
181
16115
32350
28107
23627
10726
2306
3323
7780
28592
21951
9035
28832
3333
28524
9903
10501
14409
29182
26906
4750
4382
18128
18890
5969
2509
6836
18395
6959
26462
28330
31416
17225
29375
29339
21435
31706
25351
7554
1331
19289
29257
6037
6935
15432
29836
25342
30256
25907
1028
7720
5071
30427
1047
29560
22079
2297
15985
24328
26650
21565
8834
2107
8874
4381
3806
21232
26273
31500
9108
309
3160
8996
29759
17359
9020
9276
30033
4389
27227
5232
25731
13066
24619
18228
13066
31125
27980
25173
14472
16765
116
32302
16004
23808
9271
7672
15574
19007
20228
6251
3616
10010
1630
1967
10194
17190
29241
10376
346
29087
2926
9
11292
14815
24484
20386
12615
11421
32155
7331
12421
3088
26708
6637
22184
31874
25335
22523
8866
1232
8615
4215
2999
12975
10475
2499
4860
18753
15718
12154
394
30345
9734
16992
15968
3908
15017
22527
10315
28326
27385
19467
3189
13513
23395
25828
22346
25779
27712
5055
1569
8900
25146
30486
81
24932
31589
20810
9753
26812
21176
26153
11925
5560
11038
19230
325
18617
11634
23361
27172
11991
14674
19808
9808
12827
18542
26672
1012
7829
8751
14132
5614
7184
28201
32727
28157
21668
1285
9951
26791
24378
15543
29347
24343
31970
23647
12787
6002
18931
5537
2142
65
7679
1703
19486
30372
6413
28494
1807
18511
32611
12028
24536
25518
2692
16611
27344
2627
24809
4813
30642
8099
26077
4793
25770
10773
22313
23427
434
16700
24542
29917
29425
19950
20761
8691
4016
5315
15392
20585
18505
4266
5181
28895
22362
17408
29614
23666
19055
4827
19718
32431
14455
22341
15864
4041
8481
11877
21095
9060
29820
24269
23456
3733
749
9334
25722
8515
10905
1759
29745
26797
2073
29890
24156
21357
9871
27909
21643
29513
1607
21573
31599
7382
7892
8579
25020
18209
30365
13784
22341
28098
17942
31570
1305
25948
15602
19210
11687
884
15256
23608
17252
6043
31019
18598
3750
27858
23534
12757
8714
21561
22960
31707
31714
12662
14720
22783
16328
21945
24646
61
27572
12210
16532
29090
12711
28009
12131
20589
24166
16293
1271
16460
17506
21423
7402
16966
18988
2322
15651
29581
2604
18040
24860
30132
1276
9014
29107
21293
32686
27456
21925
10677
31890
19160
26254
10738
20188
10343
12776
6573
30500
15679
28554
21798
28296
22844
8209
17540
578
18524
31197
5170
6876
30777
32482
21553
16653
7203
27499
7370
16723
23962
18817
24117
29721
13019
18029
1590
28360
9770
12041
27204
14857
28718
1574
1779
6789
16605
29175
12963
27494
3256
24763
17216
15035
24306
11253
24206
6111
17262
4014
18138
26874
25967
12746
3915
4882
29043
1906
25980
20302
8119
2779
13946
28383
32716
8426
21747
4365
964
16581
20364
4932
30943
13016
17806
28313
25669
7578
18978
29522
1999
31925
32480
17410
20061
4763
18885
29154
31070
9391
7968
27532
19190
21594
15558
9835
17544
16017
11042
1191
18244
16246
209
22397
18328
1401
5284
27538
16405
13666
29769
19219
31511
18640
12708
10002
19128
30805
18148
28765
11895
22598
9611
8856
26191
26487
31157
2372
8786
32670
26153
3912
25867
9049
14272
1532
6033
6707
17210
17525
20770
16116
17649
17465
698
7186
20592
5001
14087
19340
30740
8671
6431
1807
12112
9839
23801
9746
12717
32118
13107
8337
14394
7293
19259
14094
4128
20283
20519
19897
20251
27527
16214
27288
23210
12382
11175
32194
18253
18009
14624
23903
24321
29993
3441
14149
17496
2877
24381
23592
20801
2764
23227
28066
20841
28474
3552
30044
15174
29531
26379
23004
21794
511
6610
16891
11398
27720
1414
23882
3158
28855
15576
14259
29253
8592
8703
13187
31734
23152
17887
7379
151
13865
28229
10032
30748
12753
2447
17583
1423
17435
24557
16328
19572
2825
11847
21995
2422
5680
7947
10743
24991
24981
2285
26417
16682
6441
22981
30275
10054
7722
17986
4896
26375
19698
31085
1426
22663
8570
712
9734
13739
1229
21405
12449
18028
13259
22594
30897
21519
1242
25249
31943
3911
25803
21508
1212
21643
5636
21923
21272
10807
15711
28923
16944
29719
5387
8936
18870
21846
14006
7296
24428
14322
22386
3770
3002
8431
19143
113
30704
7869
14256
14662
29389
31332
29404
9440
20511
11756
15916
23104
26040
13436
6927
25653
29662
10796
17097
21828
22740
7329
13089
2649
10437
21186
10045
7927
12830
29580
22329
8691
13135
3319
27266
20266
23705
6549
25598
28016
28265
21581
26226
4263
23748
16912
31448
28043
32432
24087
17054
9078
12749
18206
3720
3363
7491
24800
18930
6111
2567
19760
25800
12775
21194
3634
14509
1646
4715
8213
21207
30963
1378
17598
5906
29557
11336
4642
16278
31422
28343
28179
1075
21590
17842
10755
27396
9040
12030
19488
1892
24244
7593
14658
31561
32310
10491
9254
4984
29176
257
1113
29544
164
31213
28003
28484
3643
26540
5114
17879
6582
30746
30584
7263
10549
26613
12041
16732
10998
13556
10907
30799
15260
30637
6064
27095
1233
15864
26237
29354
8871
31015
7360
18316
22249
17230
21730
21025
18655
17404
10481
22214
17356
6648
8617
511
7133
21268
15852
30382
25903
28057
16287
28664
12065
18167
26570
22614
13825
26904
25434
28533
6497
11432
3815
11210
25648
10666
13295
17466
17581
765
16681
18359
14540
25563
26847
11188
32322
16600
15283
8009
26478
12920
9428
28313
18508
26117
28327
8638
16808
11807
25122
28486
9909
16477
32623
5566
7617
365
2630
2985
20095
30485
1432
15513
24579
12275
30575
22855
30789
24443
14811
21071
26322
6998
10554
12317
7898
21928
5277
9586
23954
1769
1981
23224
1930
11426
25763
17345
2057
7347
27450
20617
19378
4477
18898
28529
17782
27736
1394
7405
15104
4261
21125
10083
3073
14144
10842
13564
22356
4914
25317
27161
2911
11408
1442
3685
17013
31347
17529
21352
21392
28418
19918
8507
8938
26916
17732
10831
27364
7194
2610
18064
4107
16503
18649
1713
10902
6531
12096
24454
32611
160
395
24637
24888
25608
12197
13487
12597
23882
20198
28327
9954
8468
20544
31281
9272
7573
26128
9474
27827
23209
8840
5865
32449
27372
15546
4593
26615
243
19357
6207
22159
4569
24771
29496
25698
21854
1082
24177
21773
28652
32136
24979
32289
2137
23353
7894
28091
2784
7772
16338
15922
198
17873
10909
32587
20177
11490
27171
21198
23353
27157
18383
5586
15434
16813
23735
22759
26788
25491
2930
22183
6060
19979
26892
17504
11114
8995
32153
28418
15836
32618
29031
29069
19331
28790
20168
21270
8218
8478
4698
13025
3772
10532
182
4194
10224
4963
27502
24976
8654
25219
20699
24640
6036
8255
12062
6330
16754
30979
30135
26147
17270
14543
18799
15153
6229
24000
21201
18600
32765
20110
7213
19399
7010
11772
20618
1380
2259
28159
392
23295
7072
8454
5371
21301
7756
22851
32474
16364
22703
5660
5020
3603
16212
13666
19726
8505
11332
6192
21499
24978
2301
14867
174
850
758
1885
26550
29989
9165
15518
23956
7628
26102
19763
11443
11570
27846
24791
18668
22328
8617
15572
3027
26522
13644
16435
3318
26731
18363
5023
8820
3391
27908
30780
6055
10733
1041
15273
26442
25033
27875
23008
19345
18254
9649
25802
6089
14695
25510
9231
5911
30883
21411
12954
19124
3826
27140
29356
12577
18243
3231
22008
32716
8921
9191
278
3044
20682
22337
24730
17278
12061
6798
8035
28898
17925
28888
14955
7161
19758
29522
22324
9128
22113
25593
4980
26727
3366
15014
24694
29545
30019
30718
30153
3683
24894
10733
19659
5566
9505
9592
18632
9132
26266
23797
11031
9695
7217
28140
14534
15698
11720
30831
1434
30481
2447
17261
21629
30708
25637
12866
14795
7128
15947
2531
32127
28160
27612
21961
16472
6278
6321
6166
20393
12614
11999
26300
11471
26236
32721
28277
2928
14244
30363
22260
22699
9781
31801
2604
23495
9231
17529
11255
24639
8505
17075
31993
8529
8693
10712
6702
24310
9700
2522
5091
13143
1129
19194
3993
110
13920
12941
25984
29864
32270
3058
13754
11441
22462
24042
9736
29899
27756
26634
25169
30594
28133
3026
5804
28230
23172
8487
14470
6501
27469
24307
13923
962
17537
29572
1142
8073
4269
23275
21423
24345
9711
22748
6302
25106
7450
5291
23426
31196
9710
7908
16694
5950
23074
28051
22854
17532
32377
10717
12350
15113
11138
8148
8399
28321
4204
29414
14548
9104
879
16257
26412
704
28602
13766
2895
19176
20542
14174
18439
15207
32129
22200
13846
5081
14814
21096
23059
27618
15577
7458
13473
16359
5134
26090
8979
14648
24112
20356
15817
26908
28849
3501
22349
9301
4288
5137
8443
28734
8537
7295
15101
26828
22640
6315
27557
8098
12183
29851
13279
9090
755
1811
7824
18662
25300
18944
16591
19549
9789
26085
32528
723
23255
4308
15067
12742
25400
30105
939
6185
25871
26548
31980
29530
11818
1263
26000
18737
25122
7881
9957
19634
9990
25645
6285
31189
6583
3980
31776
11601
30637
4397
21227
9115
27159
18732
9543
3470
29886
32446
17138
2366
22889
17388
16992
9045
14154
13444
13490
2929
19567
7975
966
16882
32068
2769
4867
12645
32506
9611
19906
11302
14328
25135
18706
17325
13630
8558
25602
9319
27652
21944
7006
32129
1
13170
23360
18047
4245
21464
11994
5197
3837
8884
18566
22157
6521
21071
11422
27753
18663
6858
27031
31469
15397
32627
14529
6511
24236
30005
1061
23008
17759
24998
15012
17028
16652
28810
6596
25653
15237
13630
21143
9630
28775
18601
11446
26611
15639
18836
11665
30364
6802
22872
13898
4442
13109
28659
23093
16399
3666
27388
16360
4508
3823
25629
23919
13476
7607
9769
20900
16033
17351
21036
2539
19868
3195
32478
20244
27249
21906
7032
21152
436
30100
900
4063
21896
25953
5436
20659
30217
16336
14665
19372
1915
12265
14863
1671
16923
3338
826
27015
1664
8081
22693
7965
3318
14475
21185
21948
26798
29520
14259
25713
30711
21117
10867
4861
7420
27730
10257
12130
29141
27203
15977
7834
28011
27822
20615
19875
29696
31398
21570
28922
1913
24149
15965
23032
22619
7483
31156
24236
21996
1003
22295
14831
500
26186
19350
10664
4280
21258
22352
25459
8015
13798
9193
9029
14161
4779
4639
29667
29043
18312
24701
3563
20786
22662
17672
5944
32704
5073
32267
30212
8591
7538
26443
24237
27269
21013
7672
22086
14421
7766
2570
14331
26692
6257
5846
21792
19762
5365
5402
28737
21061
24416
28178
13910
4624
28382
5427
29114
8331
5458
7724
7829
9351
191
2748
6858
4738
9069
7009
15408
22001
7706
5148
27842
18901
26078
17880
6488
1594
20012
11426
21204
11831
16921
12149
5770
27822
3225
8510
32541
14320
2363
7976
6347
19512
23972
15826
25004
1185
25719
23351
13131
705
1207
14637
11209
22177
31230
16911
302
19679
28403
2563
14583
30899
12890
28895
28217
11914
31824
19328
15442
26751
24387
2997
28568
20851
26494
11489
9904
13741
21238
26815
18517
13619
21126
12281
14592
30326
19659
14394
30546
6975
30193
31640
32187
28932
23897
4973
16830
7398
16611
3638
26110
14662
32402
31990
8081
17618
30622
7390
28314
11279
27521
15886
25094
5363
29366
25779
18974
29572
15072
13686
4253
23786
5663
17518
1945
17507
21579
1261
26289
8872
26191
31295
27453
21895
6189
16652
1940
4603
28028
27129
15101
648
16531
7080
12552
24709
19332
8164
10328
23675
23849
26327
5905
30983
13974
2156
18253
30173
4380
1906
27493
1656
24101
7756
22187
10410
30429
21086
8717
7647
19139
19664
27194
20007
2751
26372
22151
2210
20083
30488
12878
2636
18214
22262
31293
31634
26213
29233
3853
23342
25944
8850
24015
7889
4882
7142
19389
29652
21452
23349
10833
23689
15716
14293
22456
26395
19686
20025
11849
17713
8338
9652
12271
2047
19281
8678
7944
5965
5286
28042
12033
4448
11935
31309
30425
19226
14296
9573
4872
16588
18776
18076
19456
19187
30974
32076
27862
19165
24886
27749
793
21803
30103
17733
10003
489
16854
27989
3481
15967
31347
29206
18447
11394
25596
29062
25522
8396
29448
19042
26237
11825
11391
26540
32379
20900
17437
26859
6417
6972
350
6773
28128
30807
12358
5905
8125
26289
748
28634
5940
8975
8592
20606
27630
31232
29203
1388
16291
10978
22309
22839
20710
4669
18912
3467
15287
782
4191
24215
14206
31210
14937
15936
6886
7068
12050
29762
13169
24508
6101
407
3564
18507
4202
30065
32041
11915
18281
24197
21096
22566
28444
2695
31747
18484
21851
30951
11187
6968
25062
18534
23643
27364
9025
13892
15601
30766
28547
20876
28720
14801
15483
26734
21587
21432
20041
26556
3577
20003
4562
30641
12088
8408
2976
23940
9174
19340
11379
26773
3130
13648
11760
31315
10558
11257
30487
19379
16334
27322
163
29976
15932
22855
25436
6825
25256
27800
23821
28589
6629
27135
16384
22507
5793
2657
125
29548
27377
22053
1866
2781
8155
24334
10549
10738
18738
16970
14469
17297
8605
11288
27339
31876
3695
21035
20982
7562
26267
18958
14503
5107
5954
7295
19424
3986
8119
28503
26461
14970
28214
15466
28725
27680
5958
3730
31059
25315
4105
28574
30661
13849
3219
1954
23753
10838
18316
25605
3021
25703
5284
9931
8788
1858
20322
1139
3027
3468
20199
16213
17494
3692
17067
22117
1372
25724
23869
6075
7944
13602
23572
14144
14083
24599
27750
16263
2821
6058
17891
17773
31114
30815
5336
30289
14344
30472
19457
185
22439
21290
5946
26757
31044
4824
610
12666
17103
24437
19812
21725
3086
32735
11989
15467
11542
23644
28696
18310
570
10580
22800
31234
23609
14861
30918
26172
19910
16168
2585
21302
18591
9684
22761
1098
31212
21126
6483
204
578
427
19778
4814
1356
13218
18319
17332
24509
23652
313
20316
826
21335
32490
32636
20000
22422
15775
10394
29600
11088
16282
28803
26094
9133
17209
525
8558
31960
19173
32263
12594
18864
30977
1372
27683
2639
24750
11885
12675
26619
8684
11264
17010
5123
14353
1238
5963
21195
6604
4983
26427
17982
31283
23596
24229
12074
7402
32483
26649
26057
28477
15707
4028
28067
7832
15986
15953
1123
14417
13920
22624
22419
21446
19817
16756
18577
18528
7948
8731
21596
10815
16453
17841
19509
11813
7736
20202
4703
24402
24110
18159
23034
29036
23770
5518
27847
12999
28112
32166
21364
27985
3490
17293
2197
12467
5639
14805
22251
10241
21961
25574
18966
9389
17756
2648
13577
24996
19700
2564
14022
27029
32540
12518
25753
7967
4049
19696
27759
13540
3614
10920
14053
6265
27170
23450
8736
7567
9241
27114
31153
16105
29241
18586
6786
25057
4971
9325
29211
32280
5874
1227
21310
9854
16808
30064
29156
3759
25937
1033
20761
2654
1254
13833
14798
13618
17727
29400
20264
23645
29680
12443
22767
6103
20740
13990
8128
27909
25361
26426
17173
7869
27597
20177
7180
21823
22352
19254
2458
15601
22172
12929
23197
31454
1820
6383
31924
29044
8072
5231
24216
10213
15472
14989
814
1855
32725
9213
11147
2874
8749
20305
13694
6485
25368
30203
13663
19788
29772
20515
12141
30387
17373
2883
29403
30250
10511
23129
11522
13958
10727
150
14360
5992
1514
6444
14704
5631
15433
20253
1001
11823
8449
20964
14731
13480
10735
14658
24440
2019
23716
503
13495
32183
22779
13176
29886
32103
17995
32292
26034
23560
26545
32629
19242
15169
15439
15911
11778
19525
24064
11294
6749
10911
16880
5897
26293
19166
29948
32311
15417
2079
30190
20051
3664
26556
10866
16742
27981
29856
29840
17638
6363
28294
21208
27248
2116
20520
30293
5532
29986
17942
20826
30679
28577
29790
4459
29590
26985
14302
21504
3157
19630
24600
12731
6966
6737
32225
4949
1696
8048
23338
2625
22651
32723
7072
23503
20193
16457
7139
6800
31289
28528
15420
21941
27232
19949
7240
15820
4482
18579
31412
18268
28323
15327
17616
106
16583
5332
4047
24188
23087
27766
20889
6178
23571
17264
7847
28034
20569
31702
24703
28720
20788
565
4801
11855
29138
31809
12346
18035
18831
28401
6986
16547
2341
29698
8744
22509
6882
19268
6371
12236
32113
19734
25180
6756
16816
27754
28500
9039
18719
21339
6018
19281
7320
20880
12467
6865
26641
2585
9468
24283
27433
11026
29081
30836
4649
19569
16157
3666
28128
15676
32171
13305
18223
28402
17035
4286
26093
26998
1115
3856
25800
27718
1532
2763
27677
30129
4431
1193
12965
25059
2401
30999
305
21063
12348
16053
16773
967
22439
30749
21838
32275
15156
6333
32181
21519
28426
260
23004
30472
28432
17053
28213
27544
4910
5489
8150
1452
31422
11984
32424
19329
32594
21553
4310
16359
22306
14690
26515
24729
7281
9785
29385
24243
32442
13780
28925
54
25596
387
30287
22797
29487
4475
31470
1602
22922
17989
17436
28152
30240
29324
4848
29947
14337
11055
5907
24896
25684
25561
27084
6242
650
1174
26145
5554
26576
11055
21089
32349
13986
8321
839
26379
18384
29398
30780
25663
29088
18731
17343
9058
18468
3523
15895
19435
30246
20289
18537
25130
13463
16833
29392
21287
31476
1512
2801
4537
25609
15986
7903
7714
12838
14089
17194
11148
1269
5979
23807
25275
10594
31421
15634
15505
24567
4607
27968
17552
19731
6508
21603
15011
372
17197
263
17318
13599
9280
29747
28886
21544
32500
2550
26751
10602
10373
27231
11405
11304
29194
29368
5016
17527
8082
30052
28655
21205
7800
17997
29015
16452
32369
6194
30733
25052
467
18294
28986
19842
3899
7650
18140
29417
188
23317
27482
20532
32614
23571
8246
26086
7376
8603
18837
8465
16753
19052
7416
30438
20219
23463
19733
11422
22706
7904
998
23748
2734
7137
21853
17481
22687
5044
6981
7345
22101
2215
10948
6501
16365
11339
7959
30166
18928
537
27550
18732
25570
15813
8220
1734
1326
23817
26491
5480
14612
29300
13658
27052
10117
26551
5793
19729
11356
8451
32511
2543
10031
29133
3011
9369
27309
30329
12440
17925
19235
15371
11659
16224
12339
8121
28473
13332
27903
23733
6443
5635
14733
6846
24715
5206
2241
19556
32685
29658
27445
6980
10036
26468
30044
16301
27211
7897
15981
14967
31975
7099
24735
14149
31851
27250
9447
10716
29058
14734
9609
17340
18392
1326
18345
1874
3129
12323
12637
14230
12356
5746
19245
23830
14723
30889
29430
11804
20054
20032
30877
29
24463
12958
22913
4177
17506
12666
28421
10627
19269
22544
31824
10136
17312
3646
7145
12459
25193
13854
13252
20725
3768
16344
11407
24944
14917
2396
6156
16241
30208
24204
2277
12923
7896
933
8700
4404
16973
19188
4897
3269
7610
7663
23646
7528
3810
16376
30074
24762
9571
19117
3981
24718
20232
8453
12589
5704
5758
22020
2418
7045
23803
6576
18153
8835
10258
4358
11399
7943
9829
15766
7020
3549
11819
32198
5582
2899
32713
27455
1144
1108
1427
224
7536
31267
8074
16208
29839
4684
20291
22901
27663
8809
2571
1565
12014
25393
31476
7017
28052
28252
11475
1674
28980
1299
29735
28794
16426
11410
9072
12335
12785
18935
22536
4251
16869
6502
19386
24823
5221
6663
9892
24974
9743
26531
26326
898
6407
13574
11251
28177
32691
30930
14202
5298
9041
15456
13413
13598
12273
4869
184
26448
30347
22831
8492
15987
6759
24006
8596
25960
22531
27928
29732
19960
22663
3740
5662
2715
11462
31819
30193
29998
16365
10673
10983
16946
23427
7528
17974
1082
15025
16031
1967
19068
2369
11975
3727
25169
2933
26820
19888
30655
8295
16072
27404
16746
21175
7068
11045
13820
7607
10616
1260
31325
28956
11266
20951
17478
21539
29454
15036
583
6365
30361
1306
4354
31225
23543
23997
1892
30351
17373
6247
13567
2215
20582
26577
1857
23402
781
7128
30318
20443
12699
678
27307
22210
30219
31449
8078
25498
4867
3797
25908
8351
2202
16176
8788
2465
8837
8807
29626
31920
29889
4543
30477
24094
10435
18461
6778
964
20601
3438
21093
22844
19374
16208
677
9844
26565
18698
19895
15798
6103
8323
24545
15850
25547
1987
7624
22949
30030
24502
20155
15796
6457
1127
28768
11071
15460
18617
9145
14943
12691
28748
6229
17245
8891
28525
19124
7164
26490
12771
13898
22260
16405
27234
27604
18000
8908
18590
15179
29816
23722
8508
2256
3633
4803
10234
9625
10403
12172
17094
8574
31187
12926
8765
5819
29033
18496
11287
18374
7812
1061
10690
20256
15858
30570
6475
15117
29430
10486
19874
28056
16772
14674
4386
14365
24717
30530
5068
23887
30778
11612
11406
13945
25694
31276
3725
15817
16253
6625
6244
12571
2752
11573
16018
14847
28637
11322
1868
22603
5086
9987
8095
228
11981
727
6892
1557
26009
15516
20697
21313
20382
4852
20404
20388
15487
3711
12430
10755
779
22001
26868
6348
10468
26424
30744
29808
20621
13524
23248
19938
5101
3801
23790
12200
30335
14631
4142
22358
19355
13869
23405
12843
9427
3228
20804
18277
4803
8838
1339
5719
11492
25707
3817
20238
30601
1031
16406
9863
18198
174
7021
22326
17877
11974
7416
5893
8528
21766
16956
22464
30
21673
8209
13358
28179
15124
31067
3283
5092
25526
26828
6446
9508
207
23605
28821
25501
23333
18618
27443
4306
22715
31014
17698
13498
32564
31270
18149
21495
5464
21098
9478
69
8819
26238
1271
5935
32715
21240
1643
19353
389
9186
22203
32287
19766
17726
20175
5207
2832
16007
13420
17491
4893
25815
20832
30700
16681
16033
9292
24244
23048
27877
28488
8093
20865
12566
10468
26677
3051
9071
920
14795
19282
16347
31315
10650
29085
18280
315
1519
6633
16838
5329
15946
15840
11111
624
10927
19224
12429
19680
9377
4018
29511
8662
14502
30723
30771
27706
13139
17139
19617
19216
7392
8467
7222
31451
20020
372
16371
15418
2594
29118
31974
276
1298
14871
8042
30989
1964
23536
19169
13691
9845
27216
3292
21711
5642
19410
13818
29070
16143
5337
3450
26425
20146
24484
25096
16842
25251
6251
15124
20148
6958
11830
31723
898
11156
31585
16493
9269
26319
27996
20856
26877
23326
10383
27620
6596
11273
29524
4059
26589
30101
32250
28611
27366
23613
17467
5201
428
8935
7937
18123
32580
3649
22962
7999
4114
24632
4318
26823
22182
3573
21291
16312
10688
17639
12386
1597
23363
1165
26179
31396
26313
31658
9007
26615
11716
6684
3666
5748
15453
8058
1788
8170
6896
29399
5827
6496
22276
6878
30489
13283
30325
7787
4403
17642
25138
7242
14796
6379
11617
15688
869
14780
20406
3240
6344
3064
29475
23232
23973
2525
16919
12792
488
10144
31153
21819
15311
4974
14979
23480
29893
25019
3569
4761
621
3590
20017
21130
6149
18096
11479
7893
5345
14527
23035
8188
14875
18804
602
16511
18730
32255
8734
23902
30126
30376
13766
23263
9876
11648
11501
22838
17872
30830
30121
15574
24333
28593
15065
25473
25746
17466
8517
26739
123
20131
19606
13555
29456
28640
3687
32739
32760
20368
10178
27860
10292
27415
21164
6109
482
2305
11691
7157
154
10986
22011
13012
32058
10050
1276
32621
4827
28648
26394
15865
14264
7392
4181
12209
25256
5791
15842
13019
359
10898
25870
12963
1500
8195
11249
1233
23122
21053
7604
19207
3036
13042
3302
11906
31731
14443
11300
4420
15975
14630
2264
10748
23346
26622
2274
12749
32755
26976
624
2172
19313
11769
27327
6836
32543
4416
8263
17135
11428
19228
19682
2816
20346
30664
4224
4610
28966
3931
4969
2808
21380
21775
20046
28760
16741
17977
26957
9017
9567
12658
30125
16765
10045
13871
480
22580
4848
13801
14404
17448
8236
25389
14097
10330
18631
14240
14533
20688
27831
18334
25109
4153
2629
20541
20576
13519
1393
30819
20039
23804
26071
31049
21198
14841
17935
17549
32024
26451
18105
32220
1848
20779
18214
22256
13441
13001
7787
7693
3897
19954
8136
22035
17544
7023
13911
11767
4324
31887
18170
2902
7040
13701
25606
23328
24484
29596
10488
8290
5496
981
19535
16264
4604
10792
25385
13040
27955
26176
30745
11042
27073
9551
4001
20876
31800
6519
13511
6360
13561
257
15751
13016
7189
32245
26753
21937
13719
5066
21962
1693
12448
28562
3605
1466
15179
10047
7502
10676
24562
7325
9846
3949
31315
27457
22349
29354
4066
21427
1953
30077
15122
3128
5882
1635
5982
15757
24397
29971
21581
8254
23649
5644
18560
17346
8819
31329
3271
27311
29284
17166
22025
10884
30644
3250
2394
14846
7200
14511
31268
28293
25727
1543
7881
32324
19691
2195
30014
3221
28235
13473
16733
14789
2237
8905
6052
12333
24073
8635
29544
5099
8075
26695
8198
17474
20064
18956
2757
32032
19212
24573
32427
2683
4969
32335
2875
20554
17289
19915
22864
8935
9909
17594
1986
2125
4216
20875
4804
21924
31617
19893
13011
21887
17189
32330
31755
27273
5500
12573
23580
1316
19030
18929
2076
21783
27444
11155
58
12123
23167
16139
15365
11077
19833
26860
15410
12540
30477
10425
21385
3887
28671
2455
19347
22544
10793
12056
30917
9180
5563
18897
8196
18029
15660
24764
22980
9327
23534
23654
24461
19143
29840
20680
1088
20278
24398
28781
3195
30262
7256
16491
15072
15300
18870
19919
30010
32000
21742
30927
2471
16589
6250
4271
27348
31750
29841
15461
16870
18443
23299
29392
30105
11881
13578
14308
15107
30043
26043
28063
4080
21794
14907
6010
257
15662
30763
8356
25263
966
22372
7819
20988
17949
1751
29565
2090
1784
3753
25749
10249
17749
24291
32521
18641
4566
11461
15482
29564
10499
26427
6912
30407
5368
21924
14406
23609
13422
11621
17366
23514
15442
23010
1444
26817
26558
14459
3816
9731
26022
29929
9116
16317
19301
27110
14294
10191
22540
17782
25444
9445
21142
7117
104
9794
31951
7434
23351
15561
18530
1198
31678
31714
22512
11931
7348
12954
11998
5903
24148
281
14792
25543
13021
29122
25014
6576
7908
1717
13816
828
27627
8816
8844
4417
25121
7834
32038
24479
31329
31157
32311
25782
8397
29264
9280
13253
16437
10941
7662
6926
5137
23995
14789
23324
29906
9517
28117
19742
24234
27119
31857
15371
14113
1089
13208
25106
32313
8686
31025
31691
4043
18093
20211
2636
26273
14900
21511
26299
12409
18354
23628
22422
27407
17357
12866
18414
30809
14487
133
20314
16326
31576
32513
6813
23373
23153
22735
15357
5637
7363
27352
14898
4536
15420
4232
6336
2421
30739
32125
25278
12407
30931
14239
6919
22658
4849
19514
11484
21616
25395
22284
26040
24084
16044
10993
24344
17354
23740
1139
3658
9593
6283
15912
5076
19895
9063
1833
11647
4396
30240
27045
12078
21145
13795
16241
15835
31529
13363
28159
11466
20233
21584
14743
15735
1767
6453
31854
4117
25122
30760
20588
6087
3506
9635
17338
14584
28724
13937
16959
22409
7869
6198
18154
4050
31984
32098
2643
8280
24467
21131
17894
3562
32344
3979
12135
29696
28471
11050
18711
253
29371
14448
31534
22607
2597
9231
10097
7565
7218
5444
22411
27099
20748
19417
9336
5763
16295
26699
13870
18235
25754
28693
14485
18712
27805
15820
13668
6527
11907
6253
27394
24959
10633
15799
20249
26540
8314
5217
26522
19610
4856
12800
6033
18150
24518
14636
26323
7977
236
9210
25728
1228
24346
32211
24082
1375
29566
24891
23339
25678
1011
19103
26576
27592
28774
31683
18499
9524
23955
5549
15916
6540
21872
5796
2318
27000
12405
6940
17630
1572
20641
14737
9038
831
27703
14744
24546
29559
2490
3688
1281
170
8194
7591
25167
30669
27670
25514
5066
218
18871
9440
21498
12903
19451
12791
5881
9063
7199
31215
28690
32276
16367
2710
19266
506
20026
23008
30997
15255
12991
21111
16614
32023
439
586
32254
18093
31459
5689
3247
31359
19715
6289
8184
1405
10588
3123
16204
15599
6657
16301
29503
31798
23395
622
18486
7245
2171
19994
15072
11981
21866
4798
4867
31268
18566
28430
23910
29171
31738
19651
29980
10222
4440
20391
1659
4125
14170
13065
27405
4956
15943
18424
23782
8707
21661
31648
20331
16137
24553
32204
22505
21966
5647
3338
20675
27398
27216
21505
30674
15069
8541
13333
19620
25088
32432
22811
28891
6432
9567
6227
8721
20657
8754
20868
4942
23399
16042
32384
3580
24360
30184
28337
5157
586
11103
28383
18880
5780
5910
32460
2992
31055
21071
25759
8652
20868
1334
9093
15653
8506
2009
21632
16594
32209
4950
11793
18233
19765
5659
4159
14824
26342
29547
22018
5488
16014
24817
25176
26862
16218
552
7573
209
7476
24965
22784
10260
15552
551
22470
24637
2979
24829
10150
3578
10923
14076
19497
23997
23467
26295
21733
23406
23335
30064
18373
7961
32203
32031
21563
28974
10832
28574
23440
28766
21940
18111
7315
8130
14498
29422
18578
23026
28748
31787
17589
9054
20377
30572
27394
30080
23500
6114
18858
24874
10402
1714
6153
13386
3527
4170
14005
14510
19609
30250
12894
2996
21089
16306
11797
5264
7675
22208
3491
31136
80
13964
28442
25749
21535
1653
32056
9034
9258
15318
30811
9266
11803
19598
20613
21617
25332
17210
29184
11527
21329
18524
17435
3244
28033
14891
24300
15817
12571
22988
911
25453
29223
4994
2006
14146
8614
20233
27364
19835
3138
4697
20673
14201
7114
19442
15867
14323
28013
3484
6906
15578
11064
7972
14061
26492
7108
8381
4139
990
7832
27371
25249
3307
19777
18276
10473
30233
22959
3126
4991
30781
6712
11934
11956
18126
22695
22957
6413
17091
31959
24563
9047
13359
6395
23018
9635
17608
28243
12356
29250
21497
32088
20135
25646
13197
26780
28345
7764
25158
7799
22796
14622
24035
13025
30681
32473
17210
25793
8326
22636
730
20696
29845
10891
19428
24098
19734
8991
6637
23203
22271
19565
20896
137
12931
32519
16763
20399
7568
25452
11196
11832
2308
3743
899
4195
24154
19355
27298
4684
15098
29107
8557
3291
23751
27827
20671
28337
9599
21633
24691
13971
19129
30806
2425
3852
13707
18752
13511
26657
9905
29716
16634
32195
22777
14486
21664
6353
7781
17824
29456
14568
21096
682
2141
5138
16243
28938
16309
4104
6294
2008
26264
17850
2407
3633
27965
28562
416
21835
17343
7671
8220
17022
2233
32680
6298
5279
12841
9565
24426
14825
7011
3573
22922
5349
24072
25156
29427
29927
26815
21296
12065
21654
20568
20054
27765
20752
24616
12779
29729
23941
31759
1654
20125
28388
16292
25322
8893
25752
8946
6815
18449
7582
23176
3169
1546
23048
12047
7193
14649
30675
22377
30507
24036
3014
25723
29593
15263
10765
32594
17300
12785
12060
767
21049
21074
14443
26949
30726
2421
1059
9093
842
30314
10718
30361
7278
27163
16200
32610
7172
25068
20889
28962
24268
30313
26552
27409
4884
5651
10303
17868
3769
24410
25002
13667
28886
30278
21897
12124
31877
32313
7934
22036
31772
21157
12737
22266
17447
5086
13984
18943
22804
20496
10996
25225
10724
15691
5522
560
28245
16776
31823
21196
18929
236
15889
30274
22498
30114
4013
19022
35
22576
2648
14793
5725
27430
17202
4031
24001
20544
4368
25570
10072
13994
31641
4668
16133
14248
20132
4050
14317
13159
12850
15799
16080
28997
31027
29378
1720
4682
4159
30409
26681
24510
4120
10626
11407
13694
773
19127
29789
17844
20068
28325
24591
5092
16190
19374
9834
28627
26857
16809
628
15562
6605
11432
26436
24805
20310
1075
1734
16475
9214
4367
737
5468
21103
23849
8775
20169
6541
32692
23842
1944
17736
21906
4338
24603
30575
13858
24615
29221
30073
13341
23677
10727
12088
29002
10697
23288
4022
2281
22165
7866
10871
10329
31086
25593
4940
2738
1596
1409
1045
30666
13160
3603
26892
26138
221
13675
5360
29765
495
27365
13751
2936
11275
13640
20866
13084
4779
21368
3306
18751
3966
19273
30969
6178
32180
1827
28390
12377
8200
19525
22610
20214
29809
20405
8679
31923
2879
28824
24545
23188
20880
7105
12777
14374
28378
22742
29983
17105
16086
15064
17497
25280
3988
12797
5399
29687
1998
14412
21833
1109
10873
22257
21056
14047
12038
6171
10698
31685
8313
3626
3714
6421
6821
19925
2130
11825
24150
6681
24806
20769
8915
27964
23462
30947
30600
19192
31651
12416
30639
18242
16039
651
17997
11501
11756
28553
11502
15173
1609
18509
3479
16027
30730
18892
16994
31968
7091
387
2187
14789
3083
11238
5067
28558
907
27699
16209
2136
12031
5716
21089
9631
31898
8
15620
31454
24660
7578
32583
21962
22328
467
25349
16094
371
31052
12847
7783
14329
21090
3089
19155
28650
11968
9520
4314
16196
24078
32066
10770
4171
23761
3642
2721
26592
31444
30523
12097
30172
32470
16576
23770
1619
687
5946
22631
12327
18823
15239
31195
13236
1675
29296
27216
4113
18557
27004
28553
18111
24325
3870
30248
20664
31570
21214
27286
28802
1804
439
227
12865
30641
1498
10207
14324
19998
32419
17410
22435
11671
23468
14587
9631
31480
27584
32405
18394
29064
6019
19467
32702
4284
1362
15538
29956
26282
16018
835
15691
7419
11965
13579
3665
8831
12731
20388
31828
7962
28802
26885
8171
27406
5005
31231
358
24060
6651
4677
9907
26934
7575
30750
7304
791
11557
11028
7167
16163
32747
26027
14549
11648
4351
16261
16119
25209
31676
648
26900
31752
19550
16753
8903
17928
26120
9069
24980
16196
8043
13803
5630
19586
13899
20453
3342
7722
21305
10227
22363
30522
20224
11110
16344
10422
16730
23842
11987
28713
14220
19577
32061
9983
19581
3152
23319
1493
4813
18153
27637
10685
17859
14216
32096
6341
30738
15799
11129
7406
22418
4026
27626
11340
19002
22399
1484
6721
32014
18335
5712
5515
17050
10857
10304
2139
5115
32104
4301
17412
26897
20684
15622
1858
17259
26001
21880
19145
17632
13373
8242
7687
17379
17811
16899
9661
32091
15549
21942
27889
3932
20288
32032
6773
13842
14451
1376
28273
15319
23576
16901
23176
2331
22271
8049
9676
1423
16600
2633
13561
12650
32213
13762
26889
21868
13924
3826
1152
9081
15398
227
17649
28875
9513
753
14792
13748
481
31579
32168
11799
2626
10151
8093
24980
29654
15002
27366
25853
29735
31764
29161
2789
5638
32539
19552
25397
5169
24403
282
12025
17971
24518
1918
1972
23971
4348
27913
2344
29925
22536
24194
5992
11567
21149
25937
6946
19501
9582
21726
2875
20112
31337
25580
21292
28273
27513
18128
1220
14662
14020
16351
346
22212
5339
3804
4764
30020
30014
5478
11308
29218
29712
5772
22933
4872
19346
27947
29948
23493
28041
3205
10906
27745
23633
11905
24153
3726
28764
7977
2425
29669
1784
22828
2746
27098
3208
9821
22989
2714
11950
16376
10045
16950
32625
533
30458
22206
19048
25276
29369
26580
32175
1852
29815
10280
18175
31126
25850
28167
838
15577
14594
31020
18741
7588
30490
31704
28522
28512
9484
31319
13910
4972
22729
10370
6109
24200
20647
29765
17828
1047
3848
27993
16429
18564
2901
7695
12799
5037
26239
6890
29080
2379
26858
3837
11458
4428
4074
10996
10882
11412
24667
20440
11353
28189
8547
6432
17082
19481
7910
23811
28711
4215
20653
3944
25984
3230
1172
17554
17210
1855
28654
28965
4860
28688
26415
1444
26103
24650
31426
7240
787
32732
18181
18718
13397
32256
2402
17642
9212
28817
21062
32417
32699
2459
652
10719
28140
16846
31225
11668
8447
30441
14302
9143
13723
28174
24007
10293
18692
6131
26365
18677
30889
18819
19168
11692
6706
22730
10261
28429
8933
11417
39
4835
22065
23902
29232
20302
10315
22906
30142
13945
17538
27728
14758
29431
21562
5293
30638
25567
13074
28218
26390
22306
23247
18852
16354
28615
11784
16564
2647
23178
28762
16388
27583
23337
23701
29996
211
20053
30639
13005
11781
27700
22055
27757
6284
13983
11861
89
4434
13221
20662
19107
14937
16032
23224
13159
30509
29585
10405
206
4996
22930
9187
8756
228
14506
30240
23800
11599
18164
22454
32508
17984
18191
25069
24995
25519
21012
32237
2770
16259
2885
15655
16548
23008
21178
18956
14929
21273
17095
14788
16216
25472
23786
6901
17429
2207
24222
26244
1232
26465
20586
21778
8536
19792
31585
16042
18288
15808
24379
13255
15045
1401
12587
7703
8221
3679
24047
24201
6535
28080
15476
30967
6365
25380
32135
26018
19554
24891
2012
15894
11533
8770
4204
2966
8599
19780
27182
15758
10243
23300
18612
4984
7582
21385
1077
8211
11443
13287
6174
13266
26782
25591
4627
22368
18803
32570
3463
24784
18525
941
8526
23307
14722
12733
7460
19097
6077
3278
5770
27034
2056
23010
30907
7037
2409
18659
30210
20457
26641
21631
12793
16162
10499
9682
29870
27726
12447
20084
23318
31407
20218
5479
22493
4730
17804
28113
13700
12372
28703
20233
21665
11058
4937
14766
550
12702
22646
16593
8827
18112
27661
21067
18068
26056
8625
9235
22656
3670
29469
13981
4979
361
21482
27494
1201
16440
15486
11414
5434
27679
24550
19606
17088
29635
23293
21235
11378
23348
8537
18011
463
1176
19929
24250
32051
30329
13571
7793
8449
1447
10445
9001
27682
13148
1482
27164
31593
4393
12823
17694
13126
17829
28237
4345
682
9060
26204
345
1362
13349
23775
15460
12120
5279
541
12032
2464
4675
17778
4373
22201
22949
7265
17437
2483
7302
8149
6780
10242
8497
14604
18946
21547
8475
6737
912
4996
28721
14619
20110
16665
12351
19432
32581
28011
2074
27818
24809
25042
17187
5125
18882
26994
21667
12892
1501
17733
1186
29954
31732
6312
8864
18786
27685
5015
4249
13303
16873
21866
16126
32393
24131
28841
15543
25003
225
11666
9169
3529
14763
21907
30611
17610
15094
17628
12466
21599
17032
11739
28582
25765
32216
1985
25467
12586
28505
1109
3940
7902
24496
31999
3141
19165
4864
26659
30958
7638
25404
12922
1495
4733
5808
31201
22890
8250
3593
21295
10625
28044
19214
5021
17312
20964
20641
16418
1000
27190
25452
13490
8179
4584
5047
30143
3200
17844
4569
19484
3961
23455
23214
29690
18987
21114
30426
9651
8506
27365
14179
4645
29667
24404
12835
11046
2509
21159
28489
32014
7926
18436
12367
22179
29541
16261
31129
31967
4187
16799
11015
19327
27244
30575
2474
11022
13892
19256
18671
32489
9440
4547
2677
3377
7473
5695
2829
19619
3398
6228
11033
12985
23633
19896
24689
29157
32004
24676
19655
20811
29153
12266
28586
5394
27391
22676
753
29048
5989
26917
25327
19678
9635
10597
16109
6646
16415
1092
25230
14394
29881
775
8625
10019
20219
22118
25150
21061
16278
19728
31806
13643
12873
4449
8409
2238
29193
19808
13150
21615
18040
29975
7958
8171
13548
10660
14605
17259
14304
25593
30060
3488
9932
17572
12907
29591
3362
16420
27856
27156
10193
6759
25766
12854
14707
24021
19536
22685
23111
10061
7301
20561
7549
8480
11265
18409
6366
24193
24498
30373
32322
26809
17570
19644
3984
29219
26707
4623
10947
31351
30009
31703
13301
22130
24908
29436
28560
20535
19800
15143
28586
13714
13862
29197
19133
22671
25535
27298
15774
19425
2803
6587
18753
25289
32059
4483
18223
7436
19382
22746
9068
28765
17832
9624
5084
25185
15882
12862
18991
716
31416
20766
7405
114
7866
8586
26528
5402
10566
12280
4934
26931
30452
5212
23870
11963
25310
23905
31951
29899
9753
15977
16744
11654
29446
28175
20771
10360
1518
29629
3368
31861
12920
10485
5645
29300
4332
18582
22383
1922
20751
20293
6413
26953
14439
5629
15145
18793
1827
23148
16971
31559
31603
23254
3019
4882
12231
32234
8962
16911
17797
2786
1070
2364
24230
3868
17809
31107
14623
27812
32281
8544
16291
17595
5993
18522
20867
20607
5349
15524
17045
16980
10076
8023
1141
4226
2691
7551
12002
2169
14763
14026
32103
7050
15010
16756
14744
9315
21565
17701
5337
19872
18262
31559
8755
7838
24248
19335
6825
23276
13163
3111
29114
22436
17902
21085
29871
10922
14197
28487
27940
9261
12935
5172
6902
4951
4234
15775
11301
15414
16900
31082
5509
29431
21454
14262
13328
4465
6476
3304
29652
15704
14278
17109
22969
25439
8754
5807
12750
1794
14195
337
13789
19117
5931
15142
22165
24970
19079
6533
11835
12154
14247
8383
5124
2269
25455
22912
14427
9668
21014
21712
19135
19261
22591
24520
28649
20219
8966
28820
22255
4387
22876
20768
19901
1197
27957
11936
19665
30667
19899
18508
31920
22920
20558
7127
30910
19813
3696
25491
11779
29295
20271
2301
9090
12237
17063
14861
26493
30299
14818
3126
23858
15787
26896
26711
17478
11577
23439
25137
21742
15936
27533
2415
18664
5429
14976
16813
16531
3040
3568
3080
29832
1944
3147
9877
9218
15915
23263
3857
19499
14678
21259
11132
31503
8156
18339
29769
13569
7904
3222
31724
30363
13882
12771
17834
10212
11070
27820
436
16505
25917
240
23719
28970
24423
10643
13077
27517
26343
24760
27095
25399
29329
24983
8553
13986
21269
23176
31135
7037
14268
9203
21302
10171
18544
13567
4988
28569
20111
5386
29791
11834
3649
20712
21892
4940
7122
15312
28858
22269
3427
15861
30644
11367
6932
24831
12683
20639
16133
12170
29444
14713
6670
9740
25970
23148
27591
14980
14252
12936
23717
7543
17798
127
3608
1282
13736
1501
29719
7662
2515
6439
21748
24126
385
10804
10579
28170
31024
15077
30124
26520
1223
2040
10104
20585
9555
19281
1730
11187
8832
7706
12956
8485
20686
24509
4071
23281
31088
11412
28960
25055
19345
12172
27758
1696
12894
20858
25385
13210
25852
26453
32673
11183
6065
7167
21596
17370
16010
11405
13945
30185
14359
12308
840
8757
29658
23839
27247
14001
31757
1168
19938
32232
21717
21173
10267
19806
30897
4303
504
2991
28319
11480
19752
15861
17286
24054
27239
23115
27854
19116
22993
1153
26288
2276
9240
6860
20180
23392
30068
27979
10196
21827
27924
23212
9581
3004
9382
10370
20798
11857
19824
6792
28179
14205
25106
20057
19928
15668
9058
30789
28525
9715
15688
20733
18129
11710
14002
22846
16704
7624
26683
2524
11924
5154
16672
4524
29889
20292
3833
27819
428
6068
26803
24785
9224
5222
11966
550
23335
9178
16134
7898
16181
21482
10283
9965
22140
9119
3626
22957
2286
20998
13609
7761
18129
8349
14654
11534
32446
20340
15522
23697
5771
18735
21792
32572
32660
11292
1758
4007
29807
7492
20097
28516
16914
1196
11091
28671
10079
26866
24642
25794
30577
10187
13953
2422
18799
28531
18959
6676
26259
30545
11047
30913
24256
18985
25704
25978
16704
29970
2323
24259
29136
107
12771
13552
12483
6917
28089
12504
2090
28860
21570
10309
30631
5308
284
18875
32333
292
23144
8691
29864
32015
6546
14331
31612
6385
31546
17642
29646
27634
32731
15334
31931
5642
16085
19429
1775
548
31436
21147
6586
7652
9710
7925
15928
11010
398
1132
32276
5891
21424
23069
27737
19477
9474
32346
18412
8426
12893
24749
26658
17611
27172
17989
9330
27312
29644
13926
5743
20997
27407
29704
14383
3775
16385
20861
13587
22682
17423
31080
30745
15412
28692
20387
26956
11242
850
32206
14130
6918
11469
17017
29541
13386
28977
10416
2007
26104
15457
23794
9411
8901
18345
14883
8613
8024
31379
4463
1377
536
23573
29869
13623
23597
5424
12427
23181
53
8846
21113
27421
3476
15795
26440
32453
17898
21827
28282
4196
31393
26206
27350
29013
1084
4457
30849
8349
16533
15001
30997
17803
22225
15231
6537
23212
12741
1599
28321
2957
19920
11507
30888
17632
11316
28243
30153
19038
13060
24213
26507
22526
30078
24296
3615
26136
24860
17283
18819
27652
26717
21130
1627
581
9749
21890
22936
11074
20836
15626
21345
28305
31284
4515
7190
11643
2446
14344
14261
7991
17454
29040
17229
9008
32026
16778
28483
8793
21709
27953
13472
8530
18363
13593
16525
17774
23958
31833
353
26933
11418
24927
19721
32366
11805
24476
31399
9057
28385
26760
3600
27380
15022
9572
30641
8719
30658
15242
28954
3666
30903
8130
32672
22642
16836
21208
13882
24936
1611
12721
27954
20678
7300
16282
13771
15540
9935
29354
24789
27860
2613
21005
392
23196
22833
26245
20978
10043
11966
16068
27725
16129
28478
16262
7714
21896
29552
27052
20309
23159
18515
30618
29440
5177
21635
7478
30075
23070
16371
15192
19284
25147
21621
24364
18805
28118
7181
404
24590
21815
15336
6744
7497
6158
6095
11882
2856
7450
17032
31436
15783
15575
14328
28883
741
25402
3927
20233
28671
27016
19651
24537
1298
7041
21516
6572
17290
752
11788
8812
2246
2685
23661
2122
32709
26387
71
8957
8446
24569
17056
9920
12801
21083
30060
31001
13891
12612
5127
29518
26757
29519
8296
4320
18196
9754
15656
28771
18024
17049
5623
490
15140
5521
30536
2802
29145
13835
4263
14109
24537
2514
9453
26859
17854
17446
14097
9710
10274
22981
18059
25229
13021
31874
7983
29012
29115
25601
12479
8103
13328
17540
27164
25114
1133
7705
21615
22654
13391
27012
7272
3555
7935
24835
27536
2300
19758
25189
24526
26445
13908
14589
22612
13297
24399
12057
24252
26494
30558
17551
8345
18348
27366
3523
5256
7243
23651
17486
3396
18843
27332
7501
5893
31904
17099
30989
31688
31361
10799
24981
11530
1895
6664
16853
13615
3847
25674
11909
7397
5523
1385
21141
26042
12592
28137
21941
30059
9780
11357
18491
554
7342
24627
28948
12511
19955
8748
21299
129
7251
25202
1280
30155
12248
28336
24060
9622
3785
16018
18637
4487
9850
9057
14744
17724
15088
30271
29899
24950
29871
7908
2310
27055
16102
25985
12730
6375
18214
6467
32504
6154
15068
5236
16467
1918
25956
24589
11189
23877
12965
4848
12811
18946
18223
31580
22116
25099
2282
28361
13061
18525
5027
24232
24939
6869
12378
13134
13008
18347
29610
3935
13833
11190
142
31681
29705
20002
16069
17658
18478
26551
27146
4100
5407
27281
29880
9058
27180
21647
9692
15001
8846
7913
21480
11218
27240
17547
2631
32029
6373
9202
5064
27528
9241
5437
5076
3427
11627
23289
20797
15954
15588
2591
26174
30135
1292
16402
31135
15580
10298
12615
22711
26800
2303
4346
26940
13731
18896
10221
32007
25447
16596
26664
11004
22987
14003
12678
31949
6567
4298
19506
675
2692
24780
22312
14950
3095
6212
29770
5432
1656
18700
11475
20383
25311
24171
24681
30472
11897
9160
19686
23131
26793
1035
11602
27153
9028
12517
5522
26139
2745
9022
12627
25760
13606
23285
19446
9032
14435
21342
29061
30080
31874
29396
20455
16444
2789
22254
23808
6536
25037
30234
2995
6866
21198
5698
20914
6175
14817
22245
6095
23300
24748
16325
11930
24660
31693
14481
27905
20697
27198
31722
5106
3332
27404
23908
22599
28635
10702
31803
30565
1528
6223
31034
18210
28184
31536
17476
14880
4655
10026
21968
18201
24443
10864
6741
18601
26781
7402
1108
30352
66
12276
20010
824
8285
3899
31235
17577
12754
10844
15918
23278
29868
30677
24610
16641
1580
31905
10782
17171
18
19437
7378
8327
32504
30022
13468
22229
103
11141
4324
4507
32159
25947
6319
31473
13391
22455
6377
21773
22524
6166
19771
28356
30698
30138
23509
20794
20637
7327
10418
31320
20300
11324
11066
14897
20743
20593
1057
27905
22997
30082
27841
12631
8949
25284
25145
8345
22740
31503
10540
1208
1516
8861
11504
6677
8203
22854
27627
10659
6576
18180
5184
24294
5690
2639
16033
21513
16986
12118
5433
22832
17502
25051
29792
16232
1463
13396
20273
412
15561
10780
20893
14335
10446
30951
32001
16073
17764
16198
9170
7315
10239
18101
16344
12367
4671
15216
31730
20815
16283
32342
29610
8662
3092
14296
19451
24758
31362
11703
4686
8417
28402
17821
32744
20282
22622
6134
23411
26944
25693
23601
20866
28166
28481
29281
31773
23736
16663
29232
24732
19006
7024
32679
19302
27369
13337
1453
9734
7883
17330
13587
5306
11769
19750
31495
27801
29220
9741
9496
31461
3006
136
11799
12754
13870
3494
15924
4461
9802
25754
10839
23012
31420
21959
21727
646
13552
30627
23133
24776
31170
28774
3725
14446
6344
12908
1860
12337
30086
3633
4125
15763
5878
20788
26758
21626
17543
24932
14511
8139
10225
1436
9218
31800
26787
27224
2016
31770
24510
13892
28881
27125
19555
17303
3278
14904
27497
22716
20402
23313
25673
16096
15646
31762
25883
25469
3901
5548
12899
32139
12218
8988
17493
260
19674
29497
31703
15968
22271
4054
3114
23784
5110
16487
2766
9883
30388
18171
14762
29901
5601
9745
13783
10026
12670
25269
9323
16430
16097
9217
28297
18299
16587
5505
9979
15035
2095
17043
9192
11823
15827
9235
28076
25654
23167
14584
1334
4587
12977
12992
17499
7539
6672
26355
12966
8702
14892
4019
32679
32027
1273
28738
14333
10065
25531
10426
16152
19211
9761
16928
26602
19998
25124
20754
20083
2898
19706
22167
18901
23071
31767
28843
21344
4448
5604
8144
26913
31733
17970
4762
3501
14242
29054
25791
31180
31651
20686
5136
11466
23589
3084
18823
16534
26370
18026
10036
22005
14049
2949
17385
3291
5909
23270
13380
22421
19098
17812
29981
27446
18865
30193
10217
12982
7589
1381
24820
31578
5494
31752
31442
5034
27531
21844
12873
19631
6796
86
17583
6790
7170
24631
860
16050
15465
28195
2199
23308
25794
26031
28143
13675
27549
3274
1135
5916
5952
29189
24720
4760
17771
31365
5951
28733
17527
1873
27548
9015
1395
3871
30030
17510
19778
23286
26733
6566
28270
24075
6745
22420
12829
20222
28899
12482
32479
21694
9830
5024
3044
21145
7390
17994
30135
10489
15775
4644
19474
11876
949
8231
1219
8812
23018
14363
18763
631
25434
26305
21798
18149
24729
24618
12479
20373
28226
12964
15522
31590
20395
1119
6689
29075
12175
2239
24074
16799
11586
18039
27681
9497
30987
15286
8784
24111
21822
13689
17606
10999
4900
6356
19592
11829
13072
25164
8180
23411
11648
17681
851
17744
28583
27158
23216
9152
24716
16125
26725
12836
8713
3465
2743
27689
30295
27393
27885
20561
30806
18740
30995
3589
426
271
6904
11254
10678
8812
11037
20074
27813
25742
4717
6102
23291
24628
5014
4171
32731
13897
322
29182
31892
15707
27362
13843
1363
18168
4479
10506
32438
20165
20558
25523
183
26561
10760
24359
31074
19598
1423
31364
30166
25154
10036
30623
324
4028
26558
18924
24841
1912
32040
1085
14773
12761
10580
6699
6982
19148
13026
5314
27611
30240
3838
29918
12836
24266
139
3712
26501
30851
26043
31606
27144
4738
2446
5231
5581
20954
4211
10560
15195
13962
24914
4180
28535
14893
16262
17287
1461
11920
14542
7709
21918
29071
14832
25864
32514
14574
30594
32105
30346
20302
16378
22361
6538
31710
15231
4417
5575
31273
28163
13869
28894
25142
15026
14926
30081
14842
7192
28945
1976
13320
15717
27951
23628
8090
3093
13380
487
28689
11322
8400
31031
13023
8213
30327
12359
31515
31576
26126
3433
3118
20524
