28378
25887
30191
17595
11585
25675
24301
19417
14395
29599
11332
25347
2595
22938
22463
11912
1435
7156
721
20208
20110
9862
21792
8719
17354
4761
3740
32428
7801
32077
23879
10149
10468
27978
21488
11110
29161
32679
32565
16707
5324
27326
17338
25522
26479
4302
10571
17098
13356
18523
26084
7670
17140
28294
1544
7280
30316
26309
1609
26483
19534
23729
14211
22374
5397
25978
1692
9327
5759
18187
13693
19855
300
7524
23997
962
24916
17428
25210
3850
20548
24578
5864
28092
8930
17949
6371
3779
27318
16518
21738
26421
14703
12428
27394
5985
3662
25113
13626
32705
17218
3449
29157
23893
5698
21497
32526
14398
13178
5983
954
16579
17008
17143
31454
6048
23496
32163
10358
22335
28594
1226
26313
2979
25447
22929
26234
6020
3002
30074
20739
3999
505
23047
24985
14800
3970
1433
13609
29098
9700
29976
10218
11788
3854
5806
21714
8052
29391
6069
269
514
19638
19706
15827
30577
22123
18573
22957
8521
3862
6042
20578
28896
10439
5199
32020
15209
16146
20043
10850
15615
20670
10564
24952
1673
15297
20566
2549
21697
5864
3576
23655
14735
15523
24187
25996
5655
4892
24097
27241
29166
21399
23806
5882
24612
28998
12529
1840
25997
25352
31174
25955
70
3268
30894
19097
21035
7268
20200
23387
32476
26555
11472
13039
1647
24801
6992
15842
13555
15329
18990
31330
5103
10586
22055
17625
20576
13306
26991
15326
1105
16191
28915
9671
5610
23020
5437
26002
18888
16734
18226
17353
23114
22853
7059
13735
11430
19634
29439
26692
20456
15072
28496
10434
16786
3848
6601
30028
25654
10152
28640
32167
8549
8581
1386
29706
22420
19901
14992
5105
365
20330
10837
10887
18689
24536
32612
136
25577
27725
21238
30807
23627
22446
10545
15558
1365
24156
6621
6819
17739
613
17663
28206
24027
22642
26464
2394
9440
28127
30397
24941
7578
18256
30769
30039
19783
5353
1140
9392
2194
22754
16625
1524
9062
18410
9145
4222
8294
14788
19995
21215
23395
9387
5494
12160
5763
9634
32006
20344
31341
1643
24481
4547
9656
6399
13517
28221
29376
28652
28813
27919
13669
29854
23452
6494
13811
13876
30996
18097
14219
9479
30999
19538
22307
762
27475
28898
9683
31690
9880
19614
32759
2787
21895
21598
23729
16989
23568
12023
14129
26947
31921
13948
15205
1450
8350
4043
13595
3713
28194
21973
14507
32753
17034
1572
26003
23964
2788
5564
866
2454
15360
20977
10220
6598
10874
946
18100
12058
24970
24090
9968
4788
7570
12514
6359
3860
8801
6312
29209
22004
7075
29243
412
1874
9009
13713
24203
18957
17981
23685
16961
11779
3097
18610
30264
30721
22043
12817
15216
3154
10053
20510
3176
6288
25718
20703
28590
13142
174
5665
25598
10913
3320
9463
1992
14551
14210
24509
26036
31488
32516
31106
19112
15943
17277
23481
31412
32173
23026
31202
20295
9689
13916
24629
13878
25903
12721
13082
30512
22455
32436
2159
19775
28991
14541
9322
30251
8690
25960
23302
12381
3861
26744
30257
3134
20842
13424
32286
22521
12927
4363
9500
8306
32102
31766
21580
19914
16782
26379
16146
29767
31313
13155
5211
31895
26219
4940
7318
7877
29992
2853
10047
7184
26062
16759
2652
24446
6307
19476
29248
25391
30875
21265
19696
10682
6080
31090
8031
1155
15333
27892
17829
16273
5027
24077
10567
7924
661
19421
29518
32131
30793
29891
8687
27610
30572
3589
19277
21839
17415
6688
2086
32139
24034
6999
18560
17376
9725
10900
3274
21581
32044
24630
2319
11647
21990
4784
32466
11108
16530
3518
8330
14202
15109
890
5607
14237
8591
32177
21202
19026
10742
29250
23326
20431
14957
28413
9997
31783
1584
4607
18717
1687
17019
223
13471
20908
13456
31629
25630
24940
5020
32752
24047
10310
4898
17822
17412
105
6277
12724
17651
2283
29720
19755
15318
28515
3225
10044
18180
30415
24843
2301
22844
27668
32700
23108
8306
31986
22767
14182
1953
28833
15639
15789
16506
32756
16835
27263
22574
29747
26799
29940
20883
20381
13860
10780
11075
10349
14091
26473
7300
13052
26539
8370
26816
13536
14570
4247
11437
32338
5861
10911
29438
15739
1797
26755
7122
23352
12943
23028
22679
28579
27286
18451
12397
11510
25825
25730
889
4963
14432
8812
15075
1626
22430
22258
23147
10866
1316
29695
18182
1327
18640
27805
24902
3608
7536
25038
16205
15573
7389
8233
16295
31242
16003
20740
29522
30542
21456
6279
27522
27140
7622
11928
7051
152
10989
1341
25247
28117
24539
16174
8920
16384
18139
19991
8869
10722
17764
10047
7574
29152
32011
12655
29334
20066
29552
22755
14377
1182
15502
31393
17724
30503
5483
24836
20213
1664
16337
1781
26248
14565
17889
29437
20902
27528
11628
26545
20986
18878
23129
25073
22129
21976
30394
5624
10541
6963
24120
5588
6932
4668
604
29631
25433
20666
1500
1784
11964
12015
354
9688
9013
7339
2981
9909
25895
592
23776
17550
19458
28032
2619
5028
13501
1823
31583
28194
27197
1227
13350
24222
15545
28684
28546
6157
2449
9137
18038
30033
28960
29051
27984
4090
29159
17211
14686
30372
22779
20614
22002
19669
6999
11081
112
9024
8213
9623
23066
24103
2824
13875
1172
28460
23023
22883
9144
20868
15367
13321
15194
8406
21932
22953
22302
24415
17773
26467
21844
14764
2057
15258
25663
25132
28266
26412
10891
4037
22547
16812
752
18418
23432
21764
26846
12740
18696
9585
15888
585
19637
10532
10660
27834
14208
10910
13142
22009
31981
27929
19860
9788
31793
908
30203
536
22380
25286
5153
10839
31619
26037
6866
18577
21546
31180
27498
5125
24688
10943
23117
3696
25377
16315
4474
24431
12283
18139
12787
23781
4658
27181
512
14727
21482
933
12070
12060
24067
2916
25533
559
12531
270
29453
11604
16005
19407
10249
5044
28535
17802
25006
20309
26752
21727
17547
24283
2068
9683
2340
3080
22652
4708
30338
25352
28075
13671
30198
3098
29723
20198
24121
30625
16053
7802
15575
18940
76
11713
26040
29995
5439
2475
26770
14685
31515
16508
3087
26828
18132
7965
20312
4274
2518
1581
27810
11036
17537
26404
24001
8553
177
28220
9481
6551
23009
15638
6659
21501
25691
10068
7382
1810
13454
31269
31462
29450
32185
449
24122
21888
22869
14329
9151
22740
22786
27461
2297
20327
10611
9847
19662
26919
16978
12127
23494
12143
3204
3607
32703
3060
2294
26455
19282
853
10006
24897
6402
28211
15286
24988
28929
22553
21009
16863
28246
26703
24838
31299
23374
28143
28500
7277
25572
30486
7646
25702
350
19415
26248
31424
24532
31322
20776
8965
27806
22830
22846
25131
6174
17971
16215
2902
22706
28072
3592
16486
13002
15472
11000
14744
25904
3445
4082
14063
3829
31646
29313
3844
21252
31084
5111
26728
22674
10833
25647
5807
18911
4303
26980
23383
11714
15845
30320
647
536
22142
31476
10507
11119
23019
11338
32452
15309
27617
4023
23533
23546
21057
25110
32152
8175
15185
28744
6143
24848
13233
19486
26725
20055
998
25196
15223
4341
27597
3013
766
9510
20544
16905
10943
13249
5541
1809
8816
11893
2827
1825
9056
16217
15063
11718
20696
8267
20518
4309
17112
5550
18239
22729
3127
7953
32605
20758
18522
7972
16299
14782
15458
66
12620
12867
14516
17747
32421
10832
31980
16674
8304
10318
9355
19714
30130
20405
26880
1737
16310
25301
32031
26939
22798
22035
20157
7192
17100
19430
19743
6516
26478
14839
27533
12957
14711
31166
31664
22513
7547
21467
15795
2439
4381
2449
24923
18067
4218
9418
22418
28894
28680
13120
10254
32122
21997
2337
24735
16496
23096
6840
11353
14356
8479
21159
2174
21524
25520
23009
19964
25214
12825
1089
29231
3133
10139
6593
4092
16610
17317
11237
25993
22280
13326
21217
31923
29568
7165
1215
7854
28295
16005
17048
6273
25431
21809
18978
23791
1974
2345
16625
6715
28284
22735
3268
29133
3408
32059
1546
22169
3140
18748
14501
20326
20762
11787
7721
10518
4799
19975
7472
14514
6366
6826
31276
23397
16973
29838
24897
25363
24631
20718
10255
16577
29666
802
5753
12647
20122
17826
25839
22947
21960
11171
563
5149
2654
4407
28832
15547
23156
28457
4808
26558
28857
18479
7884
26398
15148
27504
15784
6914
10256
15582
8816
24055
8666
3501
18823
5851
32080
22171
9877
20915
12285
14838
24252
17717
16823
23582
14775
20417
13699
29684
17144
32177
24239
24694
4189
14474
31811
17307
29915
22700
4582
13759
3961
26923
308
17307
25217
13866
25044
19625
15433
24514
20288
30742
23543
4223
29262
20015
23157
6493
30761
28673
19752
5715
32540
28329
27053
2101
9830
10703
15913
13923
22868
19398
4551
23936
8001
4918
25028
12477
29871
26735
8341
22776
22966
10303
31552
25318
3190
7623
3070
6087
28005
28649
32384
31189
7315
21317
20677
9840
27964
18493
24362
1965
22288
2506
26048
6872
5970
11668
27571
10096
1418
23001
29436
18170
31948
10332
32351
26836
4785
5682
26629
9233
3945
22157
12730
20748
2861
21435
20503
820
15277
4357
31865
13042
46
22721
6693
28377
5388
24982
8587
15005
15766
4723
15133
12541
488
8418
8139
26356
14660
10967
4846
23604
27515
13215
27772
1437
21172
18110
31692
21997
21960
4757
6964
3943
20176
7409
26206
11448
30858
6678
15095
6859
4683
9824
21687
1306
9154
9403
3619
16518
19251
16991
28596
1238
19370
22092
30057
21140
4008
31648
3087
8282
525
10265
24607
29484
22851
1535
9621
7411
12934
25649
28716
32458
19101
10806
18584
12753
4714
24827
5489
9541
24144
3825
29777
12940
19832
18698
13935
11641
17613
16115
29733
1788
30111
7913
27433
19939
7150
7254
2338
26865
29892
6901
14340
2827
16325
7447
17286
22015
29639
1214
17749
6528
26819
18674
22173
24774
16871
13426
23996
26415
592
32103
14797
17554
5383
14130
11380
26005
27472
27874
3044
16490
4264
8017
13424
19553
11820
32353
30177
27652
16274
4929
10905
2595
12248
31310
19994
13231
1830
8808
13935
5606
3002
23868
18250
30627
1937
15858
12214
13831
30476
1140
1412
24767
27108
24497
27737
10744
25353
14004
24706
7908
15585
29548
13976
4291
11322
16710
4431
15619
9204
19605
361
28257
9669
4732
25279
26091
2024
29428
23025
28330
22220
28332
5884
21276
11477
10724
20740
2137
2470
24313
30072
32743
14519
24352
15428
9294
3403
26940
10311
10041
22735
31499
30153
22834
8516
21146
10807
6053
21244
8020
31619
29018
12094
29459
15774
1704
18812
20452
13345
13942
21385
29487
26948
7168
17231
15065
5012
24252
22853
2710
6521
30889
22322
3210
13306
28920
27764
26910
11589
9927
4310
27667
21570
19585
23672
5641
2878
18452
14254
5793
26498
5007
4598
9878
3188
3432
28427
18480
15621
27649
5472
24339
27708
28480
11563
23043
12744
16049
19926
5249
3890
22703
31621
19280
21577
8672
9315
28379
30220
1313
9035
19715
25077
8571
31978
10579
21421
13205
18967
26323
11392
16211
17256
5976
21642
21959
11552
23894
6133
32188
27240
9918
24751
24233
267
5489
26222
12844
24032
10330
30080
4207
23527
1889
6043
12358
8060
12505
15934
13965
27018
7786
3833
17140
22566
23833
359
2205
5963
22311
25183
20754
5487
19956
4332
2622
15799
9178
25205
21900
18432
19136
28285
23212
29809
10320
8367
20059
10266
5217
3281
25816
7961
11789
13122
8038
28017
25984
20336
3928
26025
13341
10469
7192
3668
28265
8585
13815
32424
18283
11102
11978
22437
2029
15353
8997
10975
13922
6088
13371
5729
29500
3275
18863
20092
5466
20430
9223
32461
7969
3967
3006
12946
16226
8052
11191
18102
12622
25852
20620
10612
16174
7461
5803
24334
14866
25417
29866
19963
4789
31211
14551
2560
10263
3408
29283
16004
5891
12737
30296
27215
17769
4884
23885
17337
15200
28700
16858
3483
1914
25881
29371
17416
30967
18850
23302
19479
29354
16526
16815
6120
28248
25603
12379
9236
18551
23282
20747
25732
17900
17688
12557
320
24319
15996
29872
1797
21435
3989
10379
14596
29116
17819
29811
12398
1413
3830
15755
12333
20072
8218
4151
22712
10660
3736
21369
15359
24432
25005
12989
23146
243
5228
6755
25428
2979
25285
11960
14789
19340
22775
30506
12045
27135
19203
8098
29470
8546
20956
10202
906
13341
23426
15725
20963
1743
23976
5691
944
10577
15703
24848
1975
7041
22547
19080
31741
13046
22422
7288
15610
25518
21332
2186
10997
20944
2008
6218
27593
25750
22589
29179
16846
12394
16672
29677
2552
25174
12191
20856
11278
3255
23369
17103
1603
28304
29777
22737
8298
15674
9437
17304
4519
27929
8070
29492
20050
12603
12226
7859
7996
22292
13858
11830
13476
15466
14105
31326
12282
29969
26874
28520
21314
18352
20
25836
32650
13038
13127
13808
18231
27821
26459
31710
25978
4945
29266
12333
30255
7878
6044
23801
25605
16790
30792
29250
16304
14115
21005
2589
12002
31387
5514
31445
703
7691
18047
6217
287
9515
13103
27935
31001
13009
26325
13932
14016
24925
4162
5299
7074
15328
22398
3724
27306
4941
1133
14790
26935
21078
8946
30881
25417
26514
9698
26299
2697
19069
3647
22727
29411
28909
20200
2695
11614
24859
13014
6037
22780
21503
15709
3814
14216
28560
19406
22145
24265
30292
20520
26080
16483
17020
28172
26173
14958
9149
10973
11942
8917
15812
6347
12644
8916
7067
14984
10164
8027
5878
14901
11310
19111
17339
12116
12283
20485
16527
27348
11073
16338
12775
14095
31947
8524
8976
7210
8901
4902
12743
266
16987
4743
7578
23736
18126
21533
29613
19146
22870
15214
32335
7603
14995
20629
22217
25180
15402
21308
4147
14195
8362
30687
21065
15409
24205
32166
1623
2810
22850
9268
2967
11183
8479
28945
23207
4508
18475
11399
11008
32496
11862
10489
7893
22362
11254
9731
25332
24384
3289
5864
9435
17968
26544
21040
7475
7813
32381
11479
15653
6660
1292
3927
29527
18636
6174
26521
1662
28269
23888
30461
10264
24498
13237
30747
21538
7112
27004
16935
208
26416
11542
3754
2437
15713
13308
27143
23257
16762
13002
28759
28308
6973
24736
21660
13498
11174
17351
24724
13391
15208
31725
5839
3164
11452
19955
14685
2436
20326
7567
8334
9189
16213
11873
13943
27433
29605
15917
20888
36
32627
3326
2455
29104
16954
18153
7498
26973
10277
14610
13570
10852
32213
7633
18387
16818
22963
18628
12726
9120
29797
19266
3820
3647
16440
20098
27582
24446
2224
18376
10475
26072
12640
10965
27107
3077
23791
27313
3260
27601
8206
31446
31076
20642
21573
24740
25062
429
1040
8804
32029
10247
20971
6178
28157
6048
28390
8016
29590
21327
30994
30429
16755
5345
18839
19573
25604
8541
13839
32584
18600
30204
9576
22732
20145
29608
2438
21115
26112
26084
16631
28331
28976
8664
15706
20073
6330
26521
23080
8106
15423
12824
11550
23896
5028
11920
8897
7805
17470
23491
10371
7004
21570
32301
14832
5642
20164
8292
10917
13983
15806
25107
4715
11805
10316
29603
6987
24139
11396
16675
30518
133
25232
1891
30686
16400
22827
19904
9624
11384
16808
9764
12613
15586
3253
3768
27955
17994
23934
7833
17767
11775
17485
4194
15086
30275
24788
8343
24158
11415
21890
32135
4240
23328
5416
16815
16865
26581
27022
32110
23474
20484
10002
32577
12336
18914
21051
21577
1702
32444
16742
15888
30959
543
11498
591
11776
10815
29627
12912
19742
6669
9984
3755
17112
8987
4630
28273
16601
11451
20806
9645
19804
15833
10669
5545
8325
25307
23819
13423
7655
1002
22211
22449
13597
26396
5595
18342
29733
25209
7990
2052
29956
10437
23848
6
4013
23945
15418
18967
25186
30367
4303
23477
2469
2162
4595
31488
11054
20630
7146
23698
30939
14170
16583
8071
25167
26974
3992
31309
12154
28127
17437
283
24771
8088
32577
19020
24081
31710
20024
31663
6404
14790
24
4179
13479
10502
17212
17935
1542
32102
11500
29605
17904
26643
4620
19804
16548
18544
18222
7092
3912
8163
27219
1139
15568
6668
12128
7871
25991
1965
9097
11553
11849
5935
5396
18608
31279
30385
24780
12569
19742
31587
16824
4968
32648
24686
15967
13428
7807
19248
23057
27203
28525
22194
13771
10873
10485
10027
23480
15143
29083
15087
22038
28935
32559
20545
28840
14066
11522
5247
26943
24474
7811
25475
13515
2080
31183
6804
6106
17061
18364
32570
8140
24504
7269
9968
19702
5968
19651
17611
4718
17033
15144
1660
19569
7486
14358
20505
847
25608
20310
10455
4264
20272
19390
11191
29364
26958
16900
6708
15186
6175
9890
15608
4932
28031
17188
19814
18427
17562
20348
31372
29277
32395
2833
12262
28697
32756
15821
22004
15424
12515
22851
27070
21144
31810
22433
8427
23366
26127
27321
29305
14508
13166
31460
2365
10878
2596
22991
6773
6248
31429
31939
32454
17377
26579
24016
28467
25499
11350
24220
3463
20208
23684
11314
17621
16900
28245
5852
15359
12248
27135
12074
22392
4361
21783
21336
32482
14501
27091
15600
7842
9671
20017
21315
22165
17485
656
15378
25032
8081
10130
5224
32008
2454
10577
30947
26088
3651
21862
9673
18717
1104
4956
19036
30863
26256
7485
25010
7818
20285
14096
18330
21917
10165
25183
18622
19552
9435
27113
22221
21718
20235
30956
25824
15028
20149
21276
22765
4750
18513
2459
6335
1508
17513
16744
382
6247
8761
18599
17041
21274
27112
25360
26778
32597
3309
2394
32214
18306
814
30241
4932
9113
28443
10127
20400
3406
9396
3170
681
6724
29703
1286
29686
6830
17218
8153
13875
22821
10691
24675
22432
9213
7886
28228
17675
13473
620
7364
4357
18431
9110
27194
13385
7365
27854
14040
26900
11856
25374
5477
16756
22948
30748
9670
29062
7035
6945
13523
25827
1396
5401
27157
3919
25142
22929
2882
16797
17470
2582
13566
25669
28659
30926
10428
24159
5482
24694
1025
19800
23458
31631
12494
21984
18094
7110
9421
5427
22437
8011
8741
2727
27114
13633
6821
26528
22999
3212
10234
13866
17685
26349
32702
9817
21538
25595
12919
15258
15408
13536
31003
4096
2037
32524
31845
4920
16313
11924
29476
6118
1866
12662
8969
1616
17440
13313
12603
11884
3032
874
30652
10295
19927
5050
29797
423
13990
14203
2624
11613
749
16859
32260
20339
19962
25868
21923
1406
26170
27094
9671
9981
12308
22568
25184
1891
16223
30292
15340
22089
30830
4355
6673
10641
7698
9926
5636
19075
18704
5093
26585
31503
26759
21840
32505
3411
7119
17659
26698
13066
8903
18048
21137
17173
16329
24883
29321
66
12159
3326
10249
27339
21798
23174
21125
27226
26431
5405
17277
10001
2837
20338
26852
9264
12658
12009
17991
20158
13160
12341
23731
4644
8626
8989
18015
21559
25324
15295
28198
11634
30701
16357
1829
4194
6281
11608
416
430
19063
17470
19473
6977
30399
19861
3407
27553
23610
23424
23183
1375
10666
23001
31765
18754
14981
11457
12289
14914
31337
19466
6620
21597
28923
15057
18722
23374
25013
10391
10867
20608
30424
11657
32072
26413
30071
2502
24046
20008
21885
30387
23299
14391
7326
12686
20807
11205
24660
5087
1302
24123
6473
25410
8340
24434
20100
10865
13953
29831
20957
15322
27181
5465
11808
11303
15914
29618
15751
3862
5079
31137
4086
28833
22441
11403
14672
14245
13714
11468
6551
2844
16912
21195
8721
4969
24670
24000
9805
12259
13618
18201
24208
10257
10240
14337
27684
24700
296
20600
9682
17282
20273
18337
1642
19163
9666
31946
14236
23503
23144
32622
8615
8054
25844
1729
14693
13833
19891
22993
25700
1634
7228
25221
10569
31442
6576
9817
6766
5537
31031
4852
7307
5888
30532
20247
23193
25251
18810
29712
1078
3204
13302
4822
18019
5783
11792
28736
10774
905
5838
5500
21458
21859
21790
10268
17585
19222
13529
21462
23759
23153
25641
8626
14322
12425
14427
3110
1139
13740
31850
2535
15351
17280
30500
21081
20260
16487
27191
15340
1413
6754
24309
22808
2528
8091
8195
691
21910
26040
22385
10845
8150
1154
18307
8231
24618
2036
18700
10813
16780
23113
20323
20628
23753
37
102
22898
15279
204
20141
21382
4366
23108
20819
14827
19250
1468
8778
19199
31627
32305
24597
19782
22331
27624
13728
16639
9555
12367
19718
11008
13275
512
7579
1841
13460
31897
14205
22869
20211
31358
1401
19094
15539
1746
16020
5340
20455
10773
19827
401
29044
28044
31375
2246
19050
27080
1119
21341
20617
29802
18079
18405
24274
10213
5529
7032
16889
19048
29918
16523
29585
9269
32593
5139
10479
17112
29382
12995
19579
985
28562
28136
31961
26504
14471
2659
11930
7789
13404
8817
22794
23108
25851
10386
29905
8918
11773
31485
9883
25558
4120
2450
20751
29668
10186
29989
1079
32442
11917
25325
5739
17127
25357
18884
14977
3860
31143
19674
27934
17323
29997
7512
366
14705
28017
21936
32108
22840
17636
3905
21639
25383
16249
4244
23481
24369
10916
19432
14676
11209
30305
32186
993
10194
1413
13350
31110
3019
10878
13136
3147
3837
13749
15676
15361
6256
21958
29932
5076
32285
29663
19637
22444
32371
2841
31760
7878
1429
29144
14103
9305
1446
15948
21747
25709
17170
9680
16415
15955
10280
7957
20136
20911
31676
17884
24457
5395
31294
11331
24680
8152
9707
21560
16808
11854
19499
31221
23575
31966
17224
6351
14603
32055
21591
16272
14529
1525
8447
30039
17912
24777
14962
14940
16454
1012
12973
2535
30532
6919
28649
15306
16019
13953
1506
26042
29120
3690
7186
13846
31678
23378
13167
10905
15278
7021
19935
2497
21059
21666
32762
17513
13924
26972
1395
17991
2014
4466
10021
12610
9930
15373
25178
24601
14750
20057
20392
10901
27101
2827
27856
7467
7515
4843
7397
15328
12083
14257
23107
2221
4544
25511
5714
24930
4204
12660
21258
25094
31727
3256
12215
13015
10977
171
6433
4616
27712
30419
18950
20561
19994
3350
14748
23525
1720
28511
28727
31990
14754
22826
6345
11208
2343
27701
8966
3280
3218
6418
3024
3254
3999
17752
6784
3476
29404
11968
31099
6993
12609
20490
13879
20233
13375
12656
29834
6118
9929
24664
29992
32332
32510
29940
23709
4737
31651
10740
22976
29612
23175
27180
23281
6149
26973
11463
602
21438
4695
2163
26525
2812
8816
6202
22870
21298
3714
1706
13148
6275
11854
21710
7315
10729
30839
20828
16432
25828
17294
28958
11267
19667
1115
32306
7985
21973
20810
13336
5183
30361
23729
21739
12930
5949
25621
8835
20158
20386
13391
32134
5276
10039
8824
9704
1075
7651
9647
1486
13322
4531
28071
26317
14551
1246
2949
24798
30139
14803
22874
6120
9720
26594
12833
9314
29514
12956
13066
18472
14712
24566
22752
26035
14826
14420
27156
3341
20150
23348
2455
32365
7836
8009
22388
11076
13348
12107
23162
31679
15071
18824
30807
29266
8248
7440
29601
9964
27712
15939
12379
23120
11232
5200
15230
2210
26684
8693
17426
12802
2372
14332
16282
6202
28969
30014
23999
22709
19253
8025
25131
14241
31107
20254
9327
23720
5375
23693
23486
7869
29592
13865
2101
31025
11678
22785
16260
13641
23191
2015
9415
11418
13899
15152
5756
21050
23800
14289
9661
9590
13692
624
16550
13575
11986
19099
29519
2182
3195
32207
4137
2094
994
25788
17488
10995
787
2541
14598
6214
16068
770
19399
19307
2294
14014
20419
9097
6043
15576
28791
7222
8658
21765
10174
30535
5484
9186
13345
6298
13529
10891
29655
13653
26006
30555
7659
4440
16467
10614
18470
28979
20646
24614
16948
12129
11109
18411
28072
21643
12310
11314
28541
9503
373
29774
29231
14933
20701
14454
24271
3631
1183
16559
13647
31721
27024
21729
22820
13286
32720
31090
8422
20949
4945
24878
5929
23123
23765
22765
11125
18692
15692
20604
13346
1598
18744
10823
26591
18322
32763
48
28837
24351
32451
1592
19954
27358
1344
7063
14591
8861
4529
28593
26449
22780
27951
21863
19185
29036
17510
29976
7653
18921
4295
13204
8800
25049
10069
6671
21410
16971
25055
31649
13587
23823
6777
31105
3436
19065
15559
8479
22926
24945
13720
14006
20861
1429
11664
9715
24384
26963
20463
17893
4872
15151
23257
14796
6235
8840
529
22253
13170
11384
2443
7640
30227
12615
28546
16547
13847
32499
27850
26104
2330
17139
32027
10311
15190
29984
20614
4433
10114
22318
24354
24523
29273
16393
23114
9822
4510
1623
24789
404
13984
4995
14303
27672
13673
12080
20715
24588
16257
25498
30688
5179
10796
10054
21098
1464
11827
10297
27018
1325
26642
31933
18035
8687
15998
12287
4784
24082
21714
9183
8394
32048
1399
16849
24412
16549
5638
4086
5050
3746
22104
273
14859
31246
9
17730
14394
13830
17183
14670
31912
25398
19472
6147
26253
8808
11974
14514
4187
6910
19953
26916
24950
3785
25013
383
19939
10445
5556
6533
1946
28726
14416
604
17951
23622
9615
17521
31681
30860
13620
11615
11003
5557
14381
14068
6063
14179
12636
24751
4371
1098
8857
12136
8805
16059
5711
67
14553
15933
32492
11044
8864
20187
18462
4938
20092
21521
6028
17683
27769
20720
21664
3713
29717
18784
22544
16005
7462
29127
20434
3593
22431
6710
22455
30827
13700
25140
18917
2692
17323
20031
2038
30856
25288
31471
15783
6373
29963
15042
3495
28255
2591
4079
32725
8712
28907
10320
29039
21932
29589
24367
15527
4061
9723
13788
8422
32468
15895
20464
26244
16668
13718
13839
21833
26233
2625
32615
20292
6362
32725
18156
23942
10289
2539
21865
17682
27624
26124
945
24932
17396
26507
18149
26709
8216
331
19536
21751
500
3070
27212
20659
6924
30049
25361
17376
17835
21166
27404
8558
566
11846
471
31662
18476
73
21426
30862
21429
26016
8076
29882
4480
18254
20635
14144
15997
28444
28836
18307
30509
29482
11113
19675
27095
21940
26334
30755
27699
7946
19770
24524
18267
11839
5643
9517
289
14802
24368
18139
8355
29980
15668
23134
27904
19172
15785
25678
29209
16294
24255
569
24623
7910
27654
8300
15779
3785
23421
24140
21857
19419
22499
15833
24100
32725
146
14035
3295
20566
19941
10601
25992
31216
15788
2521
13451
1753
19652
11908
3533
30894
7474
31136
25516
12857
10616
2398
29116
22578
27578
31005
1013
7556
31024
24997
28133
15916
30860
19013
7002
14344
16637
7061
21174
1575
18009
8110
14837
4438
26748
24307
22824
26657
17832
10123
4290
19726
6222
6303
27502
25706
9252
13707
11289
1024
24080
8307
1042
11124
17063
31625
13382
6719
29779
18917
22930
20293
15718
29222
31490
29599
9035
18812
27376
9955
7154
824
25962
18693
2069
7742
32049
4330
25147
12376
14054
14018
188
4948
28672
363
29603
31021
11982
25830
4669
14046
1494
373
31414
17862
3595
26195
13761
25059
29823
25168
9216
25056
4938
23570
24604
3736
8154
4217
9486
2274
28730
2770
13668
21811
31693
22027
18009
522
18350
1711
12081
32322
23157
15673
22561
29089
12417
30871
2430
23589
20649
3220
16954
17464
28727
27483
20215
15965
7308
30897
11042
14742
17081
2055
24901
17608
3837
31512
697
6526
15952
24326
17055
20269
30291
32242
21398
6007
19615
16489
25659
31702
29813
29038
4020
31127
4918
25268
2823
15726
11054
7213
3689
20708
24070
25876
803
18797
2596
28294
32378
16068
20130
31332
10093
531
4462
21448
27188
9543
15997
22079
1571
22190
7901
17760
19381
10230
12330
23990
21602
5563
8861
29439
5676
31068
9222
11134
2575
24667
7740
7626
27749
9008
2343
15238
22690
624
19198
11173
3280
17881
4505
24961
2564
4111
16858
10045
27404
721
11011
1146
26799
31049
27005
24665
25482
7310
7022
8779
8560
1004
31710
23724
31778
12569
5888
23552
29901
29427
10035
11066
16027
12236
9604
16105
11954
773
15370
29402
1639
7915
10156
2008
24875
14281
11194
18383
14349
26658
23857
14179
31910
5964
1118
16138
22155
19065
5403
8796
5938
11736
22739
10414
1351
23511
31665
24548
25270
1403
10762
8756
27989
15257
4791
3521
25064
28661
17951
6521
4444
24186
16795
28390
12580
21034
6731
23699
998
32577
21255
10228
29684
19303
31314
13487
14924
11278
5524
29761
17957
12087
23858
28791
31520
29624
26839
353
5878
24643
11534
22698
10459
18836
11034
4410
5025
4869
21112
4003
11651
16621
24828
30774
3911
17523
4123
5131
30893
1353
29397
3775
13072
19301
9422
13838
14879
27632
4626
18532
31727
8494
7526
1586
559
32309
26108
11189
13252
31506
26360
16759
30177
16208
6345
14702
26483
16649
10578
1308
6953
3495
18017
3812
28010
11587
16246
18790
29619
15217
20961
22101
16366
29250
17600
12876
1661
13525
21139
26729
21842
1386
17032
26661
23247
24423
4984
24902
26298
22231
8440
10980
16793
14662
27203
14659
2241
13117
29884
6
435
31645
7335
3972
9212
25618
28284
26012
14289
15583
16311
17949
29404
20902
27417
14825
28286
7271
13665
22227
21169
32301
23700
17513
27251
18691
4338
10364
4299
6521
26703
9648
16749
10092
16398
22064
20192
13218
29920
492
18191
8110
9526
12369
15022
31453
29037
21079
26684
6554
28238
16818
27571
21700
13603
18247
3962
3049
21430
25135
29586
21114
20795
1816
13906
31683
12061
2022
134
22403
9809
4675
14581
3938
9058
20737
18702
4160
1218
6164
27159
16032
15004
32025
9650
26022
10228
22724
22647
30357
1472
13890
3911
10399
4554
14949
1450
24075
32673
8779
5741
3111
10947
20798
27732
29123
26982
17726
30237
1952
27496
23468
10368
25737
3244
28060
10263
23478
1963
10293
30738
10725
3368
30838
11042
15421
5834
11094
5856
10378
19273
17231
14900
15693
18152
27034
12207
11678
3358
2858
5606
3240
10124
4795
22941
8516
29871
2361
28497
28431
22270
21464
19799
8558
8426
3793
2996
28512
10534
32620
15006
22779
31067
16826
5628
16123
102
18979
19717
26565
12296
14900
3272
13888
1528
7610
30299
16563
7227
14469
20915
2074
20371
26972
15702
13012
22390
11221
21303
8640
30350
9865
24375
12307
12103
32483
28706
31474
12153
10569
13522
18466
24082
18802
20958
14113
18018
9349
27813
16332
14818
24282
24312
32590
27480
13365
1140
2631
17461
1253
25997
22664
16412
26766
9305
16131
3875
29798
25143
27210
31267
32017
19856
15468
17942
1858
16611
22304
19444
4478
13203
17883
29313
2336
26628
19632
21502
6977
16923
22627
22012
11843
2585
14063
17244
5571
16239
6826
22200
30417
3803
19772
22916
26159
13122
13738
2133
24656
29668
20397
3144
4175
7546
10878
18179
2539
1271
5307
5826
26477
23484
4232
11289
11772
19528
7726
27188
29794
31022
24518
30569
20690
2467
13657
6004
26726
26050
25877
7921
24552
9651
14709
9591
1818
23085
21903
5933
25750
7224
8455
21982
30966
1664
3368
20143
240
7612
7284
5975
32620
12544
25603
23829
11097
30176
20872
21250
21475
17879
24819
9292
27021
10504
15807
2652
26506
20326
12858
3515
30958
14460
5760
11379
17984
20769
23031
21173
29687
25105
11079
28916
19237
196
14132
155
27687
22296
13035
11663
9638
19234
17075
4735
11030
29859
2330
28029
19927
31477
21188
16865
2961
2594
27316
12458
8870
22566
11119
23402
6330
16588
2232
16707
10902
737
12388
2819
5224
4496
13586
8156
21190
3584
25838
30740
7166
27258
4016
5796
26406
11203
30363
2738
11698
5129
25195
2544
26897
2187
16467
16656
17646
28394
16898
24904
17005
271
10817
30885
17616
22923
11042
6460
3893
30924
9464
23453
28460
20116
12431
21389
1133
29761
7746
1198
22893
13311
2601
1847
3843
27624
15566
26214
11900
11231
23121
2938
2926
30279
30928
2665
1606
28731
31845
13863
4215
7953
25618
32035
28570
31063
11444
28547
2472
21195
20479
28034
28160
12442
32292
15548
5161
12552
30540
15901
21847
19581
19639
16172
32741
29431
25249
30253
6329
17857
25446
11716
23008
647
10116
9654
17504
2036
9330
25313
26112
14607
31382
27735
8193
10424
7648
2513
25273
24947
27872
30895
19284
2810
28310
14672
8575
849
10565
17003
28541
3493
1659
32161
31243
6422
19323
20146
16208
8474
9241
16676
6079
21477
30031
26470
8675
17004
23365
22512
29799
32514
18427
16203
6557
27994
19952
26572
13125
17761
17343
25632
1049
32499
20867
13344
29699
458
6839
4296
27205
22321
16087
6645
14670
24392
10491
25046
30157
7481
3520
21399
15628
16076
29020
17512
28738
16265
20066
10969
31571
2713
26289
28756
11156
2025
31343
20573
9035
29317
32293
15658
30087
3764
28236
13398
13941
6770
20870
471
1379
21271
23976
3018
28743
9488
13480
9939
30868
17216
1410
28162
205
2661
11481
24803
17679
1508
8025
8249
23429
13891
22235
8470
1651
26216
6832
21556
32509
22584
3615
15908
7181
3445
9692
25404
29517
30813
21898
20451
11307
9620
16374
26492
8588
16296
31824
28551
11492
14985
29129
10237
10534
6446
15400
12142
925
32495
27758
13599
575
3378
30873
27809
6483
15176
20924
8547
10718
27012
25301
7618
3585
16868
24613
21068
13178
2280
27751
13597
1810
25971
16643
6178
19681
20163
19858
28495
10142
1115
18703
9222
21718
28201
26782
12521
22340
5390
31699
29062
26659
28888
5328
25487
2055
3567
30628
31961
20572
26440
28444
18998
5499
7145
25257
22625
9694
19210
3076
31805
22358
9620
29370
30287
30477
11263
23669
9972
13581
27552
5070
31114
16563
23353
20676
30810
5609
12659
17472
11609
18134
16137
23680
21505
14307
23171
28775
23502
28941
22675
27043
27449
15577
3989
15619
2922
27140
14048
18478
32267
13357
29653
11386
3377
17881
22177
25403
31467
1503
3445
8646
12615
18210
32586
24252
16550
1528
4105
30246
13896
9809
21964
1672
5502
3214
22977
21834
4240
25297
9483
19959
24618
14314
18019
22155
10148
29443
19077
5011
6683
5260
5603
7135
29251
6711
6042
28860
4042
20668
15376
10985
26717
6915
14526
7141
28700
4891
27478
880
31303
8578
19276
26840
10231
9760
32543
26018
26518
12434
23181
7745
3568
3062
22833
14875
27350
6892
28600
8233
23454
3515
15153
22800
16777
20865
4775
31244
10581
14087
18840
28942
29466
1814
29743
26147
3937
5295
15288
11849
4604
2421
12108
19500
6327
15510
13118
27510
7300
5859
32008
5425
30646
29642
23068
29426
2312
765
15980
18460
32407
23019
6755
30832
28415
16621
23127
15510
27415
23179
1529
31261
15396
21154
5550
21252
14319
22995
5284
7501
26601
14561
31661
25308
12835
27693
20419
2977
27630
17411
28965
11086
27741
10023
21784
5272
5480
30843
11456
30207
9630
13075
24316
29474
14797
29161
6755
12868
8105
2581
30179
417
12670
10280
21633
9243
17057
18000
24944
22549
24833
9516
24365
15766
20725
20595
11205
10255
14350
25802
15091
2598
29728
19614
29543
17994
369
20884
14624
1902
30787
15813
15179
18904
11534
11736
5614
27293
23983
9530
22339
3476
12783
21732
25453
30349
11237
27162
20500
16809
6909
7748
31800
13426
32702
24015
23994
28937
11745
7487
30899
31863
21651
19591
28978
14748
3496
20547
19538
3470
22613
658
7078
28671
28377
18646
6732
26294
30372
11296
24445
2470
5832
6251
7833
24994
15761
24835
6772
4451
15649
12117
11605
7781
13221
23694
9270
28811
13115
13835
19020
22861
13392
12110
15228
4245
12879
16014
15212
8524
24792
27031
5589
9066
424
7972
4766
8801
7462
30497
22714
32095
22834
32613
16569
15728
28332
21752
14607
17770
8987
23069
20436
30157
21778
4847
4872
1641
8335
30696
11874
14597
24220
1313
1948
31646
12664
3930
28125
400
19092
20928
24669
26769
17581
23491
17981
531
28324
14391
30231
32178
13812
5565
7163
27943
11931
19564
9357
27520
9137
7293
2457
13647
18510
30661
27693
27945
31302
963
31321
11562
5335
5733
8672
23354
22203
28576
19003
5086
15066
24191
18187
22027
14283
23044
19195
5593
2257
32223
22476
16024
32416
17683
28336
19986
22788
17109
13351
478
20232
10222
24351
3092
4145
21124
17459
28008
20753
1004
18430
13
26100
20072
30395
23374
2962
9491
20771
25781
3089
28513
4441
3576
5951
9610
32413
13139
22274
9286
3788
8960
26914
17154
21038
32417
14074
459
5665
17645
19566
17217
20944
14267
26799
23275
32758
17259
8983
31180
6703
5299
18249
25326
15446
14862
3790
24317
810
27343
12236
26793
24543
22754
8532
655
12940
20335
23152
9423
398
27781
30634
30125
28557
20621
12921
18664
860
18635
19808
10007
12989
18089
522
20375
8615
8113
32527
29621
3329
4154
10755
7508
21850
7823
25151
10906
15282
30029
26146
29033
25288
22397
7966
26392
18293
3569
5769
11473
9711
14386
15747
20347
27105
24579
21272
22375
3115
20908
17086
25167
25349
26454
9649
23018
25646
10303
14401
998
12791
18737
17846
23431
5968
11931
25482
32370
32661
9225
15436
27879
26765
13736
10824
19481
17232
9411
7194
30786
13401
11221
20251
28174
5647
2358
12550
2375
15070
30069
4240
8696
14642
3449
5833
12649
15838
10294
28536
31071
29787
27014
28913
18782
17436
22123
357
16585
23985
15231
13758
28278
18548
30214
25297
3970
25174
21829
17526
11247
3219
8649
7561
30258
7477
14913
9782
30814
14499
11528
26228
1557
23402
25958
2958
30307
10400
981
4586
14638
8157
6664
3928
9594
16259
27193
12098
26006
4378
18935
15498
14110
2560
14179
1012
32598
24089
22172
17961
28406
3941
27441
27412
16393
26517
12254
27590
25681
13298
12938
20639
28341
5390
11871
2571
17827
14572
30068
7345
12475
28030
18866
21651
11097
8978
5186
6893
3083
8393
22323
16212
6417
20727
7695
2448
23875
27331
27857
9247
32034
28552
8412
27044
23243
6723
21810
2545
10590
25513
25589
28605
3569
32392
22717
12201
642
3909
7835
18176
27256
7824
21786
1250
10346
10289
14663
23162
14456
8824
29031
2345
2633
16777
18554
7308
26010
12098
27914
16295
23615
25444
10774
12503
10709
10301
15031
11711
13195
22606
15315
29948
17194
5021
25627
31725
26788
1845
8960
17198
5290
9968
8927
15688
29913
27024
27956
15675
6149
5155
24123
25591
30742
30195
4324
6920
8792
3007
15479
25020
14695
32113
10483
31373
6510
16578
19750
14523
6809
9078
3053
16147
16266
3244
24048
31472
17040
26986
16007
32506
4423
17987
1100
28156
29040
10002
17656
30029
31527
7897
8555
11311
29845
18302
15222
3354
19385
25890
26745
31892
27516
3103
9272
2190
3638
8752
27725
5284
16369
22947
391
25527
20861
3484
5300
9521
21664
10684
15165
13983
7575
23350
4517
2071
30309
26256
3410
14382
32110
9311
12914
1696
8610
13232
3888
24743
6706
4890
13694
26604
690
21347
24605
16003
13032
10729
13655
11162
16070
15104
31747
3168
14932
20050
30733
25647
17281
9969
10579
9235
4926
10922
29645
16633
12105
17694
3167
10677
12909
1694
16337
1647
22423
18813
25784
1578
356
18988
20024
29511
286
7291
9334
5575
26750
16895
27850
30214
21850
5510
18864
28912
12522
27352
13322
2729
523
4411
29182
6048
13834
2503
7724
13467
31320
17723
3025
15586
29743
21382
14313
17919
28008
618
21264
11573
22922
15863
18550
22606
28712
13069
10559
25993
32049
13376
15206
23851
18593
21005
27460
1885
10061
10890
1612
907
4281
8620
3459
12746
26413
16363
17188
4009
18819
21163
14936
27708
6677
17268
23945
6678
17913
29091
4314
12588
9450
20262
18551
2766
7115
24008
28758
4878
30640
630
23811
27414
27492
2132
26940
23454
13932
29549
15510
1526
2732
2660
27795
30770
10462
31565
14720
12212
10953
23455
25312
28690
27308
29770
14677
15535
3897
15577
17380
15444
15632
7736
8019
29497
215
6995
30354
8496
7487
23936
5441
14313
18937
31308
24739
27697
16731
3822
6323
7199
22900
8190
7239
10231
24016
13886
3781
9655
20463
21866
27144
1667
30101
7875
5157
20695
24003
26580
21329
16820
7960
17587
19411
23456
15504
1859
14687
5401
1282
19027
13949
11934
28601
18173
189
28122
21857
15914
6465
10242
1575
22654
28436
767
22998
12182
28127
30523
4765
21310
12489
32046
16306
13096
24816
5134
16356
26346
22214
25688
12586
17626
5265
1162
23111
14122
17520
26726
21958
6725
32607
418
26041
21082
30653
15164
16519
25836
15776
23021
20768
22543
638
8579
29147
15354
11346
16550
32500
20274
3915
5423
9766
14241
18969
2512
1661
22311
11037
15036
15228
30819
27916
25041
13055
23951
24061
10460
11015
23951
3281
9217
12030
21624
29210
6289
2209
13035
16870
27303
27790
4499
8891
3682
32646
23190
31898
27973
286
25027
23607
4104
16182
12804
26024
16196
28124
354
5141
18400
23839
20276
25575
24117
17950
27230
10935
23700
765
19805
7482
16140
22440
9964
10056
32338
29173
14678
30286
16688
3646
20564
13966
9796
30601
30685
25009
29541
17202
31785
1190
23347
17667
6394
21038
9577
22785
16179
31545
27213
2996
13072
10806
26192
11996
13417
30715
125
31472
30475
3098
13252
4132
14793
30951
19668
9382
24386
9360
22057
28206
16883
28744
16084
24120
17846
15930
19478
30575
29647
5198
19641
6366
13396
8054
14969
21868
24784
7964
16124
13867
3967
31994
23399
21324
30948
2647
14481
9244
12692
30891
28875
4979
6479
26151
29996
25635
11576
23572
20473
4337
15429
2738
19445
18432
24577
3458
16040
19394
29785
13133
27098
22186
12716
20395
25267
25135
13544
20749
30849
23193
14254
15853
12109
10847
16258
1307
24099
28026
16797
30951
8375
7975
30622
3237
22582
8162
19331
22069
16277
5581
28743
2824
30970
18557
4851
7167
9038
29973
24509
18800
12888
28569
10622
3228
9761
11263
6651
28541
21163
31686
8490
4491
20426
13172
21835
792
7572
14658
15315
29075
245
20337
20488
13900
21147
30393
11302
28035
18332
9604
26576
3134
13926
4201
8009
15834
16239
23733
28579
31016
26187
25600
4779
21519
25685
5467
13773
8068
14073
17543
16961
27965
17815
15818
29920
17106
1346
28394
29142
12688
15350
2163
18145
7981
17624
18292
17219
29974
4955
7253
22412
9810
28112
12423
15558
28127
12708
30736
14439
23985
8923
11321
4437
14499
28192
14587
1888
16982
19851
22655
13223
32391
17294
10821
3978
26521
23290
27291
1939
23065
15277
23161
11687
4898
95
19652
17773
3760
19278
21936
21121
4426
13351
21657
13591
764
29056
19813
28022
21080
1643
25195
5690
19650
12740
30598
19944
27327
11883
1958
27209
526
31194
12182
10337
112
20127
20142
17465
14917
24666
10025
13776
7165
17610
18643
7632
32709
1226
22513
21813
20653
31546
22232
22857
1195
16714
30449
19555
17339
21089
30659
8919
9989
5502
30766
19867
24650
15754
23033
29655
1261
1939
6737
17823
4890
14144
25413
27112
25944
8262
17007
30820
22231
12472
23634
7896
32131
27485
30767
24863
9235
28500
13062
10140
30108
17508
17744
29683
19856
20022
26610
4934
5248
204
17889
19560
12607
13039
19453
23314
5831
17812
32449
31477
15783
10067
16631
13907
10494
29490
31306
26320
26333
13747
14384
13336
647
21766
16484
24697
10368
1309
19078
20951
1447
2754
32215
539
24217
17869
28878
20408
29565
22712
8602
4088
27815
16087
7437
19661
26968
13398
17782
22872
14381
1305
27751
30971
22618
20102
2263
21288
12325
25373
1258
2465
29435
3476
15426
26707
20322
9354
28131
15509
30527
12247
20034
16165
15441
5831
28864
10511
25592
15975
14557
3929
903
16257
21964
24818
14886
4746
22236
17121
13772
29223
25127
14535
27906
10536
17638
388
8812
21595
27543
22286
9653
6852
28997
3249
16898
22543
27752
6121
24994
10043
10499
3075
10283
5227
28850
31870
31123
1339
23868
27765
27782
15993
15631
7134
10062
27223
10742
13368
22212
27495
12952
4053
8856
24728
28663
18324
16857
22455
31819
6025
22680
7467
20957
21441
32670
1235
21778
32097
15106
31009
26209
30198
6419
13028
3373
4237
8775
10287
4757
3741
25714
21834
4528
12182
18009
32000
31012
17968
17605
23614
20101
1587
17311
11501
201
14702
26668
1971
24982
31543
12750
21082
27202
30534
25897
21550
28184
20983
27578
12735
17182
27640
26480
22172
31237
1366
16918
22136
26654
32009
25681
25675
10472
20513
5768
2269
26
1788
8372
20587
18794
16037
31085
5016
24473
7033
19310
13563
16560
32494
13192
25080
10594
28231
21636
19332
9251
1488
22905
26306
31334
22772
343
14747
24473
23281
1818
21453
23192
10209
7584
10033
12733
24686
2529
15879
6974
15498
26175
1882
25337
16081
28050
21237
31911
31891
29419
13186
1565
22336
24229
19228
21408
6047
4
25294
15920
25088
16605
3807
357
21063
9774
11421
5180
27152
6803
21903
27122
2169
30922
21196
24651
31780
15900
27666
14217
17484
21314
29861
29157
25628
9351
10488
20429
23362
4286
5549
23671
20053
7143
22635
15798
4460
21192
20476
5851
9840
18953
7312
4041
20738
9231
22424
22736
4234
24861
196
30746
13957
1398
26579
27408
877
8356
23892
19579
27617
16519
2981
7668
28753
4473
7639
25570
20574
32393
3020
27524
7846
26599
8965
25156
23039
20705
12401
3070
21885
16356
28340
11316
19793
6126
27747
6657
11212
15452
1513
3707
6960
23497
5930
12036
24359
19747
18955
10953
14896
4884
10044
29602
25294
4369
30551
413
30493
30152
4945
12455
14124
30361
29617
22322
5889
28411
7135
25870
16843
21105
32020
12279
1738
18623
30589
30006
25951
26911
16559
387
27926
24495
5900
19603
27835
13050
19258
5652
24638
18684
5390
23534
12644
25338
19212
6649
29437
27896
19818
26789
15313
29889
17260
20098
8121
27244
10052
26635
9062
31110
6133
18485
25151
670
18258
25299
14821
29410
20287
4124
12138
16665
3317
29900
18730
32266
11962
4599
15269
6228
9651
1790
2937
3687
2331
15781
29948
29650
5277
20862
14567
21160
6747
29850
4061
22640
15856
21773
335
12915
12199
17968
24276
10045
10797
24045
24074
20810
27128
27203
25313
10131
15916
9686
2245
10959
23792
18344
27504
8684
22862
16010
23983
6391
28940
26485
7645
3078
14549
11127
8860
16547
5946
26667
13203
29657
158
31879
17508
31151
10567
20341
16232
7242
9188
2485
10555
22882
18671
27525
13443
27051
31711
30736
9083
25841
7025
17527
8436
20703
25441
8055
29863
2400
14775
9788
5138
14391
31796
27394
17529
15231
4763
11680
10495
13008
11808
8687
24590
985
22951
29322
2444
10385
16618
4932
22660
23165
17221
9899
1280
3946
9705
30154
30367
24234
18411
14829
16848
13869
17809
8002
17363
16530
13636
6697
9676
29980
28616
26071
5501
20838
12335
30692
383
1934
3574
28780
25751
18488
29179
20630
28090
1481
19944
12878
31469
9063
9498
30467
29587
13398
26417
8548
16126
19404
30810
15661
21216
12454
12564
3532
23074
18714
31655
13584
2946
15542
28585
17346
1976
27382
7269
1813
20736
30141
22636
3024
14864
12422
23933
10471
6597
31200
593
4208
11733
5938
24060
31553
614
29779
23567
31333
25587
14403
9693
5147
20609
17911
7181
16725
25193
17445
20155
21839
30999
14527
11565
720
18485
19629
23252
19719
26666
25115
26594
10152
27039
14068
3584
14550
7848
7460
31779
23713
9768
10680
4860
15357
3220
763
589
2011
15031
14146
29988
16867
18683
11410
7529
28285
4763
29874
26359
7820
1900
31919
21642
4663
13472
21003
24657
11376
30943
25773
461
2507
21604
26606
21732
1216
25509
26598
27228
27411
10895
24336
13998
7874
12959
6903
13695
32563
7760
12302
21566
30589
20348
11105
26731
12464
10962
24677
29516
19260
31036
29331
30956
17648
1521
4286
9782
7586
25390
22341
20201
30675
25261
20725
9984
2401
26399
19393
17241
17025
15769
26779
18221
32143
21366
18943
15552
6580
3831
159
13188
605
44
22686
19460
12308
32417
15276
30265
10480
26101
22464
20918
28606
15944
8077
28199
23482
8618
19067
8137
3040
20350
10044
20940
4393
31401
5866
14175
711
16514
19437
14114
30187
32576
11569
25832
1000
869
23427
4315
11103
31000
1467
11511
10999
4105
18571
8324
31850
12101
928
29714
3711
4597
7197
14192
17674
3264
16233
18385
16515
3105
22270
19624
22130
2826
31070
2155
1768
30882
22441
12631
2612
3916
2363
15122
3551
28334
5509
20790
21786
21933
682
18559
18422
31057
10023
30751
366
30007
17398
17042
25770
9613
135
3728
21859
8221
13961
26606
14590
22320
5705
26074
23604
29334
18779
25850
3063
21044
7571
28625
2287
19036
15029
8749
26439
17035
23659
25859
32250
31229
16782
18792
4989
15571
3992
24130
6850
26917
31964
26372
19783
25894
19590
24954
7542
28511
5990
26106
4133
5687
23660
4739
14807
12570
15944
25856
19620
1788
2809
9120
19765
23
21045
3701
24434
4751
13278
11156
27514
19562
4616
26943
17077
10431
28696
18052
29865
18131
7312
26801
6259
24056
17681
30206
12625
31414
19656
8134
14784
7258
20844
18360
10147
2296
5324
5672
25840
25908
28946
16144
15074
30768
13073
4610
28306
32095
19855
18457
20944
28522
25948
4744
24186
4510
1374
24591
10131
7584
13165
5571
11885
26538
16679
4283
26366
513
11578
28070
7361
13513
13432
5272
7292
6588
26016
26340
21864
32054
15397
15057
6497
7558
9873
14644
10739
26164
32037
14159
7281
17959
8873
27438
12534
1733
19173
637
2432
8349
29239
4760
10021
19552
23105
3380
9480
2223
32714
31795
9379
9969
6238
29068
30408
1972
27352
31160
29070
26072
25406
12072
28469
7879
8488
27484
28435
4572
4670
13116
28753
17482
23582
16432
28975
26973
15685
16018
4474
14393
595
8265
381
25828
12253
28717
31194
10904
4757
15605
2571
21994
25487
14676
8539
18825
10839
2375
1369
20034
31870
22686
2369
10694
14792
24550
20660
20718
32111
21936
18972
30285
22662
27559
25748
25515
26069
14434
24807
70
2093
22691
8614
12176
4588
9172
24054
10066
19142
11582
22895
20630
32340
28447
13572
31435
288
23584
13794
4152
12469
10188
16899
25494
12443
8165
15456
13679
5794
28788
17421
1618
27974
11722
16768
19643
752
186
10912
29467
11926
4519
976
10062
14544
16971
23718
6861
3598
12385
20805
10898
14578
31958
12698
31677
28256
31629
3566
13304
24528
11165
18625
2949
18427
13834
2375
29975
3121
15268
6405
7544
28331
23931
3734
9285
6763
11628
6194
22180
5067
1092
12751
22930
2467
22905
18589
29467
21284
32219
22768
21524
18093
3541
6527
4997
3777
14774
2066
431
8373
16298
13686
12017
20523
4113
3854
16225
8937
30742
15877
17546
11031
7159
26045
3500
9310
6243
5714
6106
24936
20278
3741
15120
3621
5944
24965
12694
24352
22170
3075
7238
31096
4297
4508
14020
27574
32696
13298
24970
19200
19050
12750
21303
14965
7824
20422
7092
14420
30591
23116
19981
13265
6902
27881
2704
16266
23572
5997
32433
1899
18150
23273
22698
5281
21908
25112
21179
2031
8865
18734
14765
28069
20306
30036
24752
22936
25219
17638
6517
19478
26044
7061
22404
2322
16998
20149
23065
9235
3751
20538
1316
1686
3566
22425
23360
9820
27082
2667
23064
4350
11431
3989
22986
26059
8436
29044
8063
30664
6169
18672
18945
9142
25096
8944
16629
26747
18531
32340
4015
29472
23280
18453
31176
13814
32385
23606
11224
23296
27058
30639
23845
19021
27525
13536
27899
25433
28153
4774
10755
28016
226
9538
3629
25048
8580
9828
1493
27
26115
21115
10450
15003
24175
15950
6198
26330
461
10442
19742
10527
29947
24261
22316
31174
28404
11738
3797
16642
29794
17983
23747
12329
24585
16420
285
23681
29310
7536
31406
7008
10530
20798
31484
707
32676
17787
16040
11294
28637
12348
19865
20121
23468
30268
28491
10667
2507
10741
13298
12109
14034
16118
8004
22844
32426
18599
32034
28396
26743
20483
24844
28775
6436
3512
5708
16168
21024
25120
26924
15834
2153
22896
22210
30846
14194
12780
8126
22673
3468
26993
28101
22181
28758
11596
14482
4191
10746
16044
23631
11255
21501
27716
22329
12350
10879
2865
9925
23478
17160
13149
4786
31069
28698
9480
11582
2402
13681
11150
19414
5210
1139
4874
32152
1336
18201
15240
3337
24304
26724
32207
20364
14167
31211
8279
30752
30320
31033
91
4213
9445
1126
28108
1850
15445
25605
11413
8511
27606
6951
16663
20514
31767
31871
3691
20571
22968
11395
21026
21078
8822
15412
25459
2982
6288
29131
20030
8421
10694
8051
27515
12635
27325
29751
8221
23764
20241
28894
21243
32664
31534
1393
19075
25265
8001
3383
19050
953
8657
2323
18118
15681
19002
22267
20553
26257
30654
10383
3121
21600
3091
24598
3160
19585
25538
7710
1199
15591
7786
21785
24244
14263
9998
2346
16982
30938
19689
6933
4256
28957
14742
27027
10035
28917
2888
31973
32688
25611
7778
30913
23511
29905
2713
18196
260
21304
8623
25929
19467
527
27493
20823
6368
23809
9573
23897
18013
16464
22768
31575
4952
1234
23551
32283
11038
14529
2632
26894
25730
6643
32342
10826
15737
56
32269
21279
19611
16272
28789
14297
23540
14685
10956
5223
25079
698
4781
1770
25864
13153
123
13126
16667
21567
9923
4709
21711
21732
25109
1470
5864
32351
14551
25517
15670
3649
28619
5488
15750
27551
26208
20476
23559
23093
20411
2958
8079
20697
27856
17147
12195
8476
23242
15365
19745
27348
14881
22764
22432
30066
7359
27793
12077
31548
2953
7899
16521
22127
25185
6302
22078
4580
32437
31284
28252
15074
12741
19914
2997
29967
18996
23300
8959
6116
29847
21994
17892
18184
5043
23363
28065
24391
24056
29753
17674
32570
2959
14750
25991
11690
24030
8521
24919
15964
7044
540
26285
30254
22233
2752
15963
27690
20379
13021
23626
7081
28405
12868
21740
25617
19057
1464
2076
2866
7661
14081
7849
29264
1605
5943
21150
25471
21787
32223
5243
19347
4014
20219
7545
12634
5912
25617
28679
14583
17041
27195
30932
19978
8531
2916
11757
27648
23200
22237
19980
418
18253
21339
30760
14158
12056
29515
17921
2018
2521
1127
9066
26830
22780
31583
15209
15145
12603
19560
10015
124
22852
8884
3211
28519
6362
9731
5315
7031
3529
8744
1881
31645
29928
24461
21851
14333
21241
9597
3887
2196
26658
30046
23870
21229
24229
15776
13147
22941
30479
19866
12294
14223
18303
23562
30336
4361
1340
10608
20330
18555
29286
13699
8186
6302
22735
14713
1701
27753
29783
27076
15110
4822
23365
1606
11537
16551
7333
23693
11255
1000
14675
26441
19067
32104
3343
30823
16458
27290
30496
18808
22537
3927
24908
4951
14457
11930
2320
839
16035
25906
9133
11455
1001
21560
2493
3785
7068
29572
1845
4280
3122
24772
12929
10523
31974
32390
17847
1108
9447
27257
28140
12270
15417
24392
22245
11661
29619
31076
1419
14050
6990
16977
24280
27470
24905
494
22657
29216
15937
26243
15991
20946
25034
14496
21735
13068
12627
19127
30152
5256
14534
7953
574
2156
15317
32514
15981
11623
25564
28484
29148
7285
19018
31108
4445
31606
4199
4573
18083
11775
30530
10697
3957
30521
27921
9047
22773
22107
31832
23799
25420
18783
16367
23531
17951
4728
2041
996
24073
28700
23285
13032
17646
15969
18118
32241
22086
32642
28090
13766
21098
8156
20854
16815
18356
6042
3064
29445
3883
28189
14219
9279
8196
27582
19381
28401
14405
535
22433
20167
25663
9711
5397
14129
22671
12325
28994
22461
26706
31198
24630
28466
8812
19674
19928
1035
24595
11509
9021
26029
1905
28479
14953
8271
5912
6761
28125
31955
6786
29728
4733
8326
2155
6555
20074
26562
10388
20863
10060
21572
9387
3901
23147
7774
27732
32522
24659
17937
8277
28422
8936
6964
8384
15570
18508
25934
20826
16425
11576
6035
32049
7344
8919
23627
11956
1776
30250
23820
23139
465
29488
5422
24166
5823
7302
25979
1591
24823
31051
5779
20252
1695
6595
32673
11393
4920
32432
30814
19648
19014
5736
636
1901
9627
668
4668
15517
13069
22230
10160
3383
32502
3947
19588
7246
957
27693
11653
11872
17911
21973
5466
32725
13051
29377
20443
10227
17022
14199
3123
23455
24836
15525
9095
30741
7011
17682
12398
20261
17843
1417
2328
8310
17782
17646
30605
32608
29373
10411
20015
9489
10830
19195
28354
21259
23483
28745
25832
12422
6227
17914
7687
20468
12096
1496
17229
6836
2453
9026
25392
6601
17344
30560
4015
8658
20438
17932
9066
9092
20376
30589
11933
14398
9276
29832
14480
20281
23575
32552
31998
31759
17854
23075
14455
20842
4269
10841
25106
17672
23595
18489
976
28530
17972
7254
13289
23161
3612
4582
20343
32206
22666
32496
23317
18144
21350
11654
26636
2791
25646
14782
19733
9739
17014
25380
2675
5372
13223
4825
15222
15570
17362
20496
8318
32147
1425
5825
29373
6952
24936
8125
17196
9334
11804
8280
25547
18035
20233
21152
19893
19631
12044
17490
25934
1394
20516
28841
25879
7618
26772
30762
2905
17438
19033
11620
23886
19574
14167
2956
9775
28419
8370
14151
6602
21807
19535
27621
24483
32465
9819
1776
17421
1139
30948
31655
32067
29163
6192
1301
25897
30493
4218
964
21347
25143
29997
12653
30469
32057
28438
21626
19716
7905
10218
22711
21401
7617
11819
16004
21508
12088
22080
12142
15848
23084
6090
31986
17371
29297
18431
2520
12261
2626
11422
17585
32158
19847
29535
31067
6226
555
19321
10697
19966
10048
23884
19517
26155
24371
21162
4610
11402
21925
12899
14383
15432
2468
24362
23480
31304
12732
5519
20420
29713
20410
27210
2397
16608
16373
32545
19667
4510
27201
26149
29763
8265
5070
27884
24461
7530
29408
18790
16215
26248
14971
15407
2327
14254
30008
22938
12807
28507
10525
4604
26589
24933
17064
21495
24760
30506
13456
17600
5682
7763
9700
27398
30824
32238
1807
26735
20815
15290
32280
5008
5004
22172
8205
19161
14133
3924
12330
4880
16804
26910
21618
3337
19771
6358
1505
15081
30717
12179
20800
16883
6742
20873
6343
20938
22609
19195
1358
28995
11315
1686
18431
13712
4586
26847
23043
4267
22617
31682
5797
28602
25551
28288
21430
10855
10909
8082
24617
27432
6813
26119
18521
23231
13994
13328
19532
2597
9223
591
9157
27640
24431
9
30193
10272
20509
3262
31901
16273
30077
16462
23556
20474
15721
3619
7613
12814
18651
26060
14136
905
12719
10487
8199
49
2794
30668
18786
30753
8876
7822
13920
12561
17927
15809
26985
6750
19956
6700
16453
7983
10691
27687
23340
18571
9668
22968
22010
4724
27349
11077
16057
4777
7643
14320
8966
7672
6794
31420
29811
19221
25336
30557
12616
28201
6209
29
23860
23667
14457
9302
1596
8974
6746
32391
26241
19994
7247
4784
10197
10457
11551
20935
802
31154
14395
18817
18504
4969
14553
1663
22558
6882
6552
12862
13259
2467
13149
18401
12452
32218
20706
26221
8038
8018
30005
21682
30800
19919
12358
22410
21824
28863
13344
29525
27736
2028
14811
28187
7247
599
30543
7259
20439
15692
3765
8790
1918
9216
14295
3603
26092
13991
9936
5415
14316
3669
30467
6586
6016
7497
5586
20173
7282
11218
4550
7427
17705
5368
738
17624
17451
26777
10486
13920
2723
27554
20122
4505
27788
16769
31143
5812
5689
22629
1522
3839
17827
27568
3426
22772
11101
20214
18729
10161
12067
16785
6927
23316
2717
5885
3179
18994
15099
1488
31280
19750
26151
13375
9691
19310
9201
3226
2503
12251
5523
21145
12054
14302
30244
6752
5463
23209
22954
11782
23361
13228
13673
19930
23293
5361
15508
29107
11383
10988
12248
7514
10597
29273
1234
1204
18727
27060
27756
10700
26751
6959
17430
20059
6699
6758
11230
21434
23947
18002
13648
16495
14280
30660
4138
16810
16727
9148
15859
18662
31751
22938
1568
13534
15808
29665
19328
10963
5303
19688
3157
5094
5778
6836
26181
22244
32381
26764
25964
17605
7280
1934
24284
25377
5872
4760
18999
27724
5541
14874
2989
31850
32389
28536
3688
31330
27913
21301
26479
30623
9030
27759
20762
14828
31516
15214
30053
24242
5740
12605
906
15683
9560
24270
20133
31487
14375
6042
18564
3011
31856
6475
5225
8028
23336
11467
11369
14973
20303
11204
27561
1819
24618
9338
10578
30534
13107
25434
12007
5817
32188
21836
20912
10861
31975
24873
14766
17758
6604
32124
15702
18868
12063
151
13994
12459
29475
14693
577
7097
7360
24252
25014
1719
26733
30636
23143
32152
10371
8335
18966
26387
5759
7600
22787
12668
8947
11919
19459
17296
16720
23547
21054
3141
12426
31074
12120
1777
32765
6625
27117
27503
26698
7543
2740
19038
4931
164
10269
31625
22214
11712
23860
12169
24064
29210
16244
11033
11772
31108
22871
7740
12371
22007
28133
339
18755
11708
14475
12731
10538
14721
29344
15313
20256
20548
32080
26592
22995
6872
2404
27327
16049
15534
6612
19752
436
2442
6714
4507
6543
21723
4833
3991
16592
5647
26697
25070
32324
29930
31260
17762
1940
17314
14614
13696
16449
3651
20032
16599
3424
15705
9298
79
13820
14221
2009
13563
8585
4984
27580
4849
29241
20761
13859
32205
11156
12901
5976
14201
24025
30467
11901
13145
14854
30631
10218
18021
22283
12274
22489
14122
15663
16215
23025
10541
12888
13068
10462
544
10568
23889
15624
16092
17727
4489
27736
9303
335
5521
9386
21095
21797
3838
22029
16272
25401
21376
29310
2325
3767
16544
21533
8676
9422
5669
5073
13375
14363
18078
29378
13355
23124
1607
9090
8394
22888
18211
15918
28993
20537
22688
15455
3085
21072
20856
564
4866
12672
8872
21142
27842
26853
18950
62
8409
3051
28359
8819
22766
9648
1623
31876
31236
24797
9746
25144
14176
25526
2483
27651
26067
14333
9340
14401
3455
32500
8608
946
31578
4948
13240
14767
11721
14501
16407
28384
12567
8823
5210
11689
10027
20591
24689
26365
13528
19827
5590
29468
27432
14271
28689
28929
15688
14240
24508
32039
11622
8521
3959
27984
18608
23724
19460
30541
1531
20281
12661
21580
13621
6601
24491
19608
25730
21505
2447
1401
5277
17860
30807
22907
3118
13817
21904
13703
24215
5358
10567
23282
17986
14152
13452
23621
7717
17608
8669
5220
8103
4321
31955
12623
28010
12236
20973
25944
12059
23611
1991
7564
6180
18104
5873
16644
11587
12760
15163
26390
25570
8623
20172
26160
25913
3492
24409
22914
30712
29243
12043
18914
28297
499
9464
15052
21868
15569
9613
25918
9505
7822
14560
30888
4922
25465
29611
23551
3662
23996
8671
30874
17681
18728
6155
25901
20267
25479
1474
12922
24517
22370
10726
24326
32471
16358
31311
22201
28843
9962
808
7524
261
8150
26605
16883
17736
11915
26033
25617
19247
22599
31471
1057
5040
9480
15832
17711
13367
1473
6348
30026
10057
28253
9107
13083
11687
22362
6696
5280
30308
23596
23375
17297
7018
10886
20770
32495
5472
3508
13229
21548
6910
1081
1594
3536
16070
11089
16027
30554
12118
18061
9256
6143
17611
19207
11842
14220
7599
3804
20152
31415
26800
32069
14852
2622
11059
1512
17813
14576
26067
16260
12146
19143
6823
25987
21045
1973
3156
10680
17654
20908
15953
32133
32127
28227
15809
6000
14694
20099
24776
17202
10042
5409
6285
18693
2027
22855
24315
19654
19562
27111
22217
14177
25735
18381
8955
24047
30495
13818
17376
4293
12353
31052
27376
3994
27254
24456
17980
10844
23048
30697
23278
6549
28531
21956
15716
18346
1381
13350
22089
23693
31794
22506
27227
27327
32282
28813
15790
17310
10154
27263
3133
19026
5724
12820
19421
16590
764
3359
20393
10791
17894
12341
14341
12183
24323
16107
29897
31434
5392
13114
30793
15395
21887
17903
6875
25337
31734
22294
25317
11265
6538
12074
9243
7390
18850
22239
28611
24346
15123
6059
14206
18373
18122
966
9443
18733
29314
15927
25978
30659
9997
10521
21059
12070
6085
1025
29801
14075
9264
24178
23565
16528
25584
20876
4515
31625
25358
25463
7522
1451
23857
5223
30783
18514
13839
18388
1159
15923
2719
22410
23830
3693
3607
4068
13627
5724
7082
28332
11226
3046
19468
28540
20978
30207
22866
5920
19374
5123
27036
14549
19213
24545
7412
10128
6700
7350
7269
11908
12059
30741
1328
13825
13926
30520
16079
28572
19304
6176
27670
13120
3157
16293
19122
614
29196
27930
20164
1409
7652
12165
23878
8570
5413
14409
17263
3028
11126
23629
30367
126
19058
22396
17178
5252
26117
12219
2258
3815
13275
29045
13740
453
11129
20422
24059
8325
22828
13043
12623
25799
8835
27471
3281
19689
18003
26855
9240
20804
2211
3872
14696
12491
16604
18116
24542
4423
23262
7074
20284
13641
27950
15734
6186
171
25784
4877
20655
5596
30032
6056
20822
31690
20743
27524
31211
4745
32588
27225
13044
7849
10328
13288
16888
32069
1933
29215
31586
22279
2178
30531
32320
8098
31423
30226
24638
26035
3742
476
7607
18870
13653
26600
32649
8266
18632
32269
15409
2766
9398
16232
31923
30510
188
27351
25445
29636
18701
13931
25629
26878
12592
26078
20232
13952
24017
9627
20943
26022
26559
5306
13885
24709
8404
15945
23983
6868
5880
25752
25408
29977
3255
31651
18472
28528
30321
1599
24042
9071
23583
9264
24603
2006
25644
13270
23485
21053
15594
19468
4411
19349
17060
10554
31828
8337
20441
16275
26277
30595
18409
20430
2628
5702
21653
23400
17037
31653
1256
2262
11882
6245
9595
3607
13704
28797
28902
19173
27189
21606
27221
14140
18578
5604
19530
29575
9832
26487
29466
24740
5480
24990
27924
16213
4809
8014
1042
11131
15382
4541
1802
9923
5786
25502
27714
3437
4584
12468
782
1147
16242
1452
23545
30185
7538
15402
10591
5804
18792
27877
20761
18908
31176
6689
10898
27548
8827
22627
12652
15330
7065
20573
3626
22444
25620
8822
8064
1584
7530
10259
28071
9016
16725
23468
6273
9361
13967
30541
195
32329
32615
25399
15169
8759
244
23082
31157
17465
19622
1840
20036
31238
16496
835
19862
8822
17216
14826
9928
21109
9563
22960
21308
20160
22722
4294
21126
11922
1013
23224
24669
8228
3501
6049
68
30819
21440
32106
32563
16353
3920
2124
32391
2289
15401
1498
22699
12284
20732
25058
13074
6717
14795
19862
19397
7670
17495
20879
32490
7863
23611
31047
27924
30825
2697
1527
17304
1233
12997
4120
25897
12831
20432
13054
29377
24757
12617
16974
19513
23066
1792
23801
19014
8063
28961
21631
24487
2158
29957
28552
14614
1062
27449
11982
18254
412
11422
3537
3800
25086
12889
15465
5747
1493
3036
24369
7104
12193
16136
20036
6710
18034
1829
6177
21771
8370
6180
24172
22120
22669
14678
32454
29834
32635
22453
28553
5070
1850
7178
23519
14971
28171
2281
9766
22306
11820
10741
19471
28146
25214
10317
5301
25203
766
5919
5283
20401
30308
17393
9692
14450
26984
21355
2493
1896
1634
3017
10111
4192
18294
9179
4342
20887
924
14156
26026
4760
15236
19356
18578
4012
29508
13957
24071
8819
30383
1716
3194
17049
8668
8417
11333
12651
17870
30658
22548
30362
22095
14824
1839
27830
9531
18119
10386
27933
19220
16108
7812
8609
16887
15156
26272
509
31948
28983
5772
10057
10924
20507
7139
608
20692
525
14600
7003
23173
6489
13304
16922
17950
18747
28688
31348
7728
5717
27739
6814
24897
20435
9281
19323
7718
9089
22898
3161
23864
18077
31128
3724
12682
23811
28139
9807
880
4677
26258
22926
4581
21547
19050
25139
27549
961
11343
31155
11107
9786
20402
20648
24315
9938
14246
690
14643
17948
32598
14875
3329
27264
19276
32285
4863
23097
28238
20073
12325
31969
27903
1969
15494
245
5774
31604
4033
22214
25355
27623
8612
2951
31915
17232
6988
9249
24348
18844
6895
30628
1229
666
14480
23916
7945
6317
17556
16893
25996
1947
18206
10014
506
31785
12433
32712
20583
28113
26703
23078
30928
7792
32136
32506
2146
24930
28060
2173
22093
23378
3516
16099
21011
14384
11894
6592
14126
13004
20823
27567
22971
25380
19241
2026
27879
16745
4732
26404
6297
18032
30395
9220
19506
13865
8405
13530
2815
22733
2544
22725
11608
5382
26001
14186
2408
20948
6061
25342
28291
13696
1398
27137
28291
435
29715
4832
29443
17953
17148
29087
11869
688
28145
13674
26856
7240
25394
12990
10734
4040
23586
25331
1022
22490
10432
9717
5028
15295
29478
16279
4156
395
23766
32665
4431
29365
31122
29713
21296
15385
26578
14622
29633
12933
21811
4002
9286
25419
984
9311
5599
7794
1840
19510
32288
23226
9004
28492
28000
30468
29381
26217
32156
22802
1475
3411
3132
27436
10526
18079
3265
12289
16730
1589
27108
27116
19748
3419
10812
6412
11273
12181
3606
18041
4211
29143
5811
2564
11772
27804
8042
2237
25805
2615
19781
31894
16894
32093
3722
18562
20583
27387
8872
10942
22344
29982
3591
30335
234
27468
30002
22610
11146
14551
6198
22090
3033
18636
4169
15186
25550
9094
28679
28748
14952
9097
653
22827
24120
13767
5904
11921
12093
23144
7164
2601
9015
16017
12487
6464
1117
18537
14073
28454
27461
31449
32177
23238
28472
28631
18970
20564
32186
212
24486
5378
2053
13148
10361
2279
24522
13246
19023
9142
28036
25856
11376
4272
13738
31091
9050
9388
19537
28249
13776
20071
1400
29601
13663
23000
20528
27882
8168
32250
30943
5200
25814
2282
7580
3344
13806
1325
18393
26748
18797
14685
15798
20629
12567
29711
11205
24785
24713
2197
25338
719
6870
5766
401
951
528
11464
30658
22457
14278
14256
17654
10807
1253
4340
12877
12993
17134
453
29197
340
21023
21627
11099
27100
6315
6684
19470
7010
4263
25685
31209
19607
10220
27572
11934
11542
21981
10020
16377
23184
21141
15856
2869
30324
30015
19579
7997
28903
9588
13049
19456
5799
10264
30697
20391
10116
25361
25706
629
30625
21002
7388
775
23553
30336
24946
16422
261
6880
12064
20231
21134
27257
7467
12671
1441
27095
28652
13441
2963
26022
12935
28529
15359
17652
2873
4039
91
29675
10413
24922
10380
15294
5286
30849
25088
31453
16497
10541
25043
16090
31976
22987
21682
9652
18611
348
16305
5276
32319
31835
6245
7905
10034
4494
17298
25947
6104
26669
14016
19536
23282
22923
23443
27035
12401
12648
32426
29118
27551
19194
28642
17636
16687
23393
26009
17165
12824
32726
7278
1638
31994
18489
29508
17676
3336
9777
19129
26896
12773
31942
21476
22183
11163
10339
15785
2057
8712
944
13387
12347
1454
19012
32295
2102
5293
17427
10862
2242
19938
7883
3701
22558
17955
21609
14638
21233
25100
24942
7185
3609
2410
15516
24728
5195
24388
31007
19027
22295
11328
13960
30726
27174
13337
4638
12056
22360
25973
13685
24083
15724
10661
9035
21176
8184
26302
11457
22576
17100
1213
30868
16650
32057
25337
22387
19956
6528
29833
23243
7774
3817
3475
5173
3410
2720
4157
5493
18521
8089
16414
2802
16685
27374
22631
1061
22109
14690
19608
17783
9629
15124
29540
6795
14842
32662
17692
825
19544
20292
9381
27813
6985
27927
1256
17341
712
3439
17993
6833
6362
20567
28130
19079
931
6303
14226
31739
13718
25233
32073
16901
7985
23793
2478
2663
5346
32220
1256
22289
14896
5943
8955
19432
24149
26783
31775
5107
24540
28347
27652
30530
20973
21594
8659
17813
10121
15749
30709
12182
6418
8571
6134
7711
28136
31884
6354
16582
22239
14691
3492
31283
3586
29734
4906
21916
19385
25941
2561
9019
2617
22387
23543
3287
18318
25959
24352
5985
17731
12474
6232
25527
1416
22416
12537
15931
22497
9257
11950
19372
4762
22635
18447
29666
31664
11878
10359
29931
3035
29035
22299
27012
5459
26926
32391
11273
1083
19906
22743
32058
4600
13778
14168
9238
24955
31041
27636
28831
28758
10307
27128
2374
26701
10151
22302
27994
31089
22200
24061
29903
25851
16505
11561
15752
3916
3904
1740
21483
15754
16224
4267
28240
4157
27828
21896
1882
23100
809
2403
7490
12963
700
23390
17610
4174
24872
10071
7915
1813
29640
27253
10925
26223
8184
3023
18774
20916
7296
25016
23032
13560
13548
17269
13106
5140
32233
18212
9538
6503
23703
9555
25232
32017
6823
23897
30271
27758
6515
12160
14099
21942
15407
32638
29681
15083
26908
30190
15227
24468
32748
25681
15093
17232
21688
14298
227
17050
22904
4245
29922
14282
3739
32479
26570
1875
29022
8713
18119
21598
12362
31039
18014
28550
9820
28729
1376
4040
880
5734
14870
10512
30765
5642
14387
30248
