20789
15677
3566
29398
5391
3026
10498
22669
11560
11765
22421
4402
26310
7603
1679
7368
14286
23957
27906
23135
842
5059
31515
4421
11338
16650
23293
9091
30345
8221
14735
22546
24011
6546
16182
2004
28494
183
2183
18432
20174
22056
16611
4128
30291
7898
28105
14116
32589
9520
25686
8922
27430
29088
27165
2097
6222
21689
13816
19636
8645
10941
1200
8372
31503
7597
26608
24706
30811
29012
4780
17107
11900
15955
3631
7419
12637
23091
20483
22626
5724
17685
29695
13359
19674
18907
25374
22768
1557
11359
9205
25038
21258
25375
15053
711
4308
11320
5739
24615
11327
31095
17223
24076
32412
5441
20480
18460
5142
24475
24875
25434
22663
11059
3002
17709
13769
30179
2269
30976
21801
4378
27559
15386
23732
14903
6652
1796
29321
1315
20786
20264
12410
18189
13169
31392
16894
21074
7128
3077
4268
24140
426
6771
13239
12449
32474
6578
4260
2688
27563
31933
24235
19130
3256
4969
4365
31104
912
6572
15703
28872
32731
14234
22803
15389
23795
18977
9795
22577
15890
859
17262
8664
2043
17815
10054
20781
989
10943
15670
11012
29816
2922
13902
14195
1627
9784
32388
29707
29314
13540
18583
14888
15683
26075
13101
701
31303
20268
27840
24721
8900
32687
21734
4547
29904
4226
13305
16491
31994
12485
8088
25631
31296
7902
5905
17240
20996
23853
6477
23041
15989
29891
11658
21955
31979
17504
9385
4832
17191
30585
4835
5206
23777
28123
21718
29776
6125
12237
8697
31651
25004
7895
16892
6213
3032
23341
21437
23796
133
2744
22994
16826
18523
1203
6206
3717
30946
32361
22148
30910
9722
6655
28337
14181
31488
25929
16210
25399
25833
15643
24501
4591
22463
19562
13966
3532
27237
11190
22634
17980
17021
24674
1610
24061
17867
8513
31413
11034
14185
4864
14964
6557
13752
25260
24696
13290
8468
24786
2569
21058
16281
27241
22513
4412
22897
19941
16386
31506
30916
10443
2562
3318
27056
30049
16947
31181
12668
7051
21204
9356
12770
30703
4617
2251
2958
31770
27176
10730
24079
28692
30811
30924
27513
2774
5539
13783
1608
7737
26942
18227
14618
30774
12507
18160
2713
30209
24695
30583
31911
26752
14420
12147
5184
29037
17933
12264
11157
9688
24769
4342
5940
27599
19424
25218
22190
5624
11510
12606
18534
12081
5474
27320
13720
14282
13314
15520
19375
3405
30815
17895
25785
24025
22996
20137
31829
12861
23989
24581
31810
2411
9042
12284
28047
1551
12768
8223
18344
11175
24131
2651
16234
82
29974
7590
17291
9074
29271
22891
6270
9130
9092
756
850
30655
29204
32461
9294
9909
13166
5090
18063
26066
19730
2935
323
4813
25634
29203
23947
29470
406
8060
27845
10526
19133
23388
4430
7095
29078
29536
2999
23748
11173
26460
22532
21537
8538
16487
13495
24824
2012
6054
4864
24336
23098
18342
16995
7068
15532
16079
10221
24606
25572
29846
5229
3193
18810
31299
27108
26382
10878
22576
3033
1308
23894
26440
17309
2786
28319
30707
20496
13374
10764
8664
26454
3513
14581
2515
29713
16078
5823
7698
29848
16959
22143
6282
16239
9074
17461
21618
6097
12260
30485
6148
20700
5129
12195
15386
2743
28312
1850
12975
26366
25505
12855
3118
8476
31864
21171
11098
18111
32324
774
1617
5664
15715
24485
25132
10314
31703
14109
16212
17199
11985
4033
10504
29817
3961
25270
7660
10456
13063
18547
7663
3790
19635
7212
20862
23457
30360
30872
12121
19129
13254
23086
17
18135
21677
386
4021
3748
24931
14244
6649
30157
12888
21221
85
28827
19327
28090
8138
9610
25761
4967
11683
2994
22438
4679
21791
1349
24720
26817
14666
21313
21610
12110
29309
27790
22509
99
18873
12651
1026
7627
23350
11091
11416
9703
14552
30955
26891
17454
27644
19264
17577
739
9392
31907
17990
6993
20882
2782
12414
32420
9969
12722
3445
21161
18006
25267
5883
11005
8422
3140
9500
26541
29133
18129
25942
27132
30671
18269
20916
29742
30698
31797
10379
15258
23495
13335
1163
28966
8189
20137
18276
28523
11053
25405
32125
27431
18110
9117
8342
30882
17950
9301
29560
7511
7715
23974
1081
10656
14749
1513
6042
4955
7909
24613
12042
26553
28408
30522
14685
27100
15590
21077
14834
9045
9629
29686
5194
19144
13684
26758
23256
89
24040
531
28227
27102
5542
3333
28364
18481
28789
1905
21731
15054
21627
27883
29527
24446
24613
6626
14024
8277
26788
2148
8137
29975
9596
10804
158
5498
1988
10065
16712
15561
14107
16110
24728
22060
21746
11439
8014
32066
7557
27089
16388
28518
13111
21281
1776
13989
26620
4643
9816
2216
16511
7849
25192
6267
20352
26339
27253
31354
4275
20039
21980
27838
5253
4117
6186
13351
31096
9950
3539
23292
30137
31172
21502
11149
17413
29098
31395
64
15181
8863
21936
14168
31850
27544
7208
12168
30925
27123
23691
11995
12004
18945
2467
3598
3243
7024
13066
8504
9692
12263
29934
4705
29147
6966
22649
22217
27183
10871
20398
8561
25325
10710
20692
19892
4689
22283
28960
26815
13455
9915
24004
21258
31781
17338
24822
2197
15411
24328
32195
12485
20841
9706
1307
10945
15521
12282
26577
31212
24203
12105
29669
3066
20819
31135
762
1728
7325
16413
29982
9121
17745
6294
7043
20436
30984
11843
4588
8020
7555
19237
18872
30843
11091
4830
20074
6249
23324
26497
20269
8599
17697
18890
8053
2597
6904
23325
12922
18823
2634
9319
29079
9017
16798
3439
9714
206
15604
21595
28834
16082
4830
16539
27591
740
10372
19666
13191
16153
11566
28230
32186
28291
22198
5104
8716
2694
20700
17207
2576
1651
24665
13017
28503
18507
24809
23231
6529
3461
4405
31978
9436
4278
23674
6608
17778
26085
20729
13648
28239
13257
16030
14193
32524
22712
32171
22844
2338
30533
25932
16686
31964
9886
6643
24178
24306
12425
14714
18071
10516
28152
18630
2815
6683
26854
19696
959
13044
31184
24402
29109
10232
8426
30167
19100
14603
21584
19978
27174
8081
29095
1651
29360
15828
25162
4486
509
5094
5533
7595
30151
13250
31791
24774
23950
14156
19668
2882
7145
32268
14892
28513
29105
25917
27999
17556
32335
25213
9998
18236
9778
20224
12584
12740
2106
13120
15216
31030
14194
30640
9021
11637
16932
10021
13331
30307
24357
4981
32610
1030
21402
4569
19994
13883
19145
19218
16436
27850
21941
15728
31362
22808
3364
21566
23342
29833
18453
7204
32763
31222
3131
5655
325
5101
9888
26228
24213
15193
26171
15529
30424
28486
203
1634
31689
10014
29913
30557
30906
14240
31027
2564
31050
4450
15755
18456
25503
15686
22483
15193
24399
20335
7328
28878
18586
29841
13184
13776
23080
24752
1624
30848
20468
20028
27290
8668
16789
6875
28351
2852
13765
11391
529
18939
6836
9416
12189
27766
12393
4716
12376
20597
11115
642
32210
16071
19168
21471
15012
14216
25430
20847
17098
20638
22607
25508
10834
28349
2765
13185
27121
14262
28555
31280
21520
3846
10885
23709
11524
2144
28186
20223
2151
10642
25093
1949
15293
24923
8870
3137
15831
15240
23721
2014
20229
16606
2721
25943
16474
7840
31712
26215
24659
10594
9455
14858
14556
3298
23667
4479
2089
15868
4208
11888
4473
3436
15017
908
32588
30906
29395
25659
25244
14042
20964
12104
10558
16245
22701
12402
7796
29486
31419
21432
6548
32638
29916
13173
30211
2508
17144
884
30998
7225
23691
408
1364
29647
26256
14854
30055
23391
10448
11129
6913
30188
6286
14437
17282
4830
28738
29521
28998
19498
5912
27347
1787
19716
1342
30471
9404
10312
21186
30697
16263
9597
14567
2922
12017
26757
19410
25917
14759
20467
26199
18008
29403
21386
2161
31551
7102
1180
7924
18562
16019
23707
3258
4253
5187
28687
10085
824
12809
466
6148
3482
3742
27959
879
1712
30546
32610
1549
21020
28827
12117
8345
16276
26801
31681
17694
2200
1116
22964
8869
7632
21811
27089
18165
549
21355
8532
7174
25205
25469
1459
10408
15585
4485
8790
4315
30737
13565
7778
24998
2523
7188
10447
22268
8550
27193
12397
5823
10445
22858
24645
19401
1797
903
16194
30743
11924
20185
1086
9954
22674
9338
1233
6234
6035
4971
13678
27040
11293
19564
10724
32664
21261
8219
4365
11171
30376
25500
13042
2061
2738
23288
5169
18637
1316
8812
2742
15925
692
6521
7084
28824
23267
24771
24478
16016
11745
9894
32289
8286
5573
16837
23593
11522
9331
24767
2946
22251
4432
13224
30179
26596
2110
1214
15871
17979
27828
14158
10081
8112
1990
27040
32230
9205
29719
29171
12777
6118
8106
17176
26666
30962
122
23537
16686
4719
10185
18221
29901
442
22420
28107
20844
25759
16470
13037
28836
16856
2057
6573
15983
4908
20933
14792
4768
23119
11100
12330
18769
25751
14935
14924
8232
21584
7266
14006
32565
26995
18308
13131
24635
16268
16402
30711
13564
11287
1292
9930
23525
16537
29093
27352
2779
12997
822
13333
7712
21153
26744
17498
2541
3875
8375
2722
15300
21993
20380
20206
28588
8811
11867
21583
9733
1185
7692
14032
9764
10223
18472
26374
11930
29713
28832
6280
10643
17953
10174
26398
6760
10256
29636
29064
18970
26146
8877
16790
13203
10610
27728
29361
15904
29212
16708
14622
29822
6539
8352
21681
7216
26021
6466
4458
5285
18509
24356
20610
391
2032
18680
17167
19691
24189
22859
8927
23622
13378
25457
16228
29951
23071
1646
17066
18492
29021
32051
24623
5381
21502
3899
4544
6333
6288
5271
16134
2339
7393
7271
5699
21147
20568
28098
21956
796
13978
9839
29033
5906
18617
2213
13427
4989
109
25749
17042
7306
9068
13578
23723
1578
4991
7749
18352
27905
7283
6229
8879
10370
25599
12824
1710
18046
16577
32365
10398
3064
28835
18523
24683
11083
31689
17064
8589
29569
7571
1310
10209
4280
13678
17769
2021
27564
22725
15460
13593
2215
12872
9678
31307
16748
32275
15389
16411
13549
3754
6172
18484
29433
27553
7866
11108
19954
5807
773
31161
13196
8076
7111
9295
20841
10071
25713
24171
26659
1044
5811
15035
17625
32339
27847
14733
8740
18843
17132
23080
266
579
31159
32311
2348
26417
18458
29151
16037
20373
22552
14162
512
25716
9350
22159
27965
5531
21582
25603
15578
19979
24155
18175
30096
1176
9517
26953
23417
29025
20363
22120
30819
16725
6269
23974
30961
18054
3135
3013
32183
20871
19656
23538
2676
31630
5370
27517
25488
13827
23550
980
8132
17566
28053
5870
1878
24038
28282
10355
6259
18773
5362
27457
30368
32528
14690
1947
29549
10427
26068
21528
4962
11022
4082
9294
29697
10055
9194
21844
18784
16027
7661
17258
6511
16039
13181
27280
29624
2404
18216
1334
4065
10299
9497
11728
3176
14330
13099
31727
760
10997
2317
31346
5289
31807
4381
15515
21144
1185
20721
26683
11807
3761
1772
32613
3181
2529
24565
1791
26535
12321
24932
21992
20441
15060
11276
27022
24118
26317
14328
2131
25645
18019
30253
1341
18938
10476
24096
26125
15687
4852
21061
23618
20438
32678
19518
13540
11802
31038
30753
22944
28217
22930
18357
8186
23551
20786
28048
3899
12149
6743
22004
27980
14727
26566
4209
13283
7083
23377
7250
18562
26514
20962
31642
14770
17850
6126
20304
13058
22137
22476
14782
25881
8478
26176
23435
1223
8650
25917
380
16500
15790
11337
10763
12343
30433
26230
9189
7276
10794
23116
8854
15318
31062
27656
3196
14560
8851
3954
2024
1709
6363
9706
28303
16176
23511
19505
1761
24356
23809
29882
2785
8841
9045
9359
24511
982
15569
26783
16494
148
6895
4455
6189
10514
20383
7972
946
28991
8231
18828
15609
19121
12080
30670
23480
29908
22022
2034
10488
5825
28422
8078
766
14602
20221
13543
19818
2197
7809
25123
7179
12761
546
1192
6846
26849
30115
16129
17554
9783
5052
27520
6134
17260
30867
5623
30594
14293
3479
16063
7514
4492
23726
2539
6737
20759
32566
20015
23172
27194
15480
18514
27300
4435
20378
28489
8648
30725
24623
454
2035
22722
27533
3032
28979
13854
25294
28424
7309
29017
20936
31630
24292
21934
32001
22159
12783
27414
9393
8138
1617
17478
4182
22180
11008
14051
778
1605
3113
23823
23500
9049
2194
31441
23224
16564
27960
12135
25604
15473
10196
12041
15329
20285
6266
16697
26822
23224
5103
8240
16145
5493
28481
17793
9710
10367
4503
12310
25882
3773
4158
20973
30111
10606
14220
15686
16431
30805
29130
15674
32294
92
18975
14961
10471
17984
9068
20968
29436
22602
4975
29935
30337
20898
25336
12649
23298
21661
23371
2805
9210
9242
6468
17405
17826
4294
27533
20252
16001
29273
14882
26141
29703
26961
10116
19692
4030
5845
3638
27941
28862
4797
746
19030
11339
20981
24908
8205
90
25447
31732
640
699
26955
31408
6385
12549
8025
19071
18784
5128
32205
7306
16464
14261
566
8249
3373
32402
7915
18779
6041
17971
19350
22473
23651
24674
24338
23990
11581
15006
9989
1845
28544
1820
20893
2685
20509
25894
25018
11885
21370
21681
10017
12857
9752
913
17190
3114
4425
15217
1941
18629
10701
29357
13868
24633
8864
14551
10692
12849
27566
10606
4097
28665
18606
22244
24526
8623
25347
32406
420
18688
11341
16185
19957
291
17030
26286
14132
12576
32523
21397
25369
18870
11392
8941
14763
2145
24971
6077
1810
15855
