31245
14331
14699
5535
23172
18871
745
7982
22802
18882
28173
24722
3667
15428
16453
7840
3590
20804
10827
10390
18047
6927
20401
5926
30963
20136
24409
12462
9392
20919
17900
15487
24748
30243
26799
25654
21975
8767
978
23541
25208
30837
13223
14164
12158
11088
30503
8800
31943
22792
28374
5961
11766
4163
17373
9670
18843
17471
13382
15871
3228
27131
12784
9735
6233
29729
27513
17860
31926
27841
28167
12798
19171
28565
1672
23719
18807
78
1430
9747
5131
12721
23541
21939
22815
21316
10017
4538
15874
5734
9311
853
9754
14281
8551
28369
16948
26225
22069
26237
7115
1290
31490
21010
31409
8750
12854
13381
18178
27028
1846
21327
27357
10420
23909
5061
8660
14089
20817
21030
29657
24974
10355
24252
660
19965
15312
19408
9380
12172
15282
9243
4396
6904
14702
28648
19150
7227
30243
30371
5780
2283
7277
23098
27964
19177
935
28869
23412
7514
13205
10729
28133
29268
26257
8252
25149
22074
20065
16752
10343
20402
13679
25494
23209
8958
26325
24171
32135
17694
10336
18261
29963
17724
29185
20263
4033
12404
24215
31973
30587
21558
885
8489
10754
10062
26619
12641
20976
4990
19399
18453
10333
18710
31866
30125
27427
8331
6269
21125
14542
9987
18499
6561
30899
19711
31552
17061
29691
26096
91
12711
5014
23408
12894
3799
2282
20361
22184
3435
4712
1743
1250
21794
18023
25260
7850
27152
20214
24831
15353
6106
9319
8875
16745
8324
9760
25363
10992
1255
21012
13195
10939
28407
14719
29986
20082
21005
31617
15888
15733
29537
23372
12861
11792
20332
8663
24910
11289
6779
14494
22274
27170
32359
3912
3507
5547
6779
11165
6349
17088
24589
29836
4212
19770
6212
28090
11988
553
8440
7370
23225
11032
15322
6181
5525
12590
28786
24899
30428
20702
8854
1078
30195
6299
20216
121
5761
17546
19306
8110
15895
29279
10552
31737
564
3786
24586
22692
22746
17478
6524
3734
23293
5252
21539
25270
30651
5611
31602
23127
30694
21393
19817
24139
14172
18638
7048
7483
16771
21548
22851
10651
29188
5126
28346
5854
13733
9952
16771
25023
15473
6677
23085
23621
9237
17992
13016
24319
32224
14259
5734
16400
9808
12558
18354
19553
14845
25123
21254
11553
25896
12499
27965
32197
4345
63
16074
9797
16948
5992
11275
30678
10530
3850
31924
21194
14267
12581
17788
31014
29974
32162
22622
4917
6693
29653
28325
1183
31120
25957
30017
6634
396
473
23567
11901
15296
66
19204
22942
28303
9840
5269
24476
15157
28193
13065
984
6054
2844
9700
11506
26040
7974
1993
304
32442
19842
5568
6406
14556
15006
24697
817
21429
32038
30015
15479
28505
8761
31271
27412
22235
9587
5006
31332
502
28246
24473
25334
13152
24587
29630
15569
18206
17015
29252
31079
4919
29150
28586
23798
21317
29141
167
30480
6825
25199
30947
31445
16379
24179
4675
27839
15960
5909
4175
6722
7281
29803
19824
5382
11735
12989
22784
17333
12704
13978
26883
19905
26846
975
29599
11256
31090
5559
8423
32389
29074
12299
13035
10478
3481
23921
11495
20433
2035
5043
16010
12975
16597
921
4283
1319
15251
2659
29457
6463
7717
32512
24161
1507
29035
4879
3230
3371
5397
11136
13182
22093
1465
15966
20949
10613
25576
31274
32518
22290
19756
1094
21398
32636
29535
16479
12452
29104
13627
2013
4452
27760
26393
2163
17787
9797
11020
26134
5059
26341
14976
30570
30844
14286
32004
4374
14665
22094
12671
9422
9150
20474
19350
17036
10791
17151
802
29495
7367
13212
15418
17492
1760
17481
14870
3332
14071
10060
28880
10384
9278
32612
27225
28979
16107
5722
2500
973
28925
12572
25875
25385
26128
26395
11108
4459
19681
19345
17512
24807
6893
16584
17024
12274
20222
30134
9567
17195
31623
2389
29621
16182
29247
1330
1782
25378
13434
9950
15233
4681
15627
27216
17819
18453
17246
21061
7164
6558
21670
14923
1138
6529
30625
17628
7427
13834
29791
12672
8323
5900
18561
918
24677
31234
20345
19650
17734
14740
11951
11407
4157
97
16987
21245
25977
11682
5718
31860
8329
30874
16088
26014
21360
18518
3789
25520
29416
20600
20507
30101
32329
12198
9937
15939
32244
30934
23247
14351
177
19310
26833
23132
17597
4089
6627
10936
2176
7933
30056
19545
21741
23559
26499
16565
9413
17773
18547
24043
20470
3485
29538
10860
27678
22758
25529
19469
30471
5456
3861
1536
4432
13375
12824
7990
2980
15881
31590
28937
6294
15712
12437
15130
21018
26097
12134
14340
3778
7363
32323
12557
8556
11601
6749
835
144
19600
8109
5710
32066
20153
28496
24879
17878
17764
16456
25899
24658
26434
12460
26217
18008
19041
26020
9346
27115
27129
19608
24220
17708
18201
9364
20237
11225
19429
27781
22254
1686
12264
342
7663
5956
9434
18354
21553
11339
27110
4397
10040
7843
13037
16106
18216
21523
19039
4356
12220
7189
17420
27765
3526
21752
31387
30125
28114
14963
28713
8689
30272
15086
12249
23452
1028
18566
4912
31285
5823
12451
1479
11909
4468
12523
16341
32051
22607
28527
8711
8815
12180
13636
1236
17617
28090
30572
25486
18742
25320
31840
3592
11650
8900
20290
22248
12645
2710
11512
17847
2052
12534
20658
5780
18451
11294
3850
19660
18551
29421
12025
11702
15675
29205
5135
25255
29834
18958
31458
27118
6737
15349
18902
285
4131
12235
5442
32354
22340
186
31857
23310
5531
23422
15403
4249
7200
9166
20491
7922
13209
24248
4116
29692
27421
22525
26383
25746
11437
8401
32277
17562
25945
31532
30645
29608
21218
20637
15805
6120
5009
7901
24387
30651
10270
29219
16453
6171
1531
9747
15042
21400
4061
11564
29972
12260
28701
11059
2561
8518
6295
2316
29088
14224
2373
27213
9735
6332
8529
27933
8437
20177
5055
1503
47
28071
27127
13023
11668
24456
22454
28310
18622
30221
3500
28157
7515
25939
6844
2701
15402
21484
21557
8542
23965
24206
29838
23410
16641
9197
25420
24146
6486
12844
11786
25056
8176
9886
14634
15699
26793
18293
10627
2228
30046
7069
16941
30948
8231
10204
20243
25893
24126
723
21505
755
4652
13459
15437
11247
91
22360
19576
11065
5419
6144
18828
22270
18670
12159
17967
8913
25388
26867
15822
14865
9167
26518
7232
28246
676
14228
28035
9218
23396
19202
13826
15240
24475
11712
8671
5495
12896
28398
17941
5180
14647
10445
25614
28991
27293
12449
9951
7904
2611
31655
32553
12060
7574
22144
19287
14288
4445
2906
28236
28723
5688
11236
7730
10766
9746
24459
11768
4326
13864
26961
20610
15799
11109
21106
27158
7153
29120
13906
2681
2063
16568
12377
31885
8569
17785
26210
340
30941
2579
12634
2663
18600
17727
12447
25981
23093
10828
28087
16795
13874
21288
7554
28687
14671
17996
32716
10185
18633
17519
5630
12959
13436
10734
20445
26960
7537
27049
25720
17949
10778
14374
7582
1339
15381
1198
22274
16193
24038
24638
8340
27247
7850
2439
29175
11856
4849
20531
3638
8936
18021
30187
23081
26500
4864
10318
3679
23556
25543
5484
23650
2536
18394
9633
12678
255
27364
256
24400
26270
4651
21744
19953
14277
6319
13561
32059
26605
3190
11552
14524
29843
11709
20525
10720
5763
6351
28471
6030
18688
23194
234
6841
23752
23857
18944
5612
21269
9755
8243
4241
23609
18080
8922
8191
25781
1349
26033
20887
8772
3952
13547
23772
20375
12426
30582
5768
12060
21889
16300
32592
19310
27951
1874
26534
31821
30983
18028
14238
11675
26842
23693
28912
14216
5826
11697
4527
32300
13953
11979
27806
23020
22394
16476
817
14444
6109
21554
23482
13793
21234
10050
30813
16025
9948
9790
8647
7878
22157
30174
23188
31198
21283
25836
9545
22164
1884
8095
19156
32682
23023
17611
28346
7787
14228
14181
32113
12292
2430
21568
2692
28189
10093
8740
26112
20727
18515
11048
13369
15471
21064
28179
1445
12205
3834
4703
20223
25941
13436
2745
15053
27294
31820
26490
11703
30684
15858
15704
4621
19112
21350
11580
9007
27171
3777
11304
1203
10106
25177
26502
22107
12862
7248
26359
5059
8793
9518
15592
15068
22634
21996
2894
1859
4494
1432
28689
8014
3294
2043
6496
3722
32296
23005
31677
23717
4132
1910
27579
23789
9821
4146
5340
23644
32016
22462
8611
29795
9536
6388
15973
29831
450
11573
24510
3280
20876
24597
17962
3131
2036
1681
12327
23831
10790
22550
14263
32056
16830
16125
26378
607
8839
15508
32016
25820
16712
8108
2012
2986
28679
4343
10591
3128
2818
26043
24429
14559
26609
24266
21573
6141
27784
8644
5837
32223
22998
7963
19094
23231
15776
11563
17929
30686
18194
22567
4528
23442
1428
11781
25127
4370
14139
14393
2986
5498
21890
32620
19144
27671
2327
3810
22022
31238
17408
27341
26265
22016
131
9750
12358
25225
10596
27119
16324
12306
7080
14064
16485
21700
25850
19221
709
32762
2608
9491
5825
22171
13350
300
29150
19499
32319
21461
31864
22157
28571
1753
14489
24312
25286
13476
4715
19807
23026
13701
877
13696
12296
16551
27548
3711
18851
22586
1473
16063
19555
28141
7645
31592
26834
11704
981
3468
6174
29561
15790
591
30607
12382
32757
20563
15553
6163
4343
4204
18527
17386
6411
15526
25004
11772
5119
20426
31011
19278
22757
8663
5080
26341
13104
22299
23487
2440
27752
27261
23300
3518
8588
17380
761
9318
9880
15353
13880
20867
17422
21143
29922
17861
14696
4120
3353
17121
7518
22333
26279
8962
27311
24031
3524
29214
4470
7502
24164
18794
22195
21656
11529
14929
22666
22237
24032
6222
8180
32049
23041
8931
24574
4429
18409
15418
18567
11916
30880
21604
2974
19901
10663
32319
23953
23917
12139
25907
20695
20329
19860
7403
31386
21411
32135
10078
20727
30133
22865
31073
12484
31797
20963
13890
13254
30692
32754
5386
10986
2113
20065
14360
21433
9172
6497
634
12607
15901
23585
22992
29152
3423
27506
10941
26250
20785
27778
6436
4184
9210
20742
20114
17744
14125
4537
6824
28852
10778
14343
16970
4640
13667
32449
10168
4980
3608
273
20665
28290
19890
2781
1482
24258
15611
27392
13246
32475
32637
22019
15050
10316
25142
27137
16420
11572
26825
28572
259
24127
5755
12330
17991
23677
21214
29863
18767
15181
29070
31813
10675
5959
18745
29898
6503
21983
16037
12942
28665
19713
9527
12866
23237
22856
10865
19439
19387
12937
18873
6527
30367
31433
31971
32325
22208
10037
21350
13691
4564
11058
18859
1325
29384
29399
4247
32706
225
23635
31523
28030
18011
14830
4958
2880
32006
16781
18826
3374
27300
26619
7705
19488
10456
24091
17254
1456
29541
29072
26718
28276
20700
26020
13680
30938
14200
15585
21047
15496
28883
14080
30616
8919
20332
28384
10979
16913
12439
20846
15014
16829
20671
22350
18885
25119
9388
14679
24890
27550
3381
10774
24334
32512
5642
30648
7411
26129
19603
29638
23382
6817
30537
27338
2742
29263
10826
16518
1370
6112
27212
609
26979
13489
549
28727
5581
9598
12221
5826
10036
30420
10279
465
10976
3211
11399
27842
27368
21165
32100
13152
19845
16603
15046
26970
26887
32294
7135
8322
4477
7936
20
30217
21604
26500
2388
31947
15938
19544
6812
29756
23624
28561
31705
22394
22383
20674
9826
15572
8721
6437
13540
22708
18517
13816
7622
2294
24485
32718
26139
22310
11468
24001
15354
3809
13052
17657
3024
17835
10005
13371
8737
6667
26868
31138
24479
3622
19127
24729
2581
23727
892
9641
21814
16832
19386
27238
30947
24152
6191
14691
22614
26168
3036
4317
8941
16938
6864
18347
2220
2851
20370
21174
3719
8745
27030
3964
30240
23394
20606
5882
27156
12394
15595
17112
3518
10941
715
14493
7355
19753
18517
7166
27748
20264
3711
32687
16671
18536
23998
15861
20059
32507
28187
28012
9771
15699
19615
17304
8485
24095
26973
27240
10527
31525
27382
16738
23499
10889
16716
18745
12853
15072
3110
29419
11838
10068
15354
27955
32364
15858
561
20497
29580
31103
30495
1530
12395
8572
4106
27179
5425
29382
5023
31184
19863
4677
10960
25183
26740
14038
14524
31496
2206
29773
27527
9766
32520
24206
28904
19462
748
27284
27555
2553
18849
8950
14780
6893
11750
3935
31421
19997
2664
26889
28263
22658
26542
22466
16741
6785
29350
4940
22962
21221
23277
11069
18593
5143
16523
18098
10823
21411
2212
10305
17192
31601
14607
1426
21188
13442
24992
14190
27971
27470
16649
11265
20914
12272
6650
16151
14625
13325
15917
27661
13539
20523
7081
28470
14186
26023
3913
4532
15408
6781
13192
31507
19059
511
8008
12753
17290
21095
8513
3821
1169
18443
23456
10449
21919
25820
22160
11480
16924
18877
8814
4088
1939
27550
26613
12635
2545
25163
1616
26289
16050
21037
13664
17980
10431
2216
32039
20816
27144
17903
20012
16753
16773
1479
15620
28115
31215
21871
12113
4286
28998
21065
22997
27731
6427
2543
32175
18114
8689
24569
18639
18023
31896
11723
24869
23332
31671
19417
1583
9583
25473
28276
7546
5302
14497
26722
4878
21431
16759
31585
25445
15511
25622
19168
30252
28592
22131
7607
23819
15195
21784
3631
12433
1320
4765
4937
18408
21205
8888
15172
2686
19239
23348
22027
7984
5441
5977
3752
2315
11190
30025
19605
13748
25315
18798
1565
27903
30862
28212
13177
31613
18671
32412
17069
19718
23322
7644
317
26548
29904
2518
16693
30820
20726
27019
17430
26112
5802
32277
12058
29095
15639
24303
6679
18857
10995
14420
30103
2080
10227
27372
8330
30481
23623
28512
3355
1951
32487
9537
13038
21873
1450
22028
14431
27215
16258
9025
17561
6772
29443
10382
26953
27035
7406
8128
21676
18233
26945
15180
27591
17777
4477
1583
20733
18854
3633
17937
25669
32609
2489
8719
15211
13707
1180
31074
6446
13763
8278
12755
717
14259
32450
8924
18486
12032
26956
28995
24994
16024
7402
12714
30806
26946
11252
29533
27765
18564
27209
15385
5741
8294
28353
7794
10177
18945
6013
6557
31700
27850
723
19184
26121
5196
14123
5242
12671
25426
29191
15552
18605
11387
2395
13306
18119
458
8728
7531
2057
1971
17918
5489
4146
22677
10300
17435
31457
14211
9493
15295
15819
19101
17526
23170
30868
29872
20800
8651
23329
31666
21864
10835
21218
7159
14681
6180
6091
4874
25299
23541
20532
23125
27797
4278
337
26383
12366
6118
5990
31021
18886
31324
28572
4762
24576
14437
99
25794
31123
25529
18916
13357
13660
24225
13
20801
4151
12267
24929
16856
20739
9485
20970
26276
17088
14633
11909
10774
18295
30253
13573
3400
635
29091
4668
10523
15002
20929
14388
3114
6173
14408
32074
15514
3072
24291
18168
28571
17101
8412
26018
26776
17793
29574
31284
32513
2897
8222
17573
16480
26415
4159
30460
11807
16997
3561
18571
9854
15529
1725
21204
25812
8569
9919
10720
8283
8250
7318
25458
15542
11587
6653
31802
4657
28125
14991
20399
21707
3689
26891
20936
26090
30405
14305
4847
4848
19203
17204
5834
31068
26476
2682
16681
26278
26413
27998
16159
7806
12712
929
22274
8373
32765
17510
23206
29069
16900
16561
19162
21786
21305
12703
23893
1590
17914
21848
12663
23276
935
25989
14228
15270
3296
7788
5231
24941
20160
18459
29723
1256
31614
8119
14911
30502
27281
32554
28635
24362
2011
9124
27652
13315
403
24050
17561
6537
23281
7544
26904
25342
189
22463
10953
16002
6069
28675
17367
30862
22683
17068
2
4688
31633
7381
17276
27505
15478
23947
27920
2118
32626
20762
32497
14208
270
30243
444
22466
32723
3450
8674
4201
30434
21844
17281
14709
22270
1245
2036
4302
16986
30397
22007
26113
4121
15462
2685
18710
12536
4715
27665
19604
25905
6953
15300
9989
11820
31379
13315
30619
6604
22760
32474
18005
7297
12082
7097
11297
14326
17976
12141
6204
19841
29521
14498
6746
20059
9410
31701
30140
19110
32330
9319
21892
28450
10531
13088
848
21974
23955
1603
8279
26139
6354
3247
21533
24804
1186
21810
7151
16637
16886
27910
21324
24480
31338
19911
10733
30724
24070
3511
24912
5892
17147
2223
10205
12012
23199
16921
30327
9210
12434
3762
32381
14730
537
3662
21190
14001
28165
6338
24018
30462
8318
11409
14426
25049
17922
8523
23820
880
899
3732
10563
28700
30317
10970
26490
5285
27500
25600
30628
2612
21301
16084
23640
31132
6654
30395
30755
10242
27096
7448
10717
17760
15930
26965
12796
31404
20720
7485
20222
29590
26563
13691
22991
3240
8069
24941
17760
11286
8515
16469
11013
11677
21541
19891
23380
28621
5079
2038
26065
9471
23197
9647
20224
28612
3930
28171
32351
28222
21299
27792
4432
13487
13292
24942
23726
9161
23890
19400
16582
26545
16829
30583
6930
31958
20477
25853
16259
4354
23717
24197
14229
24190
6895
26867
25588
30376
18749
4273
28243
7376
28460
9628
13471
28383
1254
15866
9931
30922
1856
7923
28539
22109
30751
6140
19516
31484
17809
14766
27968
18384
4157
14071
9534
31677
20584
27931
13153
10366
23198
8868
11285
27558
17609
20343
31024
18647
7208
24777
29650
28518
11707
14031
3506
31863
7678
9781
21411
20970
7227
26760
28878
1919
158
24281
14761
5342
27976
7766
25867
30198
24105
14761
5263
31404
9894
17707
12209
19984
18351
19070
31927
28217
3491
5540
1773
20730
6717
23646
26020
19588
30537
28713
5606
4252
30123
8845
490
19423
17903
10475
29812
9660
27507
28370
32653
28023
28557
12586
29514
17359
19990
16445
28773
16436
25545
26627
12245
20787
15524
30594
6673
3474
27346
12186
18245
9517
22150
15169
10375
22543
22931
1131
16164
16648
2673
1739
29038
25848
878
17161
29923
19563
9001
13330
19135
9125
21248
32605
393
346
7534
9690
5503
9318
11904
24772
3951
21430
24608
30449
23686
23193
7641
2948
31302
15777
15262
1204
32617
9289
16410
20260
11264
31771
15338
109
31857
2521
1089
5327
2568
5620
27978
9750
11994
29042
19888
24769
26781
18647
9759
26626
30321
8059
21891
119
27953
14855
28360
19502
17645
22152
31101
161
18503
17848
29743
8106
28110
15383
25866
30871
16455
24537
25163
23246
32500
21416
2570
24495
8682
25273
22317
25081
22939
18711
22320
24460
15900
13902
515
1334
4615
535
9847
6130
22148
3100
21940
25376
16783
15259
13640
1444
16753
28469
18795
7919
1047
23944
22478
11369
18203
16531
6387
11824
18364
9450
23344
28749
12413
3079
2530
13192
18670
27540
12798
1750
23745
29401
27779
14125
24120
7221
16077
25879
1460
10774
15751
1128
20936
25180
6570
16199
9464
21279
2570
5692
13587
304
29747
100
6720
14758
22913
7495
22307
1723
6484
20828
29769
5033
12169
2637
30700
32030
22252
12940
4148
2780
29420
23489
18789
2738
4449
18949
16352
21743
12503
11583
31804
15274
28102
21025
7567
18205
25279
15574
7478
15492
5313
12798
12935
14990
25943
26821
4562
32402
17996
5459
8778
16989
6575
31892
20407
28265
30996
32677
9181
26123
8395
235
26063
25340
17407
6375
3614
29419
9806
8029
78
9623
17317
19299
820
12356
9232
9407
12764
30221
16442
1077
29698
7236
25372
7450
2691
7098
3166
25974
23308
11512
6134
7912
10771
24775
12283
23358
22689
16057
31779
20930
5247
27118
4127
5093
24554
32474
20992
14319
18476
19582
28891
19466
17133
30690
31534
15850
32327
10602
7614
24284
19809
11410
9335
5856
16147
31885
397
5753
8080
9230
14448
10536
7064
12509
11102
7162
5126
24931
30813
22656
26661
26329
23675
10152
15537
15494
79
22110
32730
7778
30681
30104
3413
14482
10645
11642
15740
23171
15015
7246
6945
27542
4631
26893
29874
10003
10327
10336
23032
4934
20089
17693
1494
25854
11448
7318
32069
25554
11428
15683
10764
23011
25637
18535
16096
32217
4722
3019
31703
10804
30528
14197
15852
28176
31937
4922
3714
12218
29131
22059
5762
9672
3095
11959
4294
5661
25645
2619
32610
10798
31885
16101
13971
13457
3685
851
2580
29100
26006
30096
4944
13386
5042
558
3555
25964
17943
6040
14794
18282
8390
7378
14108
3916
11091
7965
18466
1935
18574
10508
29674
22307
27052
15441
13457
27759
16624
2935
26167
2423
32565
9618
16839
28742
18624
25409
20984
3144
1400
19369
891
20473
16248
2961
11777
30755
16313
9263
14750
25516
3680
14404
21842
22461
10326
26594
21267
1348
7287
389
7466
29138
20654
21058
19291
16895
17614
26897
9829
30920
15771
13147
18340
1979
19026
26310
14507
17771
28488
29572
12022
24989
5852
29066
814
21734
3580
11162
6137
30690
6565
14879
19936
5630
10955
15026
1178
29623
16991
10152
22034
7982
20457
17844
11692
27596
11492
12315
28878
12639
15721
25626
15075
9928
4798
22340
3945
24422
30307
14552
22659
25378
12267
29643
426
7760
156
9179
21685
8179
6132
11516
28807
17141
1466
4483
19840
5778
9690
23938
23619
16753
15066
32438
27823
28365
4489
19820
15683
5833
28910
1168
31147
32181
18532
7356
5432
10776
25691
13900
12645
10311
2166
14189
10395
20399
11906
5499
26935
29642
14380
28162
14166
6
31420
4700
24796
15078
16679
1704
31992
10128
10318
27555
13825
8828
31925
30807
32008
29312
15903
27756
2254
12096
32145
9592
4303
9081
31392
12033
20603
5169
19673
31940
30288
14890
23416
1037
12322
24115
16470
2492
9444
8345
30356
2533
23822
28456
28557
4038
22029
12437
1283
21543
14006
9217
24858
16048
7534
10239
11468
4692
6806
2694
24043
14349
12041
17342
17392
18026
22971
17263
7515
5118
24555
8687
11429
25887
4211
6601
9925
11066
31224
5710
15839
311
21549
21892
24495
5029
9966
5786
10359
6366
32611
29993
4051
1657
23714
27435
30562
31539
6188
6727
26010
20891
9340
5047
19135
28643
13308
17326
24134
9057
28704
2454
5423
12858
19820
32315
3713
12449
25932
23385
5742
7400
6833
8176
3312
4211
9468
21832
21747
30100
4465
28665
31329
10505
24943
18878
2178
1471
29135
20482
29890
12092
30206
5154
28821
24364
1170
31085
15253
24684
28242
15959
26880
30740
29928
2121
13850
17437
14293
20807
24120
24395
21872
11727
21260
20930
19105
17953
23120
25635
10704
1400
13396
22937
13307
9304
12929
2438
6347
18505
22603
19181
18110
179
25616
5491
31598
25409
12739
28802
11169
31049
3364
30844
23823
11605
30403
8130
11516
5975
25631
15691
30724
1088
19451
27849
26216
21532
12413
13999
24269
16577
19464
18554
18888
17111
26491
21222
27425
24784
25859
20328
19308
8775
11989
13286
19576
28806
1474
24338
21417
12589
13546
23925
28871
356
8943
17204
26233
16900
1276
25951
22127
26173
1219
26049
227
29089
23242
7420
16116
19767
11113
6368
32272
5325
1938
29012
21824
9814
31310
13989
13523
25310
3552
29645
16631
1856
16362
30106
1381
3184
1977
1374
17964
11273
25231
23929
3077
7080
19425
24941
22758
384
18089
7902
28679
25385
26807
2566
1840
25677
11686
4379
31670
2831
806
24358
1918
908
2849
22408
20600
26355
9101
15044
17048
20898
27764
26026
16777
17678
22479
4079
3701
3366
22982
22804
29917
22183
31472
9648
10748
18119
29966
17331
5394
28786
5467
17534
32639
14259
9074
28934
15017
7903
31968
32107
6969
29473
24733
4065
22687
11147
3719
8598
3258
11427
18235
3334
2422
19492
5928
21473
31793
17481
13893
1090
8173
28784
29915
366
23137
12586
11268
16172
31182
27883
21778
11222
7602
31776
20411
30690
15021
17193
8432
26496
16647
8818
1219
7121
27060
6172
23699
14838
2953
16944
19617
24368
12148
22422
29308
13196
9817
5781
1651
11836
15895
24224
19087
23474
19963
14557
25662
16595
31057
18399
4538
8260
8763
26201
1797
28336
13472
29406
8226
5054
11801
7913
1823
16509
9772
22352
3687
26170
30529
3694
21372
10262
17334
24507
13384
4174
7942
28873
31359
3591
27675
28212
21663
9647
16560
3572
29576
10379
19678
24988
9468
13154
10307
29251
2338
4922
6005
24178
484
16828
6148
18049
4315
13711
28902
32366
18352
27777
27020
4607
11797
271
825
14890
2973
14222
1926
12582
3246
21849
28824
21567
4907
21925
10892
6538
3119
25639
27724
25359
28295
10434
24733
15878
2606
14314
15649
4867
28666
14944
24075
2547
11151
9899
23276
8396
15490
24228
23993
7126
18606
28555
32421
19100
3116
10277
6669
15669
21652
20234
8809
386
25793
7179
3722
972
19049
13567
28940
27640
18407
519
26461
13996
22576
25470
19113
14516
29267
24249
9825
30993
5351
20187
120
23685
29813
19350
24271
26404
27509
10096
25259
14922
20571
29582
21619
30552
17416
18520
30706
1570
25341
8112
12065
6681
16638
5403
19099
17136
4741
9559
10677
18150
15843
9317
24229
22158
989
3334
12088
21936
22317
10369
22618
24106
6435
32404
18793
9535
14024
27785
9599
32173
23407
23211
15306
10837
3408
19409
21737
30056
3350
14241
11615
25347
8791
10340
11710
22277
1170
22411
1525
16868
4821
10415
25640
21449
404
16345
32619
12420
544
25273
30581
7714
11472
3105
16676
6898
23593
10952
2315
25546
12609
30407
6026
28691
30499
25231
5565
12021
18818
28017
3690
31077
2541
30302
18186
13599
24253
26977
4981
22500
15215
11008
2051
10750
11871
25749
19237
6345
26807
29952
2452
3794
8501
27958
28467
21255
32051
684
30967
32314
27690
1900
31066
729
15839
13531
10659
20636
25542
32517
28441
26363
28334
25285
21783
23945
16540
8606
25868
26014
9558
10218
30753
6015
19622
20789
32590
4934
13229
4587
26519
29285
14739
27974
2593
20273
24184
10823
12963
18877
15180
8132
26734
11749
13027
3181
14136
19407
31652
27958
32137
28425
21133
26936
6447
14537
16380
7350
26978
2492
22826
32349
17516
7696
30701
28434
27096
20581
24904
16527
8922
8915
16077
30440
22651
11197
21809
11403
17737
16575
24731
23189
24356
15375
25340
2036
2143
4925
5927
8922
1289
19715
28807
27154
27481
9876
32392
14558
14536
21528
10336
23869
7847
5975
29686
11721
7008
21246
24821
134
9819
30460
6789
10565
27296
1717
26812
6047
11696
31717
8961
2658
13993
13722
1205
20525
18772
13029
27913
17967
31312
19619
2482
29850
16792
17870
8227
15086
10369
28358
8891
30005
16113
10168
25383
24613
10200
17400
13421
5998
3033
13161
24974
25617
12908
11562
14366
895
19867
1867
23828
12835
3865
8276
13291
9079
28328
814
13486
30224
26413
3288
26927
16252
17344
30896
17716
12644
28905
17889
4494
23096
21939
10466
11682
23089
5226
1120
23076
23999
2296
12221
10981
21421
251
1935
7898
20698
6454
30457
31579
19443
7565
2431
8174
8747
16385
1332
1606
31106
10775
16823
10544
18947
4749
20847
21085
28778
21814
16449
22952
20307
20558
5710
30003
28937
7766
21242
17480
5643
28778
19289
10078
28477
3579
22621
11242
31162
31504
7028
16508
10086
30421
26401
23253
15354
9639
27187
28232
12788
10255
17855
3600
4468
2773
27058
5723
8457
22016
16789
5181
11298
26019
12972
11332
15548
22924
2355
2385
31625
15366
9927
8943
26891
26596
26823
9841
7939
10539
30496
6511
24994
22625
14059
30680
9385
7801
19120
5792
842
5161
18650
20952
18321
3879
503
12432
7701
31497
6561
21233
24325
28197
24488
30444
8386
4688
3144
14008
3065
18543
13733
12361
11407
22069
29052
10204
15545
25304
19404
12552
8897
31009
28992
24460
29429
15557
21283
15935
17011
12476
8119
14861
23233
17259
23140
29973
29431
29980
15655
5939
21882
28105
16669
25652
11540
8173
17946
6644
380
6031
30844
22397
15482
6806
9006
2887
5589
10306
5158
6608
7177
26413
29053
32266
30478
12450
31074
10142
16886
16162
16589
9521
20132
15843
26441
26171
26283
11366
13088
2408
7479
8959
21430
11785
13522
29985
17495
31001
29354
30999
12174
21473
29430
12110
16937
22980
26863
4563
12084
22537
12099
32151
18768
6526
9490
28799
13011
21207
13894
30482
3069
15290
18454
17562
3942
25491
29280
18989
4198
4522
27869
4947
26045
138
19345
6207
16720
4229
21213
9092
2907
18139
8739
4271
278
24101
2111
29032
12226
21053
14030
8516
12133
1707
30019
11556
30873
10582
14915
16067
9435
773
8274
30200
29152
30646
15069
24103
839
30836
1429
7911
11790
29525
9856
20838
30620
21305
12483
13040
10033
30596
8041
24563
30826
13305
12488
32625
11021
18249
29041
8578
9993
10824
26065
3965
14817
17873
20740
3235
15716
12912
10927
24643
9080
4126
7193
8770
731
6507
1497
32682
15681
9896
22356
15037
8970
1176
31556
20992
7054
32239
21251
27290
26085
17145
16793
25105
16989
17122
11507
8462
15771
17465
32063
5016
2293
18174
12576
28721
13212
31927
22756
3318
19231
13666
14048
29535
13030
25727
16300
9400
25586
1402
13996
17852
7828
32673
9369
18221
1732
7612
21009
11070
1539
13758
17839
18247
28589
15954
25544
26292
946
8238
4581
4079
1909
22447
3030
28779
18430
29886
25668
3249
5889
29639
9275
7064
14412
10546
28600
9623
2619
17010
31463
31386
14756
18294
19505
5143
31865
24462
19301
32169
8662
10261
15210
30900
6965
16257
22094
2600
16695
11201
21640
3327
10946
11259
30495
14893
3912
26900
26249
1142
31609
7899
12152
3969
13910
31183
24482
4015
10290
20273
9759
19289
6639
7949
24896
17875
5974
27748
30893
10062
19556
18721
28049
348
24138
13000
6376
11372
1064
21779
8672
13147
19479
26683
10458
5707
13569
1824
11226
25109
28021
25892
14041
31491
27188
11360
25718
26451
12469
11668
6986
2856
14459
17750
1097
4709
22165
29176
29303
19995
31389
19026
13564
17815
5505
24863
11186
10892
21690
22028
15220
3074
16307
12286
10965
20595
6181
26330
23188
8119
18554
28817
1060
13550
22849
23498
6248
10582
25223
3960
6478
20180
23586
4031
30231
20175
10393
22866
3688
15742
21543
22080
15113
18826
26215
11913
8042
31792
23487
4608
9316
14450
13799
14909
14856
22208
12269
18088
2951
15716
24271
20491
19493
22379
6052
2064
29291
20212
32428
12807
27905
29835
14284
797
29118
13697
22046
6533
5333
27903
25270
7264
25812
20964
18524
8489
7084
29925
6338
7878
29911
26041
22059
5399
23337
15906
3895
4182
25829
27212
11210
9416
15984
16722
9745
7271
30502
368
3322
12212
514
19336
15523
23229
17659
6933
6049
31588
25125
18675
3957
18023
22008
10037
29130
23953
30840
8507
11724
31753
25767
18972
26025
12200
7605
2652
19024
9949
3537
6114
26345
10548
6696
17326
2276
32199
30606
12499
26806
28653
371
16272
20919
6921
18272
17694
11365
5635
8724
1004
10192
4670
5329
28392
31138
5144
9789
21771
19893
7526
9479
6082
12634
20404
25552
22767
13796
30610
32546
26255
22362
28013
1356
25213
26109
31285
10269
20428
17034
25494
25468
1853
7204
9675
25802
30346
24582
11395
25669
25471
1162
13254
22184
6744
25185
15991
26274
30109
2217
10739
22387
5407
9177
27415
20223
9756
1371
26700
4412
3071
10392
23163
857
13169
10070
9112
13549
19154
12684
6996
30601
4454
30403
10381
13586
28079
14346
3638
12548
7225
15177
11351
5766
11508
21018
26067
14509
19046
19628
32243
16997
28174
23642
2853
9580
22060
15744
30980
28620
21822
20958
6342
5448
10168
8974
14751
29542
21920
23940
16110
25530
8575
21935
9373
22522
30976
9647
12524
17574
10491
29765
25402
17274
967
18242
8106
1622
5759
27570
18519
29722
9119
17586
19973
9480
29127
18340
19239
1758
32106
26036
13537
12688
5391
19555
13105
9803
31631
3250
23268
22340
15977
12511
10181
6936
24512
16196
27324
2639
4879
14817
31806
30609
5378
30231
21248
31672
19264
11900
22940
3637
27899
11858
7597
10406
26467
6911
19329
32308
10472
5550
19035
2478
7961
20375
24700
6079
31202
28715
719
1357
10143
15473
6982
30629
5175
32025
10487
10092
17166
21283
8996
17319
30548
20987
2810
17788
2378
30561
32355
28514
19825
31003
8499
25729
11679
4698
19558
23025
2776
29680
13074
10195
30083
24595
7861
16817
10490
18828
19977
7051
19673
5970
27107
18660
5352
12721
26125
6604
9878
27050
3298
21944
9495
28487
18866
28682
17039
14988
29933
29179
23780
25199
4229
556
24157
2650
21778
24105
19452
8514
17848
7717
30178
5037
28996
11843
5787
29360
22084
23674
26604
13166
30819
8199
4666
994
25996
25861
16874
30671
6998
3618
14062
28563
20336
31544
32442
16291
8576
20850
8783
703
1240
19648
23318
29996
1169
32023
19387
12762
32382
1043
24875
16525
28208
21883
9597
3334
25089
14303
15660
22370
14067
17041
5600
24751
20483
20200
30250
29482
261
2678
19719
4942
29813
15702
5815
20903
957
28610
3713
6934
6300
16756
10189
31624
2644
8378
1514
1491
27495
7356
29579
16276
16206
24691
5913
9395
26691
637
32224
11945
8107
4564
30865
26995
25389
7156
777
23796
29351
22895
30863
6796
23002
12032
1028
13276
4197
18672
24114
9718
22197
15865
9890
28389
1644
25201
27721
29262
20270
27407
25280
12557
9893
12789
11799
2888
31834
22902
11605
5852
20321
11299
20044
27801
25395
10921
25752
2654
31802
12171
4384
13888
14706
25297
7651
28907
14877
29999
10097
27718
18214
12820
25237
466
22018
16897
2921
26456
29101
11085
2049
2487
21940
23733
18941
27201
543
25770
6453
732
10575
23136
18083
26802
2445
4233
22666
3466
14836
21348
13323
4864
16550
19447
32214
12160
19442
29074
28536
3557
52
27544
24901
6796
13331
8622
22319
26504
29640
29794
18814
2166
7210
5946
8061
30552
13404
24278
21023
29382
22851
1559
10172
798
28195
19936
3377
6406
17162
21878
5862
29833
8160
4719
21794
7434
31830
8423
7995
17315
12837
10877
22533
30934
1816
21260
26062
30173
21885
20018
10871
2621
4716
12425
29875
14988
16539
24184
6065
1764
27794
4366
29186
9586
29408
11667
10487
26875
9234
10883
30343
15804
16073
13842
26873
26099
26138
18373
20167
32484
29401
26697
2571
16717
20558
24594
28901
25658
9115
18524
11661
5523
17712
27650
20260
8324
20046
21079
10772
12168
6590
32086
24209
24227
2198
187
5379
1360
23981
18975
3350
16162
2869
24631
27457
1760
20566
9872
31010
22462
12509
23978
29547
15245
28669
29241
19426
11228
4895
19030
25518
23707
22893
27151
10779
29713
31713
219
30235
1681
10262
8661
1490
13496
12128
26789
22359
3514
27897
7747
30018
8533
5010
25140
25602
25906
16471
19426
24066
7460
8743
32380
20369
4292
20558
27061
9561
7479
32092
28167
11488
25663
7334
7828
2464
29374
23302
31685
18648
28195
20936
14285
11472
27516
15136
25444
15964
18172
18795
27954
24264
22782
28853
12355
17453
16448
9281
22976
8558
17073
12169
13820
10317
7043
1353
24443
30090
6033
23864
2773
3238
3321
8327
20087
23303
27680
13038
23817
9595
32740
26318
19790
21782
31852
2578
3123
11564
255
3573
124
8548
3075
11120
19510
23657
7690
20254
29121
578
13132
19037
25251
26332
24564
21041
25614
27162
13590
16173
12081
22837
12382
3376
32629
5407
22353
20973
1525
7295
30200
22244
25719
27090
9048
23949
16059
13790
26084
11966
5965
31911
22770
32053
25059
6908
20944
4689
30184
25664
8483
30588
14530
16406
30263
8627
26544
21095
3387
14995
25031
5481
1839
1633
29457
15893
15492
10629
7541
68
9450
26519
8542
15834
25799
31354
30211
7317
27923
6342
9781
2968
30532
19644
25745
1751
31264
3693
19660
11253
310
22061
12353
10
7763
11564
27846
26045
9108
22607
23948
21452
25720
27419
13317
13552
25414
6989
1295
28484
18491
26504
4049
6556
20615
1458
25559
28395
27609
10120
28463
29609
18675
23441
6073
7805
6860
24004
32302
30616
30967
23660
32667
18933
31906
16231
15996
30733
18717
1965
1842
31922
1014
11856
27656
6825
26259
864
2664
5172
7818
23292
19706
24890
5012
5583
15619
32387
31344
18921
30188
19437
11795
25507
27809
26473
4756
312
17700
20363
19706
3751
25767
27209
1046
10434
13265
20004
23909
31988
22126
14323
29155
357
13772
10308
3779
2021
22549
1560
29501
25356
15367
5488
25840
19870
16195
10868
3469
31688
24029
827
11997
2137
10867
27703
11788
28314
30
32211
23050
1139
25801
14113
2606
8793
30188
17681
17147
30606
22172
8785
6344
427
18541
21181
1695
7708
29058
1278
19494
23201
24983
15899
7578
15784
10063
17871
29099
913
31990
14910
12063
25622
1121
30525
26235
10062
13110
22449
1701
13226
7837
12054
29888
22541
30511
19708
22695
22057
25002
3104
28640
14876
16371
29591
12353
15537
31858
15177
24888
7095
2638
553
23826
11951
15099
14573
8485
21565
24643
22852
10467
24306
2677
7303
23183
30640
28103
25658
18453
14920
1075
19558
30635
27552
17743
18820
26603
11306
16341
6550
6913
30522
30753
24016
28455
15840
29340
14730
1608
22381
28784
17972
20478
7588
16115
21850
18301
2277
6327
12033
21436
23968
31110
23237
15511
11374
22155
22309
12194
20592
31576
32646
27080
23422
275
29030
10805
2366
8809
30861
2065
77
15681
16586
29051
24811
29563
14678
22733
462
27595
406
9862
27117
10659
28136
5989
12290
12476
17703
9238
30891
4250
24344
7556
14064
23836
15251
7673
30441
23441
2169
20292
23884
30158
25355
9743
22123
17505
19988
25625
14708
14767
25222
17166
24514
21144
30789
27906
27356
11097
17785
7602
27134
4870
4938
25020
10155
1019
24624
18860
10314
6966
29607
2998
29012
15060
29959
22599
17734
23235
26482
4480
605
569
24385
7094
4473
9334
8091
30210
32567
26175
28515
19586
24324
23664
932
2585
30977
28334
16067
12970
5223
27162
12120
25324
9674
5351
9941
13550
11545
10410
31906
11134
7050
24564
3163
15226
4421
30002
4154
17638
27988
24842
1415
20888
23744
10992
12216
10160
20705
6149
26857
10059
25942
26206
19478
5488
25470
30800
23207
1359
8333
22411
21518
3645
22721
29494
25264
15921
9743
15171
4157
6966
2907
24310
226
865
9554
31846
4566
9169
2095
18151
15549
25755
30719
15703
16575
7357
13289
15025
27284
16831
31003
11835
1415
7378
15308
10489
19744
14846
15738
11050
19175
26577
16607
27329
13094
22555
3539
12738
10114
12451
3752
21108
7642
32710
31987
25263
16084
10723
20657
11837
22182
10558
19475
19201
30466
26269
21060
32510
32480
20855
13721
941
13077
8782
7785
6602
22725
10656
6746
17769
2681
20462
9479
22418
22985
56
16751
10392
21813
16121
8089
8261
27320
30435
16199
12472
17176
3135
25374
16012
22668
10132
30528
1619
25946
16362
2512
20748
27688
25691
26836
19864
32308
18861
31187
14789
16262
18354
18105
29820
7921
7288
14672
18427
10253
22550
32639
15581
4748
30023
22598
7552
1451
11511
20033
25408
18918
25994
19726
14277
9195
13706
25441
3966
5309
10455
11760
19551
11006
2249
9630
21995
3256
20518
11761
12414
26707
26367
4026
24725
27060
6904
9679
5671
32204
22465
7878
30961
15730
18514
9424
30299
24999
5188
9312
25775
13537
632
27980
10918
9185
16713
30335
18259
28512
27227
3260
18341
656
32449
4270
10711
7836
23080
3165
20442
17639
12313
5285
31070
14471
22107
26479
30850
32217
26691
13221
18375
603
15212
23415
20264
6834
17399
10023
6814
30516
13797
27673
28404
917
2460
17089
16428
3001
13686
8750
29627
8862
5331
20192
27426
32490
29298
8979
13754
10943
26505
11776
16005
28007
4387
29731
7328
2544
15393
14026
15786
14849
13954
10546
5151
30857
6771
25811
29413
11705
7078
16621
7312
3122
24627
16762
11583
23452
1031
22914
29813
7639
13163
31225
32036
6029
13695
1915
28853
10855
5049
15731
4552
8661
2067
3239
7714
216
5738
16493
24746
16134
8970
29494
6060
4154
25045
10549
25052
26479
19173
23242
8389
25806
13464
20697
23364
10779
10313
2906
31661
24304
31070
12548
24384
6195
31345
20195
7995
692
21532
3318
18670
2665
9857
25009
22998
32057
8954
15302
8465
980
22241
19501
14146
12581
8602
24041
9908
28376
24898
14584
23676
28658
19195
9669
18535
13557
26841
15876
6939
8299
31835
25074
32041
17130
223
12707
20377
292
4517
28777
31902
5872
14471
3451
18479
24241
3146
8040
29641
13624
7260
12971
28630
30375
19124
5865
17852
2753
19288
6217
2443
13542
26088
22259
19712
24915
6324
26306
14348
29990
28201
7323
32186
577
10706
10230
20892
29956
9543
23705
10932
31887
2685
16801
6055
16625
2104
9359
9178
11765
13208
23216
20359
12343
26400
9496
18794
25397
13593
31875
14852
27097
15690
8104
10121
15464
29507
3687
24321
11660
169
31516
23940
10739
32163
2937
21824
23037
30267
536
19913
9684
21208
30942
21659
29846
19287
11515
13480
7011
8979
3212
29563
26371
11402
18384
26520
17421
24735
15152
19617
15864
14504
4444
20693
9351
27046
11114
14182
20885
16872
15482
13873
14293
15772
20927
17507
17047
14343
22290
10588
8176
19725
5246
29342
672
23579
17179
9969
32626
8324
14510
31948
32434
20693
18003
9962
1850
15431
16241
960
13065
1166
22113
16848
22366
4235
29745
12223
19302
27791
3026
25061
30230
29955
22844
14507
4123
1789
17485
30252
23628
7622
8511
8612
29268
15237
5325
17611
16217
27942
30064
24517
17044
860
15613
16634
30609
25262
14988
12952
15668
22771
7935
21525
17613
25339
9789
30319
12936
3627
24243
303
21531
3401
19203
16964
28464
29207
2731
24288
24835
2657
6101
18579
12355
32159
25331
27067
12145
6377
6376
11332
22219
8394
8584
26582
18255
19903
29885
30233
8166
10329
1895
26493
3330
5734
32676
28677
24593
8193
15061
9051
20316
846
29435
7999
15409
29804
29586
17833
21016
4576
439
29956
7631
6840
23499
28492
8
7140
21259
31563
15780
27407
24788
6450
13813
14898
19119
13501
27342
1053
31045
27066
24479
30283
14242
29507
8350
20192
7056
29133
31921
26700
15495
12162
26434
26970
13383
7378
10110
19271
18635
6903
18814
27743
7908
9074
12694
27096
15337
15880
21963
28861
24013
12702
18430
23286
2663
25105
13528
20276
13298
14201
24190
524
20459
26912
16306
30146
31272
32612
6640
30767
463
5115
9545
17948
29064
6340
29725
21811
21940
4427
30817
16962
15091
30239
5901
22372
1994
11712
13681
24090
3767
27902
27170
23229
12675
21659
31824
29329
29760
21169
13186
13682
26260
32212
21110
5281
23258
839
24644
27310
170
19581
10887
9691
1180
8144
5303
10052
31188
17857
14994
11750
14369
20138
18288
14537
9600
32040
31202
16792
4981
2267
14000
6776
21304
3216
31457
10193
31603
13899
6104
23119
25902
13569
12917
30964
31650
16564
19360
19557
13748
388
30880
9759
184
29027
18827
13206
18850
12118
29853
22542
11521
21749
11025
27360
2410
29298
16696
7614
2810
7600
25289
23135
1915
15609
16157
30479
6292
2469
22686
32567
1344
15951
19282
9624
9041
8747
836
25798
30304
24382
21287
4767
25561
17584
7657
6028
20193
1903
26611
9961
30208
17229
19750
17783
14118
16561
22526
28618
30182
27557
25363
18534
21593
19289
3665
15419
24874
9110
19213
23472
22970
519
1723
16495
14665
31601
4206
10874
29015
24974
20819
3911
16116
9619
5246
10780
25581
1046
23648
7131
5460
17879
31694
24841
22305
17987
9102
7027
7996
10419
16102
3441
15936
6783
13059
28455
31414
21780
30530
18319
142
25436
5444
23934
21209
17672
15380
16753
31587
2106
28078
8614
22893
12913
25290
17060
11734
29448
1288
8605
1547
13899
31864
21070
9205
1053
30227
11318
24606
9289
16703
9220
18213
9599
29697
10353
24429
25980
28922
26161
23731
25736
28160
26580
32405
12324
16147
15365
1440
23369
23839
32533
1320
32217
24526
16890
6275
19223
29222
28876
15756
3534
7445
29776
6167
20969
6383
17924
22568
13607
350
10296
30383
24755
22965
32571
16259
25374
11398
21447
2578
9278
7047
25327
24053
11341
7278
11895
28459
20613
17761
18625
15825
181
2512
32092
7511
28942
10040
10859
28172
29523
15518
19503
3649
10815
29093
17316
26407
28774
10938
31812
28065
23599
2001
951
8213
6929
675
15545
13038
3432
23997
19022
17816
4267
7235
32187
15660
18524
583
1829
3084
24947
10658
6222
22432
13649
16901
571
2942
10253
21660
20442
961
6276
20783
18058
25245
22826
20962
14814
28506
17116
20694
4121
32724
31821
10023
27283
32336
32059
30123
9132
6494
5477
13123
8608
1898
5928
23373
18574
16364
27252
6603
7883
1708
3203
15521
25508
28770
1842
21687
30371
32014
25604
16785
18352
32680
22196
19072
31078
14131
7599
13752
29479
11548
17272
25571
12540
29980
29453
15691
29495
29450
16201
25935
16602
3922
5929
4662
19054
1321
27103
12111
6153
6870
14659
12998
10921
6556
8634
21490
15324
13723
623
13714
5846
22692
24961
8377
29462
25906
12604
9906
17376
10462
1209
321
3619
10043
3205
30598
7768
23089
19024
254
7158
25046
28871
4159
20243
20020
31649
1098
15816
1471
21675
26894
27471
14432
17685
13187
25735
25336
28724
6333
1299
27184
17961
3218
110
13172
16505
2074
3204
28454
22703
26764
25009
22710
4884
15461
32206
30085
2674
22623
18508
29556
1201
27977
4234
31007
15945
13232
25211
6115
10465
16820
9229
31888
26979
28570
26928
13021
5346
12197
4908
28868
9320
27055
28438
9885
13516
31738
23192
21258
2940
22300
8145
1769
10210
12281
26744
880
10358
4517
18217
13923
7276
22740
7604
3179
24829
1467
20168
2288
13876
6754
24036
15663
31081
17265
151
4004
6638
27204
4748
16722
28940
17782
25022
19462
9190
11015
21709
10204
1087
24013
28410
9316
16118
12184
9999
26387
27680
9805
1622
27014
10793
15011
181
25595
32216
18602
8294
4218
24774
120
31485
9580
7923
1745
18575
3505
20558
27745
28408
17668
11592
10566
22851
31995
26521
30146
15222
15502
14172
23949
13220
23761
28826
3914
9477
1296
27822
2214
14540
3745
21268
13131
29541
24568
1686
10692
642
31106
29053
26762
31588
10860
23827
7580
12210
30646
24245
6682
5087
18226
7456
9
12856
24915
5756
2305
22359
23536
26129
26437
1439
2670
19067
9949
18886
21575
11660
5138
7548
21455
23520
965
16823
2424
23951
20340
375
240
11771
19255
1980
1063
9613
9246
4375
1902
26587
585
8166
11009
26309
26388
12680
23030
15335
23183
3690
19715
29728
25240
15143
31960
30293
26221
7927
25143
26236
2878
25171
32359
17324
8101
6809
21045
8956
27763
7186
28117
5858
25661
4484
13611
32406
23791
6119
1800
2799
24450
26925
21660
3398
6508
17189
27480
28832
13626
22903
25431
23721
19380
12208
16477
2255
9448
31023
14845
1316
13330
25029
14454
23651
4646
26354
11736
25388
19597
20833
28272
8028
28026
11468
3132
28842
16487
10115
23014
24902
27435
5931
17552
28112
24757
12879
19187
19916
8630
31975
12199
28141
25245
2218
15433
3429
734
31149
29359
19824
12149
16017
23932
14914
6748
12736
26634
10118
939
1274
32374
2426
19968
25951
6370
11145
210
19329
14839
26305
11222
13756
1459
10105
1405
2810
4165
23399
28
27301
32063
30720
23670
23148
26923
30455
19449
8813
29101
1281
13845
16135
5593
10577
21401
7214
13987
4891
15664
61
30786
8412
30171
7153
1490
23321
23014
26601
19061
21957
11103
12309
313
30409
3524
20120
13465
26999
7228
28240
24904
32490
6678
23680
12228
16317
19596
11817
4062
28057
6882
19076
10588
26359
32089
466
10428
4192
28669
19901
22085
9497
3138
19023
26596
13607
13041
32079
12286
21744
26929
15232
14149
19940
14543
14658
2072
22558
20363
11463
19708
25440
29545
30415
19752
22760
31492
18680
3122
21573
32571
9179
26012
22370
16109
13014
95
3052
25051
27220
1176
10498
5934
27949
15723
14714
15541
4366
1823
14924
1642
15198
1270
15853
20575
3540
21861
23760
11386
13410
30638
21830
12294
10134
3090
1534
10608
10166
10899
27369
22664
10508
31732
23572
972
5897
26886
25903
6780
8930
30422
9810
2274
10209
30719
10868
20509
26700
26069
18923
30515
32606
28388
14503
22844
1643
30629
27426
21219
9172
24138
31649
15905
22157
9720
4823
20456
6681
11167
4756
12430
2955
2967
6788
14443
12186
15288
1578
19491
29384
11283
20508
23123
8723
16130
4113
7074
9004
15699
31005
1053
30543
4285
16193
19398
24664
10473
14666
2616
19064
573
10634
30491
21328
12103
16158
32216
12430
5669
8067
5063
30655
7445
3918
19907
14188
6605
12202
21392
8598
20927
15449
21634
8604
25743
10131
24382
9476
9299
12676
18812
1051
10565
6683
12415
16059
10926
19876
18517
28907
7604
23527
23562
2248
8116
31713
30307
23053
25647
254
19215
11344
5759
24196
3465
24327
21144
31364
23006
2554
27337
32144
32764
14153
3352
4241
18585
2541
21546
13391
20719
5959
17343
20973
3367
17482
1208
20725
16117
24589
16453
12630
1769
24838
1272
15909
25703
15501
22605
10818
19119
31321
21066
19163
16969
8523
24309
25533
20985
3024
10040
2953
16975
25281
14922
22121
11596
17577
5519
5612
8117
7739
13663
30456
606
2247
2175
7741
17187
12756
3305
22749
12502
25354
10556
24886
2986
28156
28922
8646
30859
27151
5091
11567
11021
5139
14564
19583
9774
9726
27862
4792
17145
4371
31728
19146
17379
31018
24610
1726
11326
17410
3004
14285
6956
23774
18433
28694
30320
29149
30598
15283
27007
30639
23289
19535
27304
27709
2285
32312
31952
17936
735
32654
31315
28714
11897
3207
28518
31985
22490
5449
23076
12669
19852
26492
5154
26103
14277
8620
25560
2805
15629
13731
32209
9375
5028
18866
11651
943
3081
19262
22182
6444
21861
30643
22915
25264
5143
11866
3629
8985
25116
17258
1347
15029
24799
20151
15914
28428
16464
21418
19127
28000
19984
26767
22976
1846
30975
2435
7583
24867
8990
18159
26185
18249
32608
118
3253
28858
21075
3623
505
7515
30853
25
611
23801
30007
2195
14208
26087
19883
6356
1933
32498
922
19939
8250
29702
30313
17079
9315
31742
12805
12331
18420
19807
8736
26261
28760
2981
27909
14958
28586
28878
22622
1996
24476
32758
8248
16659
26757
20310
4098
7343
15065
12037
5760
10896
1025
16201
25018
7319
20388
10106
1678
1882
10204
31813
23539
12191
8158
25658
7985
14475
21025
9133
17286
6813
3580
21200
10598
12998
12355
1958
23509
1719
21285
13772
15373
5233
27868
27061
15116
26319
29386
18808
13976
11029
28040
21802
24255
1057
14651
4256
7950
23468
26251
14718
32576
29402
27237
10900
22396
23059
2235
20331
6683
31032
13634
23606
16098
14148
6602
27626
17912
11015
10931
19763
8449
30594
12748
5163
31870
1857
31929
26776
5211
2806
22629
22623
27250
7412
28936
27254
17574
32009
10785
12569
1479
20221
17071
18946
1931
30317
3918
4442
10083
18523
19379
6242
28632
25532
30466
3138
9534
26531
10514
20818
27798
23908
22184
23555
6348
32626
13516
16765
27316
5147
9443
27469
12603
27960
31843
12288
21910
24573
11074
24245
13144
19322
32104
3744
19284
23472
23537
26759
4267
3978
31890
3928
32197
22591
15230
9179
8686
21810
5860
4953
24351
32653
11863
4129
16418
3926
17316
5047
6452
11584
8572
7527
16862
23431
2475
23843
14101
11723
32741
20667
8116
10427
17374
28207
25637
20601
10623
17924
17412
11955
1778
24178
30363
4186
21818
28489
1664
12529
17696
26180
12387
16224
26413
27991
14827
32242
28086
16101
31889
14058
16831
23269
18398
15219
28680
15414
5923
29462
16989
19108
14221
20393
23634
5349
30428
1454
11531
5582
19857
24124
22761
12177
30795
22030
30086
17349
27448
20068
30104
22631
5984
26802
21524
25881
27118
20082
10645
5760
18030
18102
7479
8275
8245
17137
27195
8852
2034
22436
11454
10081
4243
11490
2521
12380
771
21180
30601
27662
4517
23604
15906
19788
13868
29242
29872
15954
22579
27274
17564
21327
21721
30646
7334
32067
29118
15326
14053
9365
4540
26313
10665
26363
30802
8852
9161
19829
32403
26131
11223
31175
19149
19190
3647
4472
8092
29194
21870
32492
26220
5285
13457
30456
27853
21092
12302
10824
7382
27475
24939
22739
15738
31814
16841
15340
12833
8137
16800
23571
15376
19491
5889
28818
32390
5344
2436
19198
31965
1072
27824
16585
7771
13754
29702
29978
10239
24542
28069
20421
1513
17963
1351
21414
16138
16156
29653
21768
25547
8838
2568
29771
13511
9471
32227
23701
3160
24986
32347
4063
27279
18424
26693
2307
30066
25324
5665
12246
19727
20425
1724
15434
17359
28338
25956
8903
9660
86
25281
3232
15618
21941
29791
6925
24925
6000
23618
28904
12096
6400
20531
30395
12981
10076
3066
27198
2228
14245
29027
4893
7824
2254
5940
10660
30737
11913
21469
18175
17092
9347
1246
12852
21927
86
23842
3231
1551
25529
15668
31022
22723
14757
27639
3336
28111
2399
936
25417
25921
29386
18390
11477
26183
25482
2519
14569
24661
11313
22250
1658
4994
25718
12044
22155
20533
24806
6986
19694
19850
7732
13493
31470
32373
32033
23905
13735
24676
14040
23848
17259
27050
27591
724
9167
12130
26904
2191
22620
21584
8014
4804
25216
26840
11085
12675
32406
17251
24559
28058
16227
7565
28847
22664
18923
4342
7318
30702
19891
26433
30839
29178
24431
7780
21640
29333
10801
26300
13391
22616
810
7227
29791
8196
32674
27653
17044
11373
17746
14624
32282
32210
2012
32620
6336
13504
425
25697
3801
32139
454
16397
17369
9399
2816
18370
13798
21465
23088
12195
24538
3748
3465
26222
22769
8570
24859
14786
25466
4298
29665
11822
13999
22925
10918
967
3794
22388
5291
16065
18490
1309
32133
11782
182
6669
1048
2234
14323
23737
658
25246
8043
14310
15358
18575
7761
5701
26028
8479
21611
4975
28175
9046
13330
32105
12988
12464
18613
5063
21794
17480
29200
28159
10961
31994
19850
24585
30694
11468
15256
8772
1951
8313
21789
20185
28372
13318
9683
3597
28874
18773
31754
4293
15077
7900
13047
14014
30151
25489
32028
25947
32643
17426
9039
25086
19852
3023
30308
4488
4696
14796
30831
14071
26630
9065
14870
16649
5649
3735
8934
9691
10044
15568
6636
21548
12655
3350
23669
24796
31676
22377
8459
29045
8431
9065
27462
11856
31727
14573
23787
32535
5562
3642
7242
32456
12914
7190
12174
27256
20739
7646
28467
3937
20117
32417
2758
5835
954
7293
16990
13407
18609
32363
12059
285
8938
9191
7541
27908
24386
31992
10611
20410
22657
8834
29656
17219
4056
22965
14825
687
20297
19313
31271
17662
24060
16984
15995
13391
8279
24071
26840
19486
1683
10043
23473
19738
27823
24424
26632
20631
5966
3153
17684
12612
9079
7989
18245
20870
16583
5651
24171
5077
8162
14293
4124
11852
10330
17179
10822
22912
27334
7866
30775
22542
2260
11238
6233
9796
31571
22126
22637
19221
31881
5929
5080
26389
7609
24729
25036
13539
5157
6338
24355
27160
16129
23750
2632
12796
347
5180
19865
22316
4356
28664
9800
3910
3791
4865
22267
2129
31196
2139
10733
29440
7763
19874
19682
5308
15743
18092
24825
5146
19895
25937
9760
29150
24008
4565
8405
1794
23987
24672
13592
8759
28121
25008
9440
32023
16152
25950
20955
12754
15364
26637
13131
14234
2514
13062
24151
11228
25833
31370
23357
6584
5652
20176
22846
11567
5730
1709
8804
16104
8309
2223
25825
17733
28507
18587
16714
3745
17544
1805
24025
14057
32627
7709
10228
32181
22630
3344
13820
7168
29597
15017
1582
31913
22573
28044
23388
5742
1345
15265
22118
32231
10342
26465
29954
21869
19985
14438
924
21969
19507
6120
27092
361
21281
12469
643
2294
11087
9359
17445
7916
1880
16092
32482
7906
27804
16097
13237
4784
6479
3592
8770
9778
5857
32451
22164
16279
1310
11176
529
23372
4803
14971
2755
26515
14848
17946
14808
16701
2185
11191
5266
30637
30780
7560
11362
30287
15179
18009
6328
5100
4676
802
1304
25783
5965
13475
12779
15104
14124
29719
26317
6831
6162
24919
14456
20841
6402
26676
31730
16088
26975
8763
19599
12589
8198
18230
16383
15200
9958
17395
5226
6585
13907
22548
1478
2650
32621
6734
24213
10968
5466
1960
10457
15846
11725
20586
24782
24341
9697
31311
23013
8078
6398
18969
16671
14607
643
826
8878
13477
12016
23227
6237
2132
26843
20415
11481
6539
10847
1111
18963
16123
30216
27826
14095
30533
15214
2387
1731
17206
32235
20650
5932
28048
12085
31147
24831
2917
24574
19425
32160
8612
17728
22805
8036
6343
16819
9658
20438
12086
11787
12735
29395
16105
32582
30680
12761
10619
7153
13742
26017
20921
19396
10232
30433
1348
14825
1416
595
766
8926
23408
18518
24375
4783
9940
776
18489
2696
22688
22873
22545
29496
11188
22390
8784
11833
5606
3446
27804
6588
19566
14720
4409
16914
13785
5280
12995
1256
11198
21392
5235
24300
15743
3220
19009
24378
9084
31065
10843
22569
5562
20018
13757
1852
29070
18704
2152
28155
22968
32339
17718
6538
452
25373
7207
25669
23528
21732
455
29400
32723
4618
18571
5917
205
29907
2974
9290
26433
20800
12760
27349
19490
747
15841
23605
11813
22073
7027
4314
29490
19200
32060
26880
20955
26642
7113
9591
309
22439
17141
28286
24108
26560
5914
16908
32648
24411
25358
2679
2440
4072
1367
18766
22558
30543
4242
24484
22954
26789
12124
18767
3778
20833
10032
30011
15330
8797
30931
18789
18416
4846
6423
3153
9701
17493
14095
16177
14665
15583
17607
11939
6191
18521
15761
4428
10618
32290
12522
27742
9553
21355
12534
24776
18092
26388
13677
14093
8250
3578
13780
23240
15995
22738
5651
27179
1079
32245
25559
19626
27085
24854
18970
24838
19011
30042
8216
20170
1295
14564
2252
31578
7032
687
29499
25516
19179
7728
31080
6943
24382
27939
3445
3643
21929
28526
21460
21696
12411
32136
21884
27189
12586
29832
18937
6864
31029
13648
327
24823
8407
24974
31271
24915
25428
21078
21252
9702
12950
25161
4224
8540
24706
11720
32520
21249
26823
2892
3380
30625
25791
20757
3356
185
8638
31349
12210
11670
32513
16524
11537
10607
30138
2830
23071
22311
8645
1649
27671
13758
12
5079
2375
4777
20865
10314
4400
31330
25932
9290
10263
27179
18896
8901
31618
10873
15044
11262
1823
26569
2395
11131
6710
648
4449
20380
31454
7239
2660
25757
26971
16758
25693
9283
1667
17983
2853
20688
15741
13204
13289
24325
7033
30677
5198
28568
12073
10919
12646
20218
27858
7139
7130
23306
25314
6944
13400
31
12982
22729
466
32654
32652
23492
12651
7564
32766
24451
11036
16127
8635
2920
6346
22239
22585
2819
20206
31431
7693
1594
24397
30314
27494
30531
691
8102
19857
10467
16515
11109
6938
4925
29605
21752
31485
23156
28511
14432
32281
16864
12591
15470
22057
18143
24475
19344
16225
5451
28953
3684
9839
6552
23036
28101
25234
751
32669
20494
2687
11459
24135
20723
22075
31011
16702
6476
10624
6635
13530
16305
18406
14840
268
16499
11540
21284
7659
21731
13565
10544
29227
12231
13053
22883
29442
10832
26993
5236
20661
8275
21238
29365
14494
5568
2245
32309
30165
32044
3188
19239
30516
9449
16465
23164
28843
14557
6826
5196
11029
22885
20657
9336
19577
10481
27130
14743
6117
12537
26066
27089
8371
25774
8042
12000
20706
20310
20817
1138
21724
25222
30269
12446
31523
30383
9803
19916
22831
21007
12521
5334
18325
29662
21802
3042
3104
16662
32500
24326
26425
32450
25650
16388
26633
7735
5668
24514
20246
18081
12457
32178
27935
19567
21751
11808
8707
21997
11005
5870
14284
11286
25301
23188
17115
28399
26284
25330
17806
21688
8494
28088
17366
20471
786
13369
28770
19721
26510
23007
22238
23357
25085
31257
8785
16695
7243
22086
10126
16035
18747
31278
10575
11690
16696
2839
29884
31543
32542
20848
19632
7054
20875
23555
20074
31796
5824
19955
10936
15213
25325
32072
1039
13517
10705
5406
27239
32316
380
4681
7100
20857
16214
11343
7723
20431
24453
5752
28008
6077
17298
6213
28717
32041
13101
16114
2781
2449
19595
19925
31163
11162
8347
4354
16130
7948
8481
25445
6282
29930
18927
30392
10396
30208
27262
9597
16724
1343
2407
8996
24090
23228
11037
4234
23962
5324
30919
22679
9073
21045
8374
20164
19393
16692
9171
5186
10308
9077
17968
21284
2660
32621
22091
19047
26568
18823
6788
18727
12184
27873
170
23299
30866
5336
23422
592
20086
24727
26959
1571
18442
4445
3590
8113
28145
13864
3047
32208
13772
8008
10192
13279
27961
21977
252
20507
24871
19908
13180
20708
25540
28399
4370
20201
19174
4432
11981
11572
7820
894
11460
30404
31272
26154
10612
9277
10287
1964
14417
28760
28060
15922
16332
5635
24491
30099
10481
15522
21932
11926
13011
11547
4266
29257
4229
24950
21593
30123
129
10302
10231
27911
13164
21112
13856
27252
17841
27395
14963
10
9803
8142
4683
6230
2582
22860
6966
4553
6018
21512
12151
15632
21936
10677
3351
27724
32180
14476
32308
17208
2963
12127
11266
7258
23956
16517
29575
560
5138
10220
25981
10916
397
14614
2501
2086
27281
13078
10276
6790
32762
11181
18487
3197
7164
16297
25952
4617
2942
9048
3598
7691
28322
4243
18417
14883
29489
11839
25528
28618
30397
16470
3054
9494
31990
13325
23173
28865
8808
18133
15646
3052
2069
26915
30464
26362
11554
17487
2324
10640
12015
1606
11293
10192
16505
27413
17715
5773
14493
11622
26241
28355
17327
18321
8143
1956
13056
14581
23434
480
28666
23974
14174
23024
32017
9975
12748
3945
27384
8969
2763
28528
21155
8797
15365
24908
27316
16083
16149
25191
1048
8795
31623
24102
32758
4090
29303
10962
13140
24407
22359
24498
2200
28764
16998
28595
17999
22268
20979
24693
6900
1238
8013
22353
13409
31886
25712
17581
6191
27586
29156
32518
17702
30972
23831
22916
19419
21953
14977
21889
12101
14053
9992
29776
4731
7968
9979
6909
18672
867
28392
21387
24188
905
23883
15845
4760
29033
24955
6042
28131
6401
251
1794
25534
15057
23512
18745
20872
32386
32390
1144
21852
13722
18413
6447
24962
3604
5539
8628
19934
31647
6220
17928
7517
13919
20692
32154
6327
10658
24494
9855
11288
24908
22506
32355
18626
20140
28821
28487
10082
16302
17003
4194
26329
6884
30705
1677
13133
24784
24150
62
17676
9305
2492
25539
19613
4716
1973
24209
17072
9088
24181
32329
5765
7667
21583
20885
23146
22869
6122
17500
25837
26728
17813
6455
21809
5833
1903
4052
29870
7549
10709
30864
13142
19486
201
15283
20230
3793
30416
5907
27667
19212
5349
17098
16461
7075
15512
5317
26494
8963
22833
18036
2091
9812
15215
18195
20441
11650
28528
11111
6060
16629
11169
28316
27314
6240
21054
24451
29722
28904
8998
14700
29098
8997
32153
4309
24139
13443
32040
12508
6170
5225
24839
7958
10170
128
9052
15499
29668
12980
19070
19910
15053
10345
22609
11857
27764
11105
19093
25723
1472
27493
16842
21811
4481
4816
29522
31188
21762
13021
14449
23076
8660
19609
28041
14093
3741
608
7257
1118
7520
5352
9900
29828
27871
30269
14659
2223
22265
15751
18332
5068
1533
23709
26957
19600
280
18696
7683
21687
8907
13724
19893
12243
11324
22392
10895
31901
29042
14622
10589
17540
12030
5269
10002
19310
32599
11232
2312
381
26298
19233
11837
9931
29441
17364
31505
1808
13928
28260
410
19304
32395
29997
8850
24824
28499
2938
10296
23002
20834
22653
9289
29466
3227
17678
24573
32272
27999
5505
16048
17742
24839
24779
5843
11724
5027
25106
5489
10272
18217
21345
886
28699
5197
7363
12624
20513
7495
23735
6931
21505
23414
914
31948
2296
2748
21782
12011
21443
22858
21071
26384
30581
32525
6484
8991
29391
2600
22065
26306
1737
17130
778
8682
20395
5126
10740
16775
17358
1065
22221
25003
254
26906
31789
5630
31222
19053
21897
19937
22292
18891
3670
22382
407
12276
5390
4594
23510
14072
4904
28022
13823
2247
12195
4442
32713
26126
28905
20535
25696
30626
32657
27763
26137
7486
751
29772
5504
7154
11136
24523
10931
1014
17417
25182
1115
2067
8127
15460
5217
26555
14050
32723
25932
30074
14393
2422
26190
29556
29699
22226
23777
278
19422
32647
3720
12213
3539
14859
29668
21967
10986
6622
10696
12558
28268
13341
10411
32062
15084
13118
4823
16919
14529
11296
3285
15880
24463
9011
18751
1010
11959
31344
31144
25250
19700
28285
19060
17747
21151
21690
3677
1124
23267
28019
20795
8859
2896
642
29056
25632
13441
15158
7151
31940
28675
31705
11004
6242
4155
8493
8008
8032
17348
29639
13577
32333
4366
25991
22111
28488
26054
8467
32445
18031
7529
18712
21958
21952
8889
22199
31709
19451
10307
14052
16319
10303
20845
20760
398
31088
7589
28374
25574
16751
28224
414
21178
29427
4312
23351
22645
29985
30234
30789
6021
29398
10467
398
10449
30037
28038
466
1707
28978
31850
4384
12698
25874
121
4706
29443
8278
29780
23700
32092
200
29344
31681
24387
27525
4521
29518
11554
22897
25931
29273
10489
12938
4602
19674
21011
12458
3628
5950
12842
443
30084
8387
8392
8592
13657
21437
16358
5556
21791
32496
5043
19417
2640
27540
13610
2303
15553
9776
368
13896
8897
26887
21636
28429
8509
11506
4042
23374
30881
21482
27758
26867
19225
21514
29589
13773
9860
27275
22303
19859
4626
9590
30739
4395
23478
25031
12850
6697
13271
1482
25056
8571
27202
14944
14478
29274
21999
19053
15885
22071
16001
23111
29977
23456
2687
10044
13669
24359
22162
31065
3865
10208
6413
4762
7398
21501
31703
23078
13741
3160
5891
32164
30225
8552
20369
17218
26845
11399
19518
28282
1466
14586
25078
28227
24551
23879
12087
16219
13737
16036
1883
10693
26652
5809
18374
4006
1574
13295
27008
27145
8334
25975
32718
3151
31941
30079
13506
615
1089
7179
26159
26440
21831
32254
1624
16344
18638
11262
30990
25005
9426
25463
10004
19705
24210
20561
16475
26677
23643
22786
23527
28229
8351
12617
16593
32494
16584
11718
30557
10417
10620
14132
12622
19744
15219
10540
7509
28653
19031
14734
28182
14154
1600
20017
19256
25473
30734
25693
22395
1254
29646
29897
5254
24282
25541
17916
13677
20070
21084
9806
24412
17609
3251
18081
21557
3572
18206
17405
7889
16570
27846
20845
1392
32116
29639
1712
7852
7056
17909
2297
9654
19024
27666
22088
4747
2000
4859
14350
16173
28160
6107
22498
15539
12334
20033
31331
25932
11704
26882
14271
8068
31962
24245
4528
9057
12862
3227
26816
20558
15810
11517
160
31161
30081
24758
11488
13941
18627
10548
23178
3340
12805
23686
16611
16476
29368
19507
4817
8785
16221
13167
16705
14200
2611
10433
26920
25919
23484
32533
29554
15122
27184
26310
15588
5039
29954
9214
15508
11583
14374
22022
11268
4247
30460
9431
21496
7896
17957
1339
5753
30899
11095
22026
16703
26312
25638
8868
7030
2853
3482
23804
9161
16795
9527
2654
6726
5647
4464
14609
9533
16060
29349
25732
13946
22763
24059
27245
21136
28875
16706
20878
14283
14580
1653
4778
24848
2269
30016
24076
19651
885
24404
10358
26112
3726
24488
14207
10562
22674
25244
2714
32209
27904
9316
15149
25858
7475
5126
5683
6564
833
7345
32601
2655
5647
277
21974
29309
15826
32048
10179
2578
30760
32604
7105
28732
5038
769
23828
13579
4664
31777
25652
7091
22264
22256
16674
5616
21049
4799
10227
17611
16669
9734
16365
14692
27236
2731
18819
18237
17969
11404
20449
1069
4081
27026
12695
19745
6229
27732
9113
17773
27571
32547
3390
31644
8868
30259
29078
25378
14293
28750
19072
1666
11501
18048
10450
3125
29309
20607
6381
32000
11076
23195
2109
10921
6433
18893
30935
9187
1485
14728
20354
2999
11297
157
10612
9304
694
23580
26455
2007
6858
14891
14974
13675
13797
11051
15324
1717
21044
4157
17662
24261
17212
4464
6151
5701
994
10001
19148
32464
29790
28169
32591
4640
18847
5443
17131
3994
3
23286
16117
29021
2719
14611
17901
21989
15233
2145
28724
23135
21952
13271
20360
29196
22285
23119
12705
16899
28092
32439
13200
4383
26146
8678
12413
1808
21578
15319
24249
16884
20789
19259
13169
30145
5008
21137
13400
5320
4346
5885
15730
13624
21766
14726
1713
7561
12005
31052
3759
8207
25823
2258
13362
25281
6571
24271
24738
3221
9940
15726
9771
5513
29852
32158
17959
8447
30508
6005
25292
12660
1258
12023
9917
13371
2896
22205
24708
22964
22205
11205
16673
14429
981
31973
15422
3620
18725
15655
17351
17314
24110
13245
18017
15418
28072
17831
14946
18395
25951
32331
10881
24554
5877
32233
21319
30630
15787
5969
27329
22877
8676
9591
4172
19901
6950
11508
1895
20722
18810
21250
19198
14611
28706
4283
14119
20933
3992
9627
22223
27990
14258
15890
46
18425
19950
25870
19796
29432
644
17379
18262
1644
26447
23313
24856
6623
27206
30962
20472
10556
6379
16684
6394
1083
6996
19543
31161
5436
23357
875
32228
31852
13905
17206
22016
5282
30509
3822
19369
1766
16695
3923
417
29120
5828
4974
2819
7191
32236
840
22411
1642
315
6050
12635
5270
21415
18990
7188
30464
21302
4511
4437
17424
21661
21227
3727
26099
28368
747
26858
12872
27488
7674
18615
7267
13641
1805
24751
27508
25963
31370
11396
7253
28962
11736
17817
22500
29878
30480
16708
32029
7221
7989
6415
19989
29268
12448
1487
11073
5676
21511
28610
29221
17378
26738
32312
13624
27122
5964
9666
9570
15839
26663
20845
19416
7840
20237
13487
16317
6807
21090
28706
5369
25713
18452
7343
27011
32092
9123
11182
30025
2561
14674
31775
4473
18751
14730
14669
14217
21748
4864
24571
3588
3740
1058
7951
24383
29247
31541
8493
4923
12932
14700
25262
26397
13764
3446
17667
16712
12774
5170
29592
12581
21630
27465
2588
9221
20274
23950
23115
29895
18122
23992
23342
10381
3359
13418
9948
24480
12334
14014
31557
6022
891
27140
11172
22723
21396
9647
23272
21198
13983
14336
29368
562
29599
26153
28114
24610
8626
11375
8105
3991
27752
4937
17484
21484
8305
2687
9392
13769
5174
23147
29306
1426
9144
3901
2164
14221
23856
23872
17194
10717
15459
13284
32297
18261
1366
1831
6161
7292
6111
14426
20935
1900
22793
22668
13553
113
17106
15548
8030
27509
7799
25035
549
17003
23538
17888
31578
29044
21901
15936
2054
19979
1275
20144
24501
4609
13514
7489
6836
22109
7330
24554
19486
28392
22315
3098
22408
12757
14856
21613
1709
6408
30269
14855
18487
27153
8573
16667
24598
4650
14066
4484
3816
23166
20838
4599
3040
3972
3872
30368
28200
4966
8357
11264
27980
20659
2361
30617
4937
19682
11494
27508
19242
17626
18326
13744
26611
972
24056
20636
8579
28943
24843
23401
5234
14199
14174
21754
21383
28916
4803
20081
3440
17334
32483
21009
522
3767
29736
22804
25398
3005
8880
25539
13226
7600
6131
6248
23906
14536
5968
12584
14634
14233
2647
27518
32379
31600
4468
6529
32337
32276
12568
23191
30058
14751
443
8798
8237
20924
3516
24489
27277
11785
20249
1006
1375
11789
4797
5296
7796
2800
32043
15466
16219
17263
15089
14386
31284
2759
6764
10843
24322
26283
18580
16189
18603
1362
32562
30757
9323
12058
2174
22035
20759
27429
28621
26213
25752
26541
20782
27907
28824
20906
26703
9017
230
18572
28563
2824
12879
6402
3109
18530
21561
9742
16289
27822
11128
21501
25111
22983
11999
25590
31657
2221
2261
7493
12047
22701
21921
16989
18322
28602
27954
28453
8716
19624
18225
5755
21575
27572
27326
4702
12996
10235
23708
9865
12314
29130
13523
17065
31893
16521
28839
25260
3446
23304
31603
27471
25334
18687
30186
28196
32596
12170
17044
23529
27060
30612
3831
6253
23158
20768
23592
15516
23041
12486
3567
12376
29127
21474
630
692
19893
19246
12999
6665
21658
2680
5107
97
382
16949
3017
24650
21543
26652
12897
4286
25382
3015
5051
19257
22223
13905
20389
23625
27752
31664
30893
16602
29745
14891
10735
24317
23552
25236
23482
30022
7783
20682
17631
9482
11726
15728
18605
11033
20608
1960
29
12279
21069
26447
11116
5036
31261
2996
15564
2206
25193
23896
26968
31377
14095
18966
18904
5686
22439
15093
27602
29701
3787
20038
7649
6467
16594
540
32505
3230
25605
2916
32469
9725
27675
20744
27860
29593
17277
10705
1439
31966
31832
18020
4198
25855
17123
14422
27857
27511
1425
3734
20193
26915
5412
11371
12388
23867
12325
13997
28042
5999
16756
5733
7207
18059
3081
22786
18768
25349
25535
24679
12693
10100
25239
20101
10403
11624
24353
2004
17618
23679
24690
19642
21511
1634
29693
5030
9804
30448
20893
1679
20345
16546
14389
31480
8073
17155
25812
11689
16026
3360
604
2044
23724
21394
3500
15958
19844
15816
1061
4083
17484
22911
8650
10785
18943
18390
29826
14654
28152
17068
13376
6342
31938
10041
10681
17327
31705
15897
15376
19363
107
30468
18681
6963
29706
13940
16704
30830
5594
9267
19524
16586
3952
6691
13097
4013
26595
11063
32541
10374
16056
2394
18241
4301
8837
11977
20010
10099
7151
2104
31823
6338
10925
11343
13208
6487
21837
15741
5001
13215
9193
1325
4529
30439
7527
13669
19252
8211
1578
28126
14880
25324
19141
22454
31656
6812
22166
17880
13233
27277
16693
629
2923
877
8052
15536
29968
2639
5116
13180
30354
20667
5876
12527
5613
30753
13836
25029
17748
9874
31544
10297
26861
32337
3360
8639
30699
8858
16336
5068
2754
19275
20704
9186
352
23508
10681
4036
23402
19661
32498
28961
23683
701
2640
29744
31377
27830
16839
14383
4675
11926
32471
4748
29905
6359
15559
16793
13181
26551
10263
5662
20148
2110
17866
21238
8605
8076
2085
16427
7423
8836
28229
16382
31404
25255
26177
25787
31185
5439
31059
6061
18089
10525
4128
16395
19114
31865
16318
3206
2288
5274
30428
17522
26884
25313
12101
2451
7915
2822
10031
24126
3477
13496
14891
30294
12346
20031
12767
16098
9579
32388
15317
23123
4753
8575
26402
16579
3129
30045
20099
5546
32377
25506
24904
12105
24215
18072
22094
30981
11106
23227
31455
8736
22676
14534
31232
28441
31004
23504
3075
29821
19925
2280
9903
30642
13897
1855
17337
20635
1973
9170
25249
5254
7369
11530
27916
18912
27480
11804
21870
23424
28166
22223
28910
26917
5303
4779
13391
13340
25522
5152
23286
10772
10861
21514
8195
3905
5425
9871
19651
6500
22378
3077
929
30402
5763
18446
2168
3954
9070
13207
32286
27857
11267
22741
8093
11512
11349
7565
28328
8872
30776
8907
16893
29186
29023
7155
19835
25623
18164
27953
31967
28113
17319
27488
8049
18537
11309
7776
2897
9295
29264
10828
18860
23439
17253
16816
3931
20198
19037
12936
13946
3775
23177
13694
27865
8911
9233
10122
30608
28307
14455
6332
12221
21956
9326
22699
9842
24241
19086
10957
17402
13325
28932
22740
27093
30139
27886
3882
20834
32503
20967
10507
4764
3188
16944
24110
8578
23409
15757
5141
11160
20601
6047
9183
5335
18046
8460
29529
27061
9930
21537
17022
11060
17594
9394
9008
24238
14417
13274
19554
21891
20519
2623
7197
28357
23792
21795
21466
27464
4706
29403
4001
16419
22435
30277
15587
13412
27347
360
9494
8152
6274
9084
1781
22534
3364
2014
17470
14929
23745
11259
19058
8443
9317
16522
22732
25589
13868
13045
4166
30075
1889
18227
18252
15279
10650
30622
8666
4812
20634
17712
29575
12925
16328
20995
8369
28793
11211
27752
9154
7159
29009
9932
18380
11547
26857
10382
31979
27777
22007
32449
1241
27714
12084
26458
30727
1795
8690
19334
20897
26468
24751
4304
15560
10470
1440
32382
2360
32242
1417
23976
23538
21896
11911
17331
15112
14835
31425
21074
536
7921
11925
22409
3595
21998
14794
15964
7016
9797
32479
14812
5500
1068
22388
18853
7732
7550
25864
21107
19768
6671
23683
11864
2886
28433
24880
13436
12776
25190
25725
23960
9006
2364
9371
4567
18497
18300
20038
24608
15911
19346
25258
16825
705
28149
8836
23781
8353
17593
2482
1038
12210
7253
12309
28543
12612
6557
13413
8326
13511
10919
935
8105
3694
32332
27885
11248
12169
32253
2730
5624
26740
28598
32591
29747
2648
26272
28051
24924
28450
26749
1164
2683
8923
19167
17822
19212
14519
21979
27328
21082
4044
31042
14928
21748
16711
23018
16088
28289
6175
28841
20742
10812
5884
8149
27941
20798
3497
11617
10098
19208
28648
1025
4497
1829
1633
29833
8077
24027
27547
154
13855
22302
18855
24265
21739
24817
30958
21428
4200
8258
20950
8406
1329
12277
9736
4823
8659
10234
22586
13993
2555
31908
556
28799
15393
12178
1881
22571
10020
12010
24009
32625
14924
2501
18813
2657
16087
19661
31829
3949
23377
18602
402
26455
18219
4191
22455
11706
28037
2183
14325
15025
19405
18458
9490
13303
23462
7990
6709
3574
16323
13508
25443
23316
20812
5864
29616
25723
22077
493
12761
28988
32243
8205
32368
6166
24077
32734
28698
29835
9224
18237
21317
14610
21196
6965
30340
16578
21527
10729
733
2908
11487
9618
21893
22629
29282
2001
31106
4340
26163
16108
5389
25710
4636
17616
30801
17568
15521
21495
11521
10480
27278
19992
12091
14080
171
2335
19627
2466
28543
8105
13604
13395
32053
12535
3410
16394
32052
1552
3789
5600
18884
26006
7905
10502
18790
31243
29041
3189
23622
8922
2052
20086
7094
16422
32083
7107
17634
31414
27083
22977
30633
15765
23628
6650
27525
4853
1732
7678
20979
11584
27993
10780
28291
5553
16158
4739
29219
11471
25154
15216
13361
8187
10457
22676
30140
15551
20145
27309
26646
3192
14533
12862
17576
31902
26028
7523
348
21875
8278
6425
6173
26287
29610
4797
15550
27412
12188
12559
6179
22010
5590
13660
18551
27252
11572
20054
17192
2948
18407
6092
26588
7254
31142
2512
154
16559
7651
5824
32422
17989
1197
12002
4282
16582
19995
22156
15585
388
17544
29269
3361
2556
16260
17268
18705
23903
14857
16202
7167
7716
30927
5585
21328
26143
9187
27613
912
962
12879
22701
21569
19884
25863
17914
19358
6587
20469
16876
376
6778
11220
14892
4405
24701
29106
12936
6157
28212
8928
4234
27803
25872
9404
2056
8392
7800
29289
5678
9234
15681
4995
16293
806
27772
4232
5725
3211
4500
24544
28719
32653
3871
18716
111
3846
13225
3905
1671
3692
16228
10514
12026
11292
18744
20805
23860
5838
8274
21124
10222
5418
30803
14259
10330
8253
8493
10132
18249
8688
13195
25771
32562
11121
19784
25294
5431
13713
6181
26121
14527
15351
11914
22704
1948
3326
29797
6651
4787
16347
28061
22357
10310
19366
9624
30058
12344
25344
30324
10762
183
2287
496
1909
23395
10381
28875
15439
6450
9079
15308
16521
10266
21937
16845
22396
16825
29465
28714
23425
5348
27475
27920
17631
23985
11995
10164
21242
1849
11334
24599
16399
1382
18833
4839
22817
20139
4243
21082
2036
21837
3049
28687
13170
6098
125
29434
7155
26065
29405
20539
13618
12906
10163
16151
23311
11188
17910
26959
23147
11708
22812
23775
26816
2694
22150
19048
25156
20076
26231
21875
4041
25288
18633
27294
9408
30470
20954
2509
30673
2854
9261
27534
12413
700
17366
21690
2091
25635
6073
30428
27153
4639
32689
21211
12847
21027
29087
9296
21543
18699
10759
9807
24735
28181
7022
26927
14206
3528
25466
7257
29499
10467
465
13317
129
990
19779
20981
23474
2335
14209
5250
24707
15096
17855
25664
15752
27529
7142
432
8129
26663
3262
16566
2328
11016
25370
12643
9677
7140
5925
16865
14005
26853
12436
31836
21620
11233
14473
23978
20309
646
13917
9739
26070
1092
9670
24327
9258
2325
32121
995
31142
26398
13843
11459
31747
1668
17664
22923
4247
15900
15352
32670
22445
19706
17055
24170
29241
26495
23802
20508
28521
2961
24539
772
4399
30749
9260
29611
27822
1146
29875
20290
3999
19063
7357
17047
11508
11439
19391
23580
16515
21999
21578
19184
30128
31523
28994
26827
169
17484
23673
14490
28103
5679
15572
4696
23036
8576
25691
22412
1237
3755
9028
31346
2764
18491
12749
17745
10452
24104
25800
10433
17941
8383
31549
13987
20028
27926
28676
27423
28313
19063
14697
25047
19527
24989
7855
6490
31956
10083
14964
29645
1288
15148
29095
16755
5072
18980
12636
29092
1386
27695
6579
9579
7438
18904
5884
12387
6627
8651
15482
16079
6307
4490
14437
5151
22843
2172
27841
29627
20175
29988
21228
11660
7914
13365
23421
12724
28187
4635
26250
21325
14643
31188
8782
5964
20760
15126
32199
8078
8574
22859
11747
31616
17354
7642
6482
24093
11596
31524
28707
5694
16344
23688
25909
24218
10017
13217
15409
32531
18047
8783
18586
5394
6998
6813
27527
9070
27437
1098
16988
29383
4451
11707
7129
546
4831
12108
20263
4070
19386
17702
5502
25252
31436
22950
27624
5035
9009
12173
5508
254
23118
16300
21620
24380
28238
30884
28401
8511
3130
32703
32668
12381
30018
7649
4029
22894
22509
5478
23268
25638
16748
10086
21762
5325
29414
29591
23140
6648
24241
13609
2300
11998
15234
1634
27870
22095
13602
17442
4549
22780
30707
11893
4427
25596
958
30740
10816
25159
489
28554
2683
23358
21611
4563
17065
11643
8202
24325
27980
25356
18178
11548
5821
17934
28422
7119
8941
24542
5197
7471
27365
14368
22430
20647
9898
9904
10550
3274
4319
6657
21074
22258
3065
25419
25840
17899
6185
25957
21534
30369
3049
7214
28535
19838
14566
15373
12747
9938
1198
5176
3400
5811
23089
13959
18679
8363
14469
28936
12934
10392
24927
14518
31110
25634
28792
13696
13716
10286
23210
27419
27028
10486
20481
14579
31845
20215
1419
7321
18262
9038
31673
517
30462
18211
32212
5410
11673
2354
2277
27867
11810
12170
5887
15881
7196
10647
31568
20287
4316
9647
4378
13674
6389
7590
9455
8926
11762
18312
17001
21419
21620
29634
7166
21630
6343
32259
13459
23763
19800
7392
31439
4862
18899
17056
12358
4789
20921
1350
8459
18006
16705
18901
23884
24622
24193
10250
12808
17869
22874
11656
29396
23871
16804
18764
11736
7964
7182
28889
20142
26809
5304
26607
28887
11339
14754
24242
10443
18732
460
11287
26009
3344
24745
22003
3799
14019
21775
22192
31155
6377
13990
30376
12504
15635
10594
31173
8494
15841
31711
16724
3391
6160
12717
12978
8723
9537
17842
14278
12065
15115
4646
2889
14088
29035
17438
30981
10556
413
9846
3639
18304
17913
13844
5736
7841
21629
28906
24942
4803
30257
23076
3800
12465
8877
6056
19801
1452
15481
673
25188
5932
4148
10528
3161
7547
3597
29007
19997
17811
12066
8047
31766
7502
22360
7963
15330
4740
3474
9402
12509
23541
20454
21747
14278
16248
6859
18066
10567
29456
9629
3976
26172
27104
5211
2581
7121
14825
399
16321
24539
19755
18858
842
12146
16944
12085
13029
4468
24774
31947
22086
8386
13509
10910
7139
26862
28654
29309
25313
16910
18499
14013
18226
7476
2550
16033
6647
11090
24378
5196
26379
5605
16358
6679
3736
5041
21114
24404
1113
21201
14383
195
31200
24671
15062
16053
12730
495
29532
22436
22247
28171
15236
15314
1994
12023
26991
32358
19946
6569
5674
18130
10119
7595
8573
31274
22449
25166
29185
15574
7843
31763
31849
6817
23069
21492
23871
5638
18545
24563
4885
23472
19921
7294
109
313
4405
997
19055
2570
25971
4089
25303
28227
19854
6948
1641
2296
25416
31880
28238
19052
24998
4780
20082
12008
6583
1018
14834
17874
4986
21354
32131
28173
27485
1820
12437
7859
19424
13059
19606
14207
31595
1000
25807
25465
12571
22439
11166
20555
19240
6991
2050
22109
11092
20189
3481
13396
6203
16864
26295
1166
10847
15249
30350
20359
29167
22333
9705
25133
5258
30043
19654
2334
20269
18399
8593
7548
9759
6617
2485
32599
24059
1543
3493
2346
19110
410
4213
22729
26070
26577
1360
12044
18711
1482
21091
11090
32465
20307
15514
7696
11515
32141
1179
16804
8314
6540
15032
19882
3472
26638
8288
26660
31785
22692
502
2127
30322
6938
21056
221
6651
26853
30631
25526
24246
8713
30144
17750
5215
31856
29231
10000
30807
22040
9249
5754
7269
8298
30358
31499
25057
6291
30566
24846
2252
23417
25038
29550
27433
10999
17685
16343
25606
30453
24860
27155
13207
3039
28241
18749
26825
17397
13695
31250
22914
4912
2209
12272
9256
5867
4497
28347
3771
7269
5987
17002
27657
5559
2791
19736
8813
24325
20941
18401
20655
8151
12383
10442
2462
751
3945
26395
7273
19116
5996
18575
403
20258
15652
19637
4144
23337
28851
10062
12181
928
11640
9267
29236
22546
20544
13589
18422
21557
13375
13653
8806
16488
25817
27930
6065
30821
9312
8484
13635
9294
13216
31811
19859
9298
6540
9470
183
10745
27372
14508
7191
17929
20659
1223
4548
27575
12864
28047
2116
27385
13530
7512
14850
26414
12530
13028
32718
2434
31751
18882
10232
25072
14092
14612
2338
24773
15545
24824
14794
26024
11464
18378
21383
30577
22801
32665
17123
28866
14155
6783
23362
10391
19723
19502
28176
12750
27977
9252
28511
24633
3746
21690
7768
5774
27899
17250
18816
21738
10313
18535
6110
18240
17767
12463
25126
2369
19864
19831
23220
9663
12465
18343
13815
19032
22321
27328
30252
28892
21248
2324
30988
27826
32456
17766
27468
31869
2885
19855
28547
24448
15606
6361
7175
19902
22113
2876
5188
17833
24196
4547
1460
15277
3687
30983
1224
1764
29026
11726
28554
29684
5635
22017
13584
26327
2619
21630
24823
8103
20278
26195
20221
26231
7825
16869
15274
32131
23368
31833
20564
28935
29145
31064
18501
5259
9779
12662
17570
5484
2349
26955
4808
5433
6513
22951
28588
19689
23321
18877
22037
2990
450
16408
11627
9305
30511
18698
28244
27052
24911
178
14418
3045
8199
7662
14068
10481
11194
32463
31126
15410
15929
14112
26059
21713
9070
2330
13461
4389
13808
9848
12348
18732
17294
12332
5906
4833
20566
16721
10940
27283
7985
16182
9421
20522
23969
22540
7982
3160
8048
703
16986
8044
26292
15941
13336
20471
17531
9902
24494
30244
5230
221
28346
27939
7255
1304
16118
11309
2129
14722
11512
4467
18827
4682
32671
26494
2588
30730
23127
11564
31463
31028
14350
13266
25445
14374
14835
10955
24165
7742
23605
31955
1326
7103
5726
28130
5018
1788
935
5347
32028
2129
11511
15226
3629
28635
11
22572
19082
28364
24359
32018
30732
573
19085
28064
7320
29854
11680
4248
30651
15677
7245
22831
23267
28805
32183
29098
14847
9274
12443
15701
21329
20351
13485
19114
10659
12486
25883
2449
19761
28994
6594
29013
10330
1375
23860
29634
25685
28154
26582
13624
28134
16994
1274
22074
14191
11540
28438
11204
14030
1489
26920
25204
14855
9665
6221
28725
31572
30345
2814
1551
25005
29998
21002
9405
8918
20440
19186
15089
16824
5904
27755
5243
9498
23745
16677
23000
4207
17958
32633
23401
32746
5843
21951
32566
21543
2680
17799
16068
20266
19878
14375
5294
32261
7531
14841
12220
15847
148
15844
22166
22248
18019
8094
12833
18150
6771
9316
22483
17188
9232
12118
19225
12671
19026
31138
19071
17145
7381
23171
10297
285
16498
3932
11164
19415
3656
19057
3513
5432
17576
7620
4398
15712
3990
21554
20747
12279
8948
5073
1620
12189
29995
30630
5912
11767
18935
28905
16596
5556
4249
22798
15721
25069
20966
28466
15880
18159
4153
27282
7623
10859
13838
15199
2117
11833
8164
4858
19234
23549
16971
22441
17174
105
21874
3713
10099
16797
28408
22772
8725
30648
18348
7476
32382
21115
24915
8124
11656
18726
24396
14198
25252
16218
2487
16135
20916
20120
19288
23416
32346
9604
6566
2463
29601
2283
6834
2199
9328
4040
28215
13825
4087
15146
30441
25135
5863
27681
18671
8659
10128
18949
6542
13550
28770
24123
25604
16262
4964
17012
11759
20536
164
15350
4331
25600
27847
9228
1346
1422
11996
755
31404
17832
9903
23163
19267
22589
1345
20199
27408
18625
28446
10836
31750
23558
17776
31709
26435
8275
20052
24605
11283
9280
27023
11206
14312
3574
686
20162
18650
12542
16040
28961
9668
2722
6704
15611
10460
30761
15026
25459
7012
26944
13466
27617
9803
19172
23016
12750
28561
21888
17171
25796
25707
25210
4456
20328
93
6040
27969
17764
17223
8278
30212
14028
17504
30119
17008
22385
733
19879
1393
23025
5837
16974
26259
21104
22639
18518
16679
9683
16514
19146
6183
18228
25292
26703
23958
5913
10581
24078
2228
31473
10024
22471
2621
20491
14568
21275
18295
25861
15195
7972
2340
11998
7995
26631
10147
24755
17952
15570
7642
27769
21931
13665
26383
30445
31392
25772
32543
28081
6560
17014
984
8413
17049
15014
6805
10535
26729
2607
6942
21015
6733
22210
28840
26201
1972
3530
14239
26420
24827
1949
20982
25166
14871
21855
2366
1015
19767
24536
25602
27689
7102
2422
21540
6547
19049
20955
7400
17002
23590
8320
6205
31386
29351
31008
2931
18611
142
21779
15060
12140
27760
16417
28954
11456
14932
2072
26678
15272
26101
21454
30963
22789
9987
26940
18209
23794
31745
4247
17919
27734
30804
29132
8666
8394
22507
15498
10003
16852
24605
8917
10056
21813
30952
6621
1799
13039
11128
13872
32022
6278
16367
18643
27792
11600
5114
9118
21422
15067
6481
32324
21678
3924
27608
14666
11222
31935
4073
25986
20599
11611
24853
4406
25760
5077
3536
28508
24996
6697
7017
7690
28633
12282
25313
23002
23356
20194
13478
2438
29139
12934
29476
30096
8652
10240
10897
13996
31400
18315
5411
17488
26785
3702
55
14514
30072
30031
29839
29083
30133
7884
17999
17085
28858
15105
23890
23414
12123
5539
17809
20296
29618
9542
26508
20355
9384
20939
27421
25162
7878
13031
29049
16589
15492
9780
14644
22372
24882
968
20851
22459
16771
19986
9022
18194
8444
22087
1959
15477
27624
7801
4979
32665
10821
5263
25270
1715
16145
10463
23180
22247
17239
19426
6121
9959
24629
18158
6496
7272
16427
21243
5234
31100
29551
16912
4253
1763
29035
4519
25280
5877
12203
12613
18916
10495
12503
12035
28644
28093
11896
31442
3257
17738
25099
5543
4642
16118
14437
23373
22951
21047
317
28736
17043
11445
21893
16133
31891
17060
11808
12509
21953
12576
20957
14329
12180
8913
21757
29741
24884
10048
7953
18926
7818
26656
31870
31569
7660
9875
30364
23752
17659
15648
14448
6079
9032
27798
2729
7043
8354
19716
13512
11417
10073
12328
24812
5175
7791
6227
31942
11086
27277
15067
9955
26487
5575
11802
1296
16927
28479
15842
30876
27504
21943
5759
12871
30039
23947
8872
6680
30456
9021
1879
4919
24806
19558
30903
31670
9195
14313
14833
9321
22848
2832
1327
2656
12448
17425
19287
28823
19093
7552
20716
6990
12829
5146
19840
9748
27217
10885
14856
1031
11627
5099
15292
4142
24086
784
9429
17139
14536
32086
18683
14973
6711
22110
12420
15688
13486
10817
25963
1319
10288
20680
14385
23011
18973
4000
27744
31042
19569
29290
31645
621
21932
30243
29655
11811
21272
11776
24519
3396
17844
11280
23508
9967
674
19834
13106
23930
28670
15776
2747
31677
9241
17003
10899
2775
28236
23108
14698
16567
28601
7636
3520
22375
19028
32116
4648
19360
7315
12247
4961
12357
3331
11011
8329
25800
11824
16590
29714
30837
10001
1090
12128
18610
18741
6219
6579
26351
13162
27081
32584
760
29217
14695
388
22766
20318
22029
30990
16136
28423
1149
17348
27853
30914
32605
32282
13726
8459
4575
2443
4143
30836
17754
22839
10319
15577
32652
15624
11461
30612
3287
20722
16835
4700
17868
28597
25977
12987
16748
28524
27569
14884
31137
8320
26353
228
9815
23489
19522
27198
25173
15005
29064
21612
26522
23644
13863
6456
7343
10053
6392
656
28290
15970
32227
25435
2377
5045
8450
26762
7707
21112
13823
13878
27818
23741
27836
10051
28382
6647
14783
28205
11951
31727
3936
24801
26790
23926
18477
12690
823
28015
19703
24446
28862
27554
9775
6134
6575
18884
20319
11966
2959
17646
22591
31698
9289
25339
24599
10791
23798
3971
22349
13726
29498
29151
5027
24729
509
16577
4650
32097
9800
15690
6126
15171
29099
25943
28137
28812
17004
23223
15156
16717
9310
18331
31538
31876
27115
5642
12367
20223
25346
25604
7663
6036
3160
1645
26930
21711
7872
14179
16668
13089
19721
3808
22943
775
24593
26290
7652
15169
16688
30455
12250
7290
18569
32521
18146
761
20618
18299
3388
21013
1368
32081
8918
21925
19434
27880
10641
18082
6004
22978
26940
14616
19972
13482
5812
2781
19706
2559
3627
4038
5629
22299
22702
11001
8587
31341
7621
27108
14454
3542
15163
588
10510
12831
32222
24949
8610
24435
19490
11511
29735
7407
29615
17679
31294
15073
25885
29751
3410
14423
24380
20267
27937
31062
28476
7870
7157
14872
4273
28232
5284
5603
23634
26666
25568
6421
9347
1429
198
19419
18530
32071
11465
17667
28060
2949
31250
30352
23408
5709
3093
32549
55
30258
13978
28492
17790
31710
1804
17100
9849
19970
24341
31858
4446
7681
27179
15177
15808
27710
23917
14767
19980
31411
18148
24995
12688
7636
24403
7996
11100
30463
6230
16498
7208
2816
12316
31801
3101
7560
23261
24611
14463
25772
883
19883
32050
16572
21072
16303
13452
8838
14589
22628
19855
20588
12793
6620
16680
28869
20961
29011
15891
5649
15467
14320
22841
19851
17181
6343
25770
26590
13156
12379
10008
29357
21707
24797
23552
2912
29019
4147
29133
15456
22886
24306
14901
14411
1376
26118
9918
31644
4990
15251
26129
2
28994
7189
20503
10316
4089
5446
3794
28941
22217
22741
2452
15921
28337
3076
23280
22617
24442
26138
31024
5223
16233
28158
5577
23244
10971
1499
24373
496
18854
19754
28142
4590
10276
20038
26407
15784
18395
12825
28964
4471
31961
16896
17535
11325
27793
23877
3720
9852
4804
14593
22827
6724
1744
17905
11241
15542
6054
6283
3939
26765
607
25521
29344
17017
1826
28689
7504
22895
28026
21576
2318
19294
22134
2638
11684
1504
12387
16701
23362
13831
19965
23403
26708
3750
13360
21725
6440
23234
27652
10767
21874
12763
26177
18391
17892
8442
12838
24173
12318
9590
7605
20978
16971
7443
16700
15922
2241
13255
11619
15275
955
41
5184
2950
1187
13431
4277
16211
6090
17332
17959
18723
14998
12081
7375
3942
32159
18122
17572
23127
19183
10080
4108
20577
16705
19858
11544
4421
19018
28752
4539
23422
8907
2503
14518
8120
10717
13013
29637
23011
16249
26932
15677
19180
1577
29968
18066
26559
18161
12180
3116
5426
31152
13708
23673
15921
26305
2045
3133
15548
19179
22928
30896
2640
15552
3008
21935
8622
20982
2117
11981
3733
5198
24509
14648
28492
4487
17452
26436
19533
17203
8282
16701
5628
18892
14893
22230
25650
3361
11148
30595
23500
6610
6210
19716
12261
21405
23343
5687
27726
2749
3767
1083
31170
18794
32210
19072
28336
20443
9928
1527
14924
67
17016
25451
32582
18572
5777
22133
24156
20545
11572
7636
13092
25369
19275
32365
18308
24170
16380
27872
15089
31379
11255
17467
4051
29406
18151
21169
8345
9150
24167
11553
1856
7991
20414
11534
12045
16070
5311
12956
7645
6669
20855
3688
7858
6127
11205
29161
30266
28671
17397
16304
1272
9221
14095
3956
6066
29237
3302
13732
10744
25313
1231
4819
30664
5983
31551
26847
31048
32210
6498
21276
13797
6478
3229
6459
18380
14154
11325
25820
21360
13197
7899
7928
23628
2591
24472
9351
2340
843
819
4605
25131
20472
3689
5385
10557
12276
3281
22737
23750
10982
23608
14903
3319
3600
1641
31401
1192
30197
29102
9505
12146
10418
18834
11426
4191
21381
28798
32391
27374
13087
12857
23573
28408
9710
31491
29833
19797
6063
20492
6283
17010
10120
16187
6869
4492
13712
6027
29351
659
16287
15017
25607
16591
3107
30592
25986
1311
18900
27894
4411
30143
14537
28853
22992
12833
29448
23541
30609
22822
269
21150
14218
4999
15038
30991
23395
5467
19154
20019
22972
5085
15414
7820
26966
27626
8854
3404
12744
21605
22095
16901
25322
12816
32172
27175
3937
16879
29630
25053
22977
16813
8227
26511
30868
21138
8442
12662
16135
1
16059
16882
10437
31845
2386
31017
30492
11832
27547
1492
939
8612
5008
21178
579
21518
27197
27971
21624
4993
9535
29636
8029
31537
5018
27118
2832
8255
23884
14612
19827
20985
32342
337
16953
1462
14593
2769
3015
26587
1510
6502
18740
25578
12545
17319
11254
5721
4903
1164
7463
12635
22267
30077
18191
27615
2518
10108
1025
14620
1513
12962
22384
6733
26374
18782
25679
21621
2513
13450
1034
16394
28294
401
11341
9484
15803
20320
11711
17294
17545
16831
24372
22960
19875
339
6632
24758
9491
9429
25435
58
20811
22890
20326
30679
20625
20847
13613
19611
22928
8126
1422
19037
17958
16449
15810
30744
9238
25678
20953
18848
26044
22504
10642
29516
9696
31628
28758
3316
8031
26586
16105
11063
27035
8485
11707
4868
2037
29424
28526
9481
26626
30864
20070
20983
15547
12903
491
24622
28387
10691
10016
23382
6196
10116
15924
14758
19900
24736
17802
4699
5812
13747
9396
13415
31254
1762
4632
19353
32118
30628
25537
15543
17669
12447
22247
20869
21193
18349
19870
8947
30889
20800
12773
26560
32597
17063
22596
6101
25028
1221
5855
4028
5206
2685
9875
25478
6948
21266
30194
20274
609
17123
28218
2923
10615
30452
20581
1686
19057
11396
32234
31129
9168
12715
14105
19677
29269
29675
29610
6380
30941
17494
7991
10642
27999
6639
19918
15848
15008
21002
2069
19052
3673
6738
25879
3168
14421
3607
13379
2898
21587
30847
29567
22482
12783
26598
23403
24397
24588
2660
26337
5134
5870
30196
17921
13548
29056
2619
5196
15690
1907
22633
30817
22365
4300
8501
32278
30557
3297
20769
6405
27070
23011
14206
19632
6170
3624
13156
6004
10298
31523
17744
1636
8259
11557
11567
9375
10262
1052
12201
7623
7776
18261
12982
28982
17832
8349
6455
13414
4223
29236
14393
8870
26224
15189
2094
27202
23305
31599
14337
18537
21794
31119
17421
27722
10069
30929
5666
3980
31129
29478
20410
25111
5712
20905
23366
19776
14879
25414
29018
26120
26471
6344
4354
8409
26118
14241
10928
2983
3294
3886
15762
3032
28501
21272
22455
1276
28365
30015
6285
30611
2452
28987
16594
4117
6730
26104
20456
25101
22551
27267
31960
19118
30430
22557
27348
24196
13644
27
20548
26840
2876
7518
16373
16658
27597
28553
17308
24156
4514
28832
26983
14702
14573
29985
4414
12947
4752
15585
17803
29296
12366
346
11478
11817
3765
29382
29911
28311
7032
5143
22213
1417
28108
19981
4357
9149
2337
8297
324
24069
27838
23475
23765
29608
10688
10664
23655
29100
2293
12266
32533
16384
13170
26912
10529
14426
2368
28386
24133
9376
28627
14058
22670
25846
27631
20836
15146
18909
6578
5501
26926
10932
3623
2293
28192
28788
28686
16017
2621
24229
24530
27540
20989
5360
20610
7250
1756
19457
21538
7241
25517
3166
21530
22822
12639
29993
233
21763
2291
3076
3431
24361
23744
19307
23935
5677
13458
14928
6721
30277
6352
24864
4597
8756
12271
4890
7557
25165
26283
1160
23001
18834
18677
5756
26314
10701
30466
6213
9467
9119
21493
28983
23408
12333
12454
7872
17298
23559
12489
3832
20004
20047
26906
25213
16499
7155
3193
23886
10415
29629
18078
21214
19836
29545
2753
12313
10120
16232
13746
14647
28633
20921
31239
14347
2727
23549
29730
2233
5068
3414
18680
4812
29235
3927
31404
5021
21363
22908
1257
19515
19408
3069
9791
28634
16868
22174
14057
2297
21470
18512
9167
17643
10373
29179
9812
25122
16380
31431
20297
349
18113
1222
16464
10677
14354
17790
29045
486
26055
19908
16516
7968
27806
23263
31151
32706
29992
11393
3171
15045
1682
12256
5024
4562
11338
8790
29408
13877
2494
96
11218
23290
19152
24859
486
2144
8859
22458
20219
18584
17729
29929
6051
12246
2817
6615
15652
27186
18401
13701
24624
16270
13330
30360
6365
13093
10993
22658
520
13407
31146
22684
27461
8336
20700
16108
25385
5642
8062
14656
5820
23418
29803
6759
11714
6890
634
12223
31250
23166
16164
13657
12727
16889
7122
10274
23560
24252
14997
12427
13226
9598
30471
17600
18102
25827
7343
4606
8511
21691
5393
31308
8127
15083
11718
2055
4627
22865
14215
21946
12433
13924
18414
21517
31255
22330
10542
13282
4832
21175
20288
19805
14340
30258
26960
31531
24383
3102
9990
10771
24892
15185
16399
4034
2434
9434
4500
30959
1292
28562
12951
9170
25127
24683
25946
30418
383
5042
32366
28845
19876
15892
4391
21815
21872
26993
25068
17518
1249
5215
32372
31470
27547
23823
14629
28206
17748
5718
2034
8421
18244
4131
30599
25304
23873
18318
19951
12376
20028
22654
10600
12233
9834
9804
5585
25933
24028
15285
8559
3887
824
23409
9174
23518
24902
8979
16914
6787
23429
31750
24081
6669
12924
16335
26505
18763
8841
29428
3699
28447
9603
21049
23701
30591
2182
6600
2896
8026
10681
7317
15601
17399
9140
17588
899
31985
1649
6548
24693
4967
27364
2106
6830
9012
13321
31814
25009
12582
3748
2793
6349
2504
5728
23722
7081
30892
9298
29985
32127
15272
5921
5106
14006
14598
3754
15110
3447
23430
12713
1077
12479
5112
17706
12261
28373
19497
17371
18426
5660
29286
26022
4184
19953
6003
16936
17367
15457
18538
22506
23459
20620
30076
8442
30575
23792
12453
176
22402
5956
10724
10537
27080
9827
5092
6257
4345
3029
17715
25681
16372
5181
27116
29372
27739
749
8767
28714
11547
28688
5550
23915
13419
4214
7670
10475
26024
8985
6268
29303
5815
18325
21323
9589
28693
32543
216
20973
23515
16184
6254
410
759
5099
13884
9716
32321
14159
3890
