23842
19190
3221
9595
7064
19138
27358
28648
22676
22991
31138
11662
21012
23692
8029
12579
31432
18131
25852
31353
21527
31024
29194
15882
30865
6872
3096
3914
28121
11691
11129
25416
21671
24111
32716
6679
13977
25998
9703
15251
26526
12810
27564
5086
6315
12775
23938
27820
18321
26322
16329
8080
24403
17682
6995
10078
13450
6612
24800
26829
9626
18864
17670
485
15521
1427
22179
11415
7338
7315
7013
1144
3620
6021
15495
31685
31499
1187
18082
26129
5946
30815
18938
19266
6562
28697
28446
5592
15453
2717
24358
23119
4458
12612
29097
22215
30139
29881
14102
18391
4602
7966
25465
18776
14739
22912
9807
5311
32333
10568
28171
25741
36
27395
820
20544
12294
30081
21896
1764
29982
11086
13249
1837
24067
15677
2621
15295
31366
12382
20702
19768
30363
7602
16380
3436
5333
21158
30877
3944
16438
6029
20647
2846
31219
12787
9110
5791
25445
6304
8479
3168
2454
19448
32696
24512
10412
26007
12947
15790
8231
5958
29823
20499
32114
23103
24846
24484
25438
21156
30986
5679
17860
31674
32168
17577
13036
24185
23529
184
29797
168
25818
13885
13465
10919
16356
21351
8406
32083
8619
2959
1438
17143
3553
18020
29045
13850
16489
25061
25493
4824
17621
23810
1806
18472
15539
15083
18474
22531
26110
9369
4994
25472
17545
29459
31862
22654
8430
25121
21577
17568
5312
13809
1579
25500
29938
3339
2823
9997
16088
29477
26027
28274
5374
19172
31276
28110
8723
11146
20719
10796
10767
11899
31233
744
5372
5997
20207
23609
9447
10228
23855
31065
618
19378
19701
17088
1329
3268
9427
7754
14688
23790
4642
967
13419
13339
31403
26712
22517
2165
17749
29998
32293
10425
1651
17358
10052
31361
18699
5965
10233
8863
22789
4010
8399
18461
4619
31542
24348
18738
4895
7915
14682
25152
2521
22869
24431
14703
18087
8315
32469
25214
11478
17583
32753
32002
7296
15402
17562
21816
31926
32688
15000
1350
21744
28579
19118
18291
5767
4757
16874
26624
26451
10982
2409
29578
17336
21119
15114
22085
14668
13892
18199
1150
6127
11724
19708
25694
3932
5179
31017
19380
22146
29957
29121
7922
3339
1672
17619
19639
28225
5686
24510
27763
23022
3480
2692
18213
11278
7798
25906
5617
29304
1245
17272
1442
11189
10050
5576
8509
3012
18653
15953
23580
7703
4544
32362
14530
1587
20216
30534
10038
17538
14736
2440
14870
21235
10582
24664
9168
4079
8582
3607
22697
29716
7079
16034
13604
1937
17241
29813
22948
3559
31067
449
18383
7849
3284
21506
24719
17183
18297
5612
9045
6710
14516
4452
28332
23529
28910
2447
10361
29933
28122
2335
13576
23918
15404
22771
28166
10870
14810
5501
26851
22319
15838
3351
18744
191
1662
31107
7119
6454
21106
31953
26037
16703
2545
10661
12738
27799
7212
5559
14757
14645
14080
32303
5265
11995
7255
20358
8653
13014
32295
30402
2691
27422
29928
17474
8257
10657
21110
7890
19490
27807
14937
16181
21459
28592
25640
8347
13408
6504
23487
30430
3923
20677
16038
4090
16033
17855
24588
2935
27514
7743
30127
8952
4288
16209
26882
28309
131
9203
19449
19430
7201
403
26435
28185
21656
17607
7042
4781
16516
7293
31876
7416
24114
4636
22225
11030
8666
30521
7640
17429
2034
28244
9939
27874
20857
31779
9250
6576
31584
6051
12853
12750
24258
29980
4213
11406
30132
2212
13028
2948
21211
2507
27527
6372
27130
13384
2139
2162
27893
25263
23263
1635
15469
6390
13955
6906
31404
18579
17828
4274
5879
2809
21745
26751
16298
2101
21870
21988
28954
20658
23329
4468
2165
29135
26507
6774
7215
19619
308
17413
15779
98
20971
7581
19103
30307
23313
23184
24656
29958
14319
27382
32268
7311
8375
10673
29936
24558
12161
4692
18579
16826
7421
2466
19319
8866
19161
30818
8907
28454
26796
31314
4889
23815
12396
4335
14501
30088
22494
14534
12254
7774
18231
32546
5762
30472
19501
14292
20881
25767
5469
28755
28145
15217
13939
1642
27271
20771
9990
11971
16167
13825
5678
11868
23753
8757
6631
24986
1615
4150
18446
14480
21122
22723
8441
17031
12594
14187
4747
30946
13088
440
4877
10956
16865
30620
17436
31665
29388
19620
3119
12485
20655
19597
2359
9586
7981
29925
6474
19487
15428
21105
32262
15314
28203
17128
12840
32387
9438
18155
4302
25275
17500
6934
31298
2776
10515
29028
9986
14754
11235
18141
16310
10752
30755
28083
1702
32515
9458
21844
8581
21942
23435
21056
26806
22815
1901
26542
29910
30776
21189
18048
1992
22470
26018
32002
28874
31586
20699
4944
20777
20675
21018
16396
1397
18491
29775
12843
15410
15643
3714
20962
6451
7230
3509
558
5096
8798
6311
5221
11650
21685
1035
1061
4411
28432
14825
13279
13882
31521
2716
8842
9562
32315
17850
28584
613
32056
6766
12081
26596
25514
30560
4636
16911
4999
5309
20818
30993
9635
13217
22098
10858
8203
1609
16541
5586
14557
12381
4480
13321
8477
15076
28064
1877
22046
26483
30337
21422
24855
29415
4116
32575
25251
5749
26814
16241
4882
23126
21600
23364
24726
1754
22945
19959
8882
26396
6003
21976
14220
8590
15121
6862
6512
28126
12090
28970
18032
26788
6955
9319
17067
25397
16899
17537
27265
2984
31391
2938
9278
3370
6284
14535
3103
15271
25878
10376
2657
21140
4930
9138
15211
1325
16143
9897
14517
15955
11498
11578
7446
2027
27124
16382
29811
25728
1741
6157
26496
3073
12839
14379
23260
6009
13962
15313
14235
21778
29634
19973
30220
14198
5192
27869
7755
27377
4948
21527
6324
19753
28676
25173
29988
21497
495
987
7153
7514
10692
18094
16013
17883
19103
30233
8959
11537
776
968
29111
3399
3020
16750
11827
19280
1374
25745
16746
499
31368
1360
30965
29231
7738
11540
8889
16424
19742
15904
22194
20368
18818
17940
6319
22269
28862
2842
11442
11712
28957
17416
26435
209
724
26643
12336
16636
152
22673
5254
31947
2720
32466
9233
9318
13769
22221
5849
22156
18775
8102
31689
17386
21730
20628
28944
16439
26936
26990
1542
8767
8011
23509
22477
9774
31461
12877
9992
23306
22442
32059
2742
2466
8240
27062
14053
31206
3714
23527
25596
1290
4161
22548
21254
1875
13098
16220
14160
16436
15338
24957
17141
17773
6796
19921
28968
24352
25216
26026
25264
27250
18411
31627
14387
10993
28529
28465
1899
8388
8593
15187
19682
11916
31457
3205
25726
20274
25450
21838
30127
13191
25571
4726
14014
20877
32759
25447
9456
15859
3814
8776
15766
13937
22867
7419
7743
4992
16428
16144
22821
16868
13031
401
5228
25437
19962
30245
2610
8460
19959
1304
3993
21401
30121
21290
3054
30220
21931
6525
10989
14711
31014
3474
13567
5372
12142
17297
18433
16985
32727
11308
6926
2201
5031
29176
490
27775
21439
29754
13564
5715
8183
16337
4528
18126
11582
24269
24459
10142
3121
16408
25308
18068
2298
22084
25630
22937
17861
17998
4199
19960
5643
2226
23030
28087
13936
14317
26224
27189
26887
21033
12842
11401
24748
28399
11436
6709
10906
24051
1005
19425
29016
22622
29860
29346
9721
11358
5128
16589
2807
8624
4174
2626
6078
7046
7449
30614
28109
6174
20420
5031
30514
16627
955
21507
24804
27641
16453
2467
3850
4310
18692
17107
8929
22088
5426
24935
2790
2154
3691
19113
897
3885
21549
11834
4509
21586
15915
15096
29767
21006
31361
24796
26270
10791
26640
17305
12689
2244
3338
30467
2403
1568
18592
19531
5076
13054
11503
4103
18948
10784
5432
27258
5102
4106
4139
23436
17870
25583
12018
1198
22474
4143
16223
25240
8517
5236
20639
10095
17627
27948
20697
14869
13443
24113
17629
120
21726
636
24975
27965
18898
3214
18788
20598
9908
26038
27337
9925
8082
12671
9793
11774
15103
6171
13056
28810
3167
26033
17069
11643
22600
9314
6346
22076
28010
20111
19871
12628
1905
27835
5299
30828
6054
24034
29954
7637
27682
18571
4638
13388
13833
28745
16177
23352
1168
30803
9792
3859
605
12022
21248
12926
28802
12470
6162
245
19238
25270
2999
24237
23528
24517
21086
26661
19456
18639
6913
2605
13948
14829
15569
5257
30929
23058
25414
5694
5926
20706
13200
293
5141
4871
13501
9072
28299
903
4223
24998
9352
14446
22924
11935
6399
29509
5347
26367
20072
31370
12056
25578
19524
13774
17513
14225
30115
12914
23488
23332
18695
28829
13170
30870
5431
11091
23962
20002
13197
25155
7737
27571
2859
28497
20410
2487
8797
21566
26489
20172
19914
26869
5776
26854
31612
23898
7256
2932
5831
26048
4543
22814
9964
8225
17877
26064
17768
24484
17138
2929
17468
23173
23207
26746
31567
17396
8666
2780
18222
17408
12412
5214
19560
25328
31691
3659
18442
19853
9118
26294
27612
27820
5971
27473
24989
9378
27401
24994
901
1170
19743
30600
31349
967
7983
22133
19077
28512
28682
4183
3179
802
25905
17215
25220
20162
8073
16333
11164
5265
11508
18536
9507
28944
13071
14258
24110
24911
32691
17785
16963
32518
29826
28775
3730
30990
32369
26844
10234
14406
27480
23823
12718
24564
16305
27009
31590
10605
25776
1659
20345
6355
20248
15753
12274
27641
29117
29488
3001
27110
17971
9074
26681
2995
9908
22197
8958
31635
12760
24537
10829
14704
7446
8850
9917
1922
10289
3085
15576
4999
25014
18400
27048
19491
17746
8465
3379
28566
21775
21470
6117
6670
23822
27201
26097
29073
3196
21799
2657
30147
20265
16547
21091
28674
9878
29787
24751
9845
8560
31721
18914
7691
21176
9726
31924
15301
2674
22688
7533
27370
8894
11068
28801
16629
7994
2550
8163
32363
26842
6781
27457
27846
4325
28541
16462
24973
10880
14403
30045
15671
19440
14819
2596
31532
911
9034
15265
30897
8422
31142
20402
24162
27942
7848
22347
23476
4373
29209
10357
16603
3009
6321
23285
16048
29730
10145
20171
21156
7339
22517
4757
10443
29049
28629
13763
4334
6110
28955
12158
4863
12187
7706
10211
24033
9855
28524
755
29414
29645
28946
3758
28097
32230
1979
17108
11004
5858
25492
13130
17810
28768
4728
14184
29107
18230
5666
25349
7191
26693
143
8103
11042
23186
29393
6340
16303
8725
4529
11910
3606
24680
22667
1108
19266
24786
18806
5658
28424
11690
5081
19245
28410
1537
21715
20358
12910
21496
26625
5652
17019
2771
29452
7838
30378
19071
16684
3481
3345
775
30514
25476
6740
22336
24152
19193
22485
18468
22466
375
9982
32356
10589
23662
2121
21434
22139
26746
7408
9563
29941
22537
3076
23284
29390
27330
22283
16923
4837
17631
20663
13338
26963
13640
23546
13892
6419
27532
32230
6578
1829
20477
29599
28807
6988
1540
23605
7350
28857
32220
9377
20239
12515
13694
13399
4153
25802
26137
7962
22791
30777
5816
20333
31605
162
9496
9873
22044
711
6919
4196
2291
9346
8937
28179
8400
9995
8668
4524
7972
22575
14129
11490
21954
31729
18097
26039
24340
18561
27188
26245
25985
21668
3631
6846
11855
4146
30064
11940
24115
25991
15055
22407
7787
1121
32212
11533
21243
23538
21032
13242
15474
3343
30084
11725
16571
15352
2821
31836
25401
20276
14842
31682
20305
9532
4450
21881
7163
10221
11899
22117
371
17492
20701
13784
20342
27931
21469
15524
24854
546
560
20538
6075
18728
19037
29104
16163
28
30656
27510
14944
27172
27802
29679
313
19912
18619
1338
11476
13686
10062
20185
19602
17971
2074
28418
8609
9172
1932
11160
9110
29693
25563
18166
1217
3695
25829
22020
7420
16433
8444
26469
16567
26150
13433
24189
28713
4349
19989
28628
21008
5542
28260
7273
20232
2630
28475
11882
2529
16238
192
20318
9772
19850
11700
10077
16184
14291
9123
15981
8635
25140
5735
564
22505
6215
15050
1599
21437
2816
17794
18491
23054
763
14082
10786
5304
16077
25108
19623
78
3608
773
20767
31235
13047
28873
20765
27959
9951
13747
20222
27676
1395
22159
28907
17882
6763
17075
14678
30376
260
20106
24117
24868
18525
182
27570
18047
8576
24971
30610
820
20730
26253
28393
14514
8377
21600
4831
29252
32675
11982
6707
12006
5083
31107
9869
21217
28856
15519
5063
26112
8993
15924
24163
9574
2795
25492
14351
19207
17241
16753
19197
4104
2156
28154
5101
29579
21674
8705
13912
1700
18826
24832
5473
28521
14354
6421
22456
9923
2733
14318
13485
23172
30817
19768
4424
13509
20116
10983
26019
12630
9610
10217
26298
26929
31166
27017
29529
2212
32543
30439
18507
21469
19708
2380
5004
31320
31267
19036
18359
8576
29343
27667
16541
16807
29874
28214
10973
13874
6901
26353
26509
25890
14924
22555
2109
12054
30007
4933
20240
32146
8025
23029
6462
1274
4093
5016
24656
24506
10765
12653
31083
8065
581
22941
6659
10440
26050
28534
26867
27811
31132
19177
10083
23851
1756
15997
5277
24384
25561
14409
2151
32464
10618
13658
17816
28718
26153
16741
27881
14926
9686
10505
19533
31591
9524
16417
9635
12348
7224
16866
3471
19670
10655
724
9857
6308
20673
26111
24633
29535
23726
6687
3540
16733
20964
4825
23840
18417
12546
15567
3628
9177
30029
12562
1802
8472
23078
5357
19364
8771
15927
5055
4735
10237
11322
20789
29933
4776
29411
31229
6208
16646
32181
5685
28562
13889
10252
14400
5516
24444
25746
24877
16575
15357
27813
9002
18806
22071
24416
14262
25685
21383
21200
11147
11800
2536
7793
32120
21328
7159
32342
3598
28978
8556
9876
2524
21147
6958
25962
11209
16766
30228
28671
1869
2389
18504
16953
28071
28128
27062
18433
27613
6377
27339
20965
29891
8290
11555
20304
3454
4055
18157
29324
32603
6070
5859
22305
25549
681
29073
28109
29025
13825
60
13697
374
11334
8839
20615
19011
32379
6802
27126
15478
8763
31761
6252
1449
27993
10832
24491
17685
23557
11610
7849
16529
17754
16147
11583
10155
30067
30694
2668
27464
31521
3324
26619
1168
1832
9904
1636
6983
20492
22523
6264
4646
1565
21151
24319
18930
1215
16212
8690
27456
26010
13729
8190
16100
3953
28038
22794
8038
24470
4633
5420
29540
20548
5926
20076
21513
2246
11056
1046
10472
15937
31519
22069
28231
30057
26514
9103
2683
22994
26127
28738
5806
31299
32623
5869
10121
18383
4621
25203
4403
13689
4699
1554
8867
5946
589
15901
14354
1349
30618
15895
13214
6376
10985
8903
31569
21349
16794
1795
22421
1511
6348
5846
9042
20085
8558
26012
27497
19757
6423
17139
2947
4272
2999
13827
19974
18064
19396
32701
21296
9957
3751
12810
13122
5229
24189
10460
1889
14901
23929
32635
21597
2613
11063
30362
27341
1366
15519
16412
27543
6247
5864
29757
9685
20814
16032
5191
25073
2266
7527
31658
16073
25437
27061
15997
22177
16322
8476
5799
23976
17635
11743
2362
9364
15572
30979
5698
21880
31487
18338
2543
30752
8634
6740
9218
10197
27459
32267
7396
12184
30214
25318
26683
31037
27558
3704
28487
9215
5108
12457
32507
16046
8601
409
3504
9263
31507
8954
15854
1848
26911
21950
13038
22139
646
12641
28732
19176
4158
16042
601
31299
11562
27461
11224
3048
29846
6964
26002
5436
18951
28019
9463
30608
12934
5975
3161
4486
2639
10351
30222
22437
8388
9308
13983
17970
28158
26938
22967
764
1600
28072
27595
20754
5613
17433
32089
4072
8957
30164
1691
20262
3494
12640
18230
20281
25099
22486
15250
21330
31394
1980
12228
31921
6368
27702
9831
13729
2861
29608
14713
20533
9042
26980
19277
10601
23136
21293
23887
30825
3180
9410
30022
29434
17256
28964
27521
7378
1267
8066
862
31126
11250
15051
4556
26107
3726
30183
22024
18982
11109
23977
5486
23242
888
28120
24393
18805
13765
30416
14871
981
21164
17274
23146
10614
4556
14438
5940
17785
20966
18250
8653
5881
13833
24862
30398
23433
9788
8641
5379
2752
27941
4304
5090
1303
26513
2016
11372
21885
2573
21281
23292
32356
20795
20266
3840
21418
18149
31187
1314
6056
10601
5814
705
7752
20155
9849
7061
13520
26580
14796
26427
6099
24222
7083
31139
8296
23646
15426
29680
19504
11025
15260
4688
32481
23400
29027
30180
20856
9558
23966
9151
5932
29256
21763
13550
24106
8805
2500
12632
23794
15334
14071
23494
2191
9687
1401
16215
13288
9873
28452
31824
7556
11977
29313
2086
30902
3828
20698
20544
17804
20390
27843
7060
16147
17307
15657
30282
28735
29396
30431
15044
16266
32559
25608
27144
26328
16882
18483
6952
14332
24008
10155
4700
7912
7061
7832
16912
18645
17954
11256
3892
32486
21161
18008
28464
4713
18328
3665
22448
21740
7472
18683
20715
5768
14260
8668
6198
6729
3414
3969
11058
15366
3121
11081
9724
30371
6325
26164
16968
11300
1202
17525
8787
20326
30367
21878
30103
23942
10267
3420
3326
24924
29184
30850
10451
13012
3595
19140
1141
18703
8212
4314
11356
29894
1051
29757
4465
2599
2847
27598
729
20690
19871
5719
18554
32454
7106
2325
6985
25460
13133
4349
32197
3355
16712
9044
17795
8092
94
21657
25991
7356
29037
6801
30078
11185
7642
4971
847
28885
17127
27442
23743
29137
11344
551
20484
13322
18986
2256
24749
20210
11892
22136
21518
21732
21241
12724
1247
21424
20508
25667
19489
23250
24339
26820
10272
26916
15964
3291
7681
16905
21857
5855
28135
546
4299
22006
27208
18014
5039
20469
29473
17221
8508
10048
13467
28367
8631
2670
26802
16900
12298
17015
31865
10490
18691
13352
4941
32041
24913
25162
12783
22218
30793
23019
30678
4881
22823
30655
26623
15868
16117
149
3886
17386
100
5000
1709
3156
3659
23819
1501
1394
31556
23419
15791
10551
11011
3670
15941
5665
21131
27867
11158
16850
7924
22137
22379
21861
6201
8994
9232
13332
19
13893
8931
19193
22504
6129
11217
26021
7805
16507
3939
12208
5618
23399
19657
22155
21182
31886
15084
17440
29966
29902
25618
17204
20006
16796
24885
32068
24818
14653
18455
19911
26363
23649
5230
4944
14149
31934
23557
10054
29961
18764
15734
19931
31899
29328
6800
8816
9890
25340
15445
2950
3659
28026
10508
8764
19897
4723
14068
3385
11823
11477
12969
24879
4548
20179
16921
992
5697
25514
5835
29667
22916
19587
270
9824
22050
31877
22470
24756
27523
15582
18852
6900
4501
14418
27764
29305
15830
25162
27637
3716
32734
7053
32107
15851
7525
16492
16474
23147
11361
18838
32735
21330
8858
10670
13553
26247
22276
9256
14422
2163
15120
8511
30211
4265
25187
31813
9327
11721
10306
13925
11562
14863
12048
25591
20838
30635
18647
9035
13340
11420
7623
7364
17324
25855
31887
15402
28080
24725
10612
4115
6684
13042
29622
1632
28977
27240
763
11095
388
16407
28855
5950
2900
3778
13512
24919
9345
20406
15547
31370
12303
13858
11352
25686
23930
10571
13258
3526
25260
18835
15737
7496
24690
23242
9019
14387
12456
7510
6388
28318
15928
10268
31982
13397
21838
7483
26808
24205
31176
31521
12754
19141
3431
28747
5161
5594
14829
19481
26469
11446
26670
7586
11910
540
292
14774
16883
15121
316
24095
20492
14960
26866
31389
7340
27030
9279
16029
6366
19274
27522
366
9475
26360
10165
4172
9591
23279
4936
5976
32341
28101
30362
4857
20395
25999
13027
21815
14499
8970
1051
7052
463
19174
15953
13322
2854
27221
23669
27845
13406
12933
27051
14771
18415
7159
400
26620
18472
8797
28040
17187
8676
10143
28635
11711
32728
4000
27820
20483
28919
16470
30838
19427
4893
2528
24957
19756
32456
9922
21113
3141
8514
494
31547
16536
27768
14772
16351
1679
6528
10703
6784
23725
11425
29400
23915
17155
1046
1145
27724
29870
17494
30821
1454
7771
9291
11517
7246
3705
19854
32404
31786
7774
19731
30812
13489
7518
16593
31767
32501
3725
13754
8719
18238
10686
8544
21874
2473
9642
8220
27607
24764
30143
19938
2616
28435
26318
2071
31421
15919
21602
810
19704
9151
12779
18667
29110
23994
29534
6760
19219
19339
9070
19454
7219
5407
7387
2828
7739
8145
19066
4254
24855
32504
31930
25140
17485
8617
16510
19015
18218
10935
21119
29240
7541
22211
19358
26408
9211
6819
22878
4427
28964
22813
17088
14617
5650
11509
9770
10518
1943
13358
28282
18752
19036
19434
21139
15202
15385
6231
15337
8759
15791
649
16925
19275
19452
1726
8872
12535
29421
29248
7123
19904
25453
32080
31836
23035
949
20897
1773
16119
27000
32124
8401
15061
25696
26587
31457
17806
2527
21540
2046
1986
30860
7122
20563
2924
29359
15461
4159
28665
30737
13864
32069
16797
3889
4193
13982
1267
7991
1321
5526
3410
14682
285
11722
28507
2916
2453
28868
21604
31603
28528
561
23107
11013
7865
24453
20856
20537
2395
23694
24963
14287
13561
31097
15045
27245
10670
17273
24303
21780
8408
28090
28739
13652
10765
28041
21943
31005
27466
26496
31333
20562
16357
21696
24166
13759
12977
28301
8934
16116
12980
11839
24189
17700
16402
2693
21950
18893
18451
31150
16836
31275
30191
19527
19717
14683
32401
20737
29187
25934
18062
15286
6431
4262
3041
20097
26802
13304
6671
167
22007
2633
24
22933
26498
18023
10252
5428
7232
28456
5649
24116
13638
28189
21683
20322
13603
470
129
435
15235
25592
30701
3549
30467
30035
1445
11304
25382
25610
12996
29478
4546
23763
30068
18507
32666
14583
27852
18656
2441
30588
2655
28308
21978
8341
19286
1629
24247
403
24398
31673
22841
21603
14056
7965
13756
29802
4356
19707
15099
32595
32057
16393
14399
1415
27813
20633
3774
27175
29138
19935
9728
993
31095
4868
25332
2296
22068
7616
31528
11473
3994
8716
5116
21215
22377
23234
1929
30875
5125
13961
329
10850
25353
27302
22305
16166
2615
6421
14784
1611
12193
11733
1726
8282
22953
3990
30692
29341
6081
21724
14142
29067
23894
3567
23524
31007
3366
30265
19545
1843
15080
5993
582
3400
23111
30805
1660
25493
11665
20615
24887
3503
9443
10132
17996
31668
6602
9544
23337
23677
2300
5042
9272
18298
31600
4860
26920
19700
16771
23907
6700
32505
14241
18178
7119
4633
15706
11655
16667
7620
32662
19018
31414
28009
2552
18104
20951
27485
26950
3919
12036
29648
17557
1259
19602
26177
25388
5538
20719
32569
18297
30383
8559
10607
13990
2132
15221
7300
2677
24874
26677
29749
5263
2160
28366
30348
23557
25788
30530
31662
19401
13298
4168
9997
15197
15101
30837
25294
16565
27810
11498
25160
5038
25608
28213
11886
32602
31331
31140
4087
5409
31141
16017
16722
10297
18421
20467
10133
8252
18523
25542
18885
24722
16587
18627
15426
30439
29261
15201
23952
313
16541
24798
12724
19779
10345
10241
23657
29863
4799
12204
30955
3532
22805
27418
25496
15231
10272
21627
11673
20486
31158
12316
935
4042
13499
19177
13378
21255
4139
18787
14520
29355
24481
20748
559
16604
6389
23013
8690
651
26804
30555
13135
2158
24472
4159
2108
19495
21613
27213
1705
1302
5129
143
845
24853
28251
9614
6553
4277
32677
12274
31656
28352
15307
8605
28480
29421
8758
11675
20643
10881
13643
8151
9876
27212
2860
16366
18080
15902
17574
19936
1434
20390
2227
2912
27116
12079
22372
31604
15022
16877
7915
31796
4082
16381
2400
542
19086
10248
25031
23515
11410
30894
20025
3030
333
27941
10771
23770
7598
27353
18282
27799
7763
20268
17804
23373
9375
278
10165
20223
6449
3434
8074
10868
9590
29384
22896
27351
6477
20873
1914
10332
3441
15654
12113
31107
1882
30687
32636
28442
11541
13558
25762
15423
53
21129
16058
9839
32587
5010
30619
21198
6344
14666
209
13169
15049
31768
19340
24397
3804
21534
19595
7434
23356
19255
20797
17430
16214
17975
26915
31578
17520
18838
26923
6146
17433
28700
4630
9337
16804
345
10622
10461
17466
28328
28415
11113
27100
13735
10209
790
1122
31875
11874
32697
30209
10166
3036
9456
7481
7831
21720
30844
16616
14504
2560
26543
29573
21610
4336
12177
15426
15600
27588
555
19131
17539
7116
5571
26299
30453
30373
31691
25443
4908
29913
28748
2537
13167
24829
24462
22017
12499
17693
15086
8808
13955
14563
10221
31791
11512
9868
23415
29577
18676
26473
9718
3725
14775
22673
4285
18445
11861
13175
4778
12578
9925
6639
17299
311
26722
21577
21026
28545
22789
13580
20547
11870
30059
32152
2290
10680
20047
24369
28893
17043
4085
6560
1458
8736
21855
7982
4450
11266
7543
13498
26751
2207
32053
29463
15659
15115
5569
2573
19480
13744
24697
14605
4727
20749
5328
12282
25559
9489
22826
2227
10262
29891
2602
12808
6883
28918
19609
645
30993
15519
7673
12103
13388
3211
24132
32046
31295
2400
23874
22967
9202
30352
31096
10116
7120
8597
16903
15264
28535
2026
1341
9442
9972
18902
10867
3610
30160
32709
10977
27176
1479
23256
14024
30091
4178
19352
25542
22315
23112
1124
28062
14907
3957
30282
1505
24669
18168
853
9054
24799
9260
32096
25912
16757
29979
20435
5589
11237
28126
5215
11446
22578
6577
6823
18678
27561
24032
19080
30725
2524
29310
25845
20639
19922
409
23416
14664
20587
30559
11074
25388
18862
22841
16254
29901
9782
3477
31997
29149
29258
24809
23574
8973
5602
25791
14588
3334
28638
26520
15213
12422
17237
20146
32331
25060
1985
24674
3147
4737
23656
3589
27777
4825
18078
30024
16900
13226
11524
484
19638
11644
19312
22316
6049
26812
18062
30562
611
20883
20197
14211
1624
18696
5383
5491
14318
8182
16799
10083
18569
6989
27599
23932
11469
5884
25088
15005
24923
23270
9188
15612
30034
4081
7424
12480
8265
20867
22200
26093
4585
7864
18137
5216
27408
32318
16193
1337
3845
13636
28824
21453
28345
14575
16411
15498
676
9642
26029
31778
24518
6146
30475
12434
27806
16715
27048
12831
1202
27693
29126
14804
5706
30240
32547
26576
11590
29282
13813
21326
16057
31283
5440
4939
5551
24919
28117
20167
25487
16131
6546
26510
22869
7945
2032
30408
3100
23286
5211
17476
7385
28365
18739
14276
29713
7596
30359
6416
22307
27954
6013
1627
8748
26177
6813
16513
32362
5522
29746
23294
30727
16184
23829
29221
23121
7050
27110
7371
327
12923
32066
5951
4582
25312
155
12694
21966
8732
13630
10499
23359
9191
17027
23818
11115
774
493
3800
6788
5310
28722
25207
18857
626
12750
3324
7312
14749
13296
17001
30086
17287
15256
1332
1006
31424
9276
15792
4054
6981
26918
32722
5019
16619
3432
5596
18791
6517
3040
19072
6910
9452
8341
19300
26854
28703
27696
10188
22393
23206
22636
27139
14648
32504
19466
11652
3096
24973
11521
21345
20172
21122
32210
17945
7969
7091
23941
29723
23164
10448
23256
11070
31026
3929
1505
6949
29161
1195
32179
19291
31859
18271
19926
11574
6344
21823
877
27959
26098
17447
26449
17098
14028
16425
23291
22347
768
24820
27864
17614
22247
6322
29161
14181
17830
1344
2869
32107
13971
6126
22508
21501
7868
1775
314
12393
31020
6282
14231
5490
23466
19818
1448
14871
11628
15312
19739
6976
32332
9927
23165
3288
3840
23386
28390
26810
21323
26937
4702
5509
25664
27906
31105
26681
32436
2633
12666
26957
4129
26124
16010
15003
15532
24108
6494
24589
6043
15495
25902
27935
31565
26388
23647
5224
24617
3447
32685
22037
28903
16559
11917
9802
17233
884
14663
23976
14633
20787
23421
25465
13940
23862
14729
6850
2961
19463
12581
28603
7947
6912
5975
6677
18961
6014
22213
2218
23610
446
32006
32721
7861
5574
26417
6121
17088
11806
6087
9179
28487
28774
22370
2932
19821
23718
5489
2650
7073
21944
17041
11953
11373
26712
19475
21592
16199
17241
8101
25515
16838
17684
22920
30926
29380
22945
17639
4121
32424
21368
12800
20149
30866
20002
24914
20123
24635
3333
24088
4372
13843
22763
15623
19046
5267
5207
31385
12487
32073
22506
17634
4466
26785
7682
19771
11096
27110
30884
23355
23313
8456
13267
22310
790
24425
15091
27280
1409
18217
4311
22020
8070
14425
21700
27391
28598
13469
464
557
17136
20863
4801
10585
14159
5552
24867
9502
8126
7566
507
403
23421
19011
4249
23279
3079
17275
5050
31498
19354
17891
11316
28255
1754
5489
22379
6540
11466
4756
1899
4799
2760
27455
12403
24867
29202
19150
20550
5658
10369
4315
13775
22202
5679
27183
15323
17044
11700
25976
32697
5235
17453
11571
18259
28741
4149
9803
21818
14926
3316
884
31434
14288
18434
5505
28167
1949
27272
18154
21439
3869
8710
31356
10830
13372
28521
3138
19572
30625
4875
16348
16214
16079
18832
20192
133
5516
18956
13624
523
28451
11979
8589
28871
19785
26592
20263
17376
5065
6456
24636
24221
31269
16290
22258
10631
12739
29015
27155
20811
16059
31726
18908
9075
17504
2998
29234
22513
5566
22876
20666
21319
30500
15684
7503
28653
17422
7971
21773
6016
1191
29634
30258
8188
6609
21178
28323
18637
24425
19924
15693
12700
13056
10106
16798
19462
10731
4418
4311
29883
31240
744
21505
26459
24121
31343
18841
24534
27795
21348
14994
22086
27997
10661
31254
26370
12423
23284
8089
5966
28457
20264
30055
12031
9376
6257
31081
90
21262
13073
27126
12974
26945
27682
3751
20356
23050
28013
7897
21544
10592
30246
15871
1343
32647
2950
7173
4817
30592
11926
3014
19122
27415
22300
1101
14805
18114
3410
11671
7812
3846
2569
22282
19784
17815
15979
16488
31881
7754
13787
18004
26823
16209
26664
22981
10019
3781
15822
7718
25185
29840
11176
5784
7248
3610
30250
2869
16726
10307
12277
13264
27024
22852
22398
10767
5494
8839
21393
15290
111
2916
15752
13042
26081
16270
10031
18740
20534
21787
16430
21217
22843
17855
15127
13283
2980
21752
13430
11550
30604
3604
30828
25937
10571
26657
28173
28036
15920
9265
11668
30173
5498
16915
23049
3037
9929
28027
19776
1377
20090
15212
9059
8017
31395
21579
14923
26808
31743
18134
21210
26254
10558
4427
22252
12296
9773
20255
27350
1221
11300
23042
30805
26777
17
31945
3909
11190
7870
11209
6235
30760
1444
1649
26547
12654
23444
31635
1418
25107
23796
17112
30817
22859
31799
7483
9096
6497
17582
7601
13880
13223
32252
1716
1241
22710
10721
29853
5022
5755
24850
3792
10012
17917
4989
730
28931
8933
5955
9801
25245
7476
11529
26624
20969
11782
29180
23271
22006
10036
30380
4564
13501
13040
28581
22234
17379
7637
26761
566
29804
1010
24241
15177
20744
7173
5722
5247
19128
24739
1898
27700
22609
11510
25376
2146
927
20783
18976
24014
18563
4354
29039
24817
16903
22511
3421
23539
19017
9583
12993
21858
17754
27026
19202
1267
3845
5352
13635
9154
30763
11728
1632
28191
15347
23871
17750
31688
8674
30651
7495
17598
28831
7607
2494
22072
750
30290
14959
909
4666
10030
16551
31098
14835
27474
19534
23874
4056
31131
15314
24763
10662
17425
7850
23061
12306
10669
29191
31545
16263
27129
29076
32749
6683
17673
10210
32136
23999
9833
17040
7125
30164
32498
31597
9422
410
22483
3336
14929
4159
13278
11627
1060
12794
12395
12818
17792
15922
1761
16658
15905
8817
8548
927
12992
12418
21565
30534
24008
834
5768
23760
1146
4625
117
9952
14629
18436
5902
14584
12894
18760
14641
28592
21086
31284
29127
1145
28925
11261
5786
4018
30624
25924
5538
5655
23734
30701
8137
4118
15283
3091
627
24851
24830
17641
18782
31920
14727
14616
32058
228
10038
17765
25717
24103
23103
13828
9304
19030
30824
9338
28747
16560
11296
16841
25499
7227
225
24289
17
32231
9079
5911
30270
30234
11058
13378
21348
18291
22837
15922
17335
18022
11703
22017
30214
4896
14266
2424
13458
26287
27119
8696
3684
18084
26286
18394
12195
9124
17655
2434
29323
17142
7337
7246
6726
18538
20128
20352
5281
31889
31719
27863
7200
136
8884
7141
2729
27371
8685
4422
3799
31665
30331
8324
5927
9613
25907
31095
11440
17323
24857
24481
19969
24610
26173
25167
28063
10602
1084
16034
3124
11245
8795
17107
18180
20589
24726
3506
22104
5566
7040
2203
16167
22592
9549
28218
14448
25539
1659
22606
27848
6256
27066
14124
25562
7511
222
4654
26391
29089
2271
32635
14671
25940
1684
2620
4106
30248
12507
24195
19884
25454
24903
23942
20154
12929
26382
14465
16227
10307
15241
30269
17016
11924
6111
15154
6532
12425
29128
29125
28388
8093
13190
1176
20182
15568
30536
28387
4598
1602
31299
26340
30694
15893
14982
24950
13245
2379
14240
3973
11066
26153
31656
17636
28780
28586
18882
5344
25363
3181
31117
26685
15623
3161
7236
31584
3843
5616
31148
20977
5567
21243
30188
21094
12049
19504
13925
3886
21233
17934
3101
21322
10379
26905
6565
32044
16452
16017
29155
11263
18587
29490
25748
22636
15711
9363
13760
3158
21279
20567
29576
21805
26309
5969
2301
20279
12056
27161
1729
25963
14381
32311
29717
20179
6886
26644
7909
21733
27885
28927
25947
6883
5050
2714
20744
4553
9322
11897
20454
17882
16738
23810
11280
5834
22659
19664
13554
9106
10640
32648
25033
19744
26360
13175
28828
16625
16940
28419
19768
9636
14180
19786
27934
21417
17405
17183
26494
1750
17372
21033
26310
5742
8441
32586
2182
8561
25650
22125
27367
6067
8933
26679
9896
18344
2418
13449
18126
29721
18173
21697
18539
8409
5186
7166
6530
13647
27616
12442
16747
26861
1487
3769
21615
6240
7850
14979
7394
19152
2836
16620
20956
20406
1185
26419
7314
2280
31773
23142
27883
19207
29375
9080
27480
2782
3340
5668
17615
27228
3352
17906
16792
29596
20122
3827
1094
16419
30224
5580
20035
30488
6768
15765
13916
18884
12305
7277
12281
26162
31688
16654
24337
10099
27919
17472
24402
24931
10847
26786
13654
3161
6289
5527
6735
29037
14966
23607
5944
27188
1747
1321
31137
4028
29122
24569
25746
3441
11138
14683
11778
29082
32057
4473
18375
2045
23313
8101
14170
6888
10448
23287
154
2463
25572
0
601
18208
23833
25596
18982
26464
24695
14932
20944
24307
5967
6946
12266
8224
19304
25295
23748
9997
3491
8488
7229
19374
6842
25547
11915
15415
20155
5693
4921
171
13096
24352
1266
20261
16097
8824
29971
6420
17305
30882
19221
31056
32061
30746
32092
1270
28161
21810
4171
8434
24533
2108
16288
2768
17944
1803
12884
25757
18999
23010
28436
30708
2749
10756
24355
29647
9057
10342
26961
228
10214
21993
2164
16107
12970
18451
27617
30396
8772
8476
16800
11846
24921
24196
6683
28900
13717
15254
125
23690
916
28354
25460
19772
585
712
28736
25488
20610
32511
10030
5263
21329
5899
32222
12500
24574
14914
17228
6981
30794
5383
21759
18060
27774
25676
21187
14423
31340
16646
11427
27833
17411
3736
22742
5155
18041
22433
23369
18050
20030
20169
9245
29831
22911
8094
17760
6791
9005
9002
5564
25974
17609
10381
9352
32282
17921
10746
2602
27411
31222
24887
22349
13176
14627
12505
23648
6985
26509
4599
32171
19417
7914
11901
10892
14540
17689
29069
31695
13057
5361
4443
3091
29748
3449
14797
22269
30254
4606
23403
18214
1360
22867
777
22381
14982
5772
2027
11869
22152
829
601
12389
22460
25795
20644
27454
26027
28676
24842
17037
29133
23087
2175
24870
16422
7764
32525
9931
19464
17909
20465
30939
23666
7697
21246
18401
4871
9552
27247
27570
2516
16158
25641
23168
22084
6816
26283
850
26423
10244
27644
3931
10889
18600
20949
22646
17619
9484
3102
16690
28374
28790
23410
29452
16070
24449
24685
28841
31467
3187
20633
30931
31421
18528
25834
18170
7096
16544
21036
24823
29288
23701
23775
6888
2857
27675
11297
18193
718
25643
25868
5660
18621
21001
8877
19825
18778
537
14898
22424
28930
9712
6951
7013
22427
20548
7079
8610
27507
17151
29372
8543
11320
25058
32467
19953
32737
18435
22756
28847
13832
29812
1790
31735
29388
14102
27080
16562
18784
11064
30229
23378
8397
5171
22529
11614
27783
2238
25035
21725
10512
27367
9256
23364
32214
211
17202
13558
17965
27511
11971
23900
682
18109
13740
575
14817
11038
9977
10134
694
23190
22885
3525
4158
24403
15733
3707
3549
20952
17777
1719
10662
14045
31301
11502
498
7411
7146
4385
18768
29259
13241
16377
16785
29658
11519
7541
23377
9333
19466
25104
28570
13925
20945
25176
15786
15883
13405
16027
27549
20171
4173
23988
29712
1789
21361
25531
10244
6957
4180
7927
26937
11398
7808
9043
27388
14109
575
24094
30904
23469
755
15061
13144
19046
12142
30704
6605
15955
19847
27968
32158
6594
2160
8313
17862
20638
27977
14421
14692
342
28405
14036
10837
12214
10326
8368
20065
30908
10277
7681
6169
10980
6988
12079
32555
26142
5784
17729
29224
26668
12386
12346
3988
13084
26852
11673
20411
18624
11349
17784
11585
30281
19761
18246
28900
26800
17625
25017
8578
1587
22138
27047
15846
4401
6371
1667
18583
20776
28816
8189
16499
9222
22575
13873
29777
3921
1158
1696
32058
24352
10810
29172
7640
13085
11434
6978
9096
13725
20829
328
1840
16901
2300
28249
8340
30826
18904
1077
1522
31942
4084
5294
1243
6073
21534
6108
23801
29440
8330
10797
26028
18221
7307
16459
4310
26945
952
20627
22119
17535
16939
16849
13772
16918
31818
15800
21616
21473
770
16382
5956
6621
28256
11172
12506
19381
16192
29849
1285
4448
29079
29897
19444
31795
31408
8620
6724
10340
32536
23030
23294
9143
22974
5286
6078
11477
20926
26467
12850
4063
30681
22765
566
5743
21635
26881
22739
17696
12319
31005
2592
20517
27594
29719
13229
6993
7704
10077
10731
2901
16610
22290
27274
31131
18397
13036
19954
13426
10031
30801
26811
13432
32189
22621
18184
15087
1241
13868
20981
28622
23596
15029
21586
21269
12511
26021
3430
8855
23928
5323
25727
29417
10889
392
6505
28638
25044
1077
1412
22978
28312
5420
23645
29415
4801
19875
24809
3621
21087
2119
27191
12507
702
20625
26913
13527
29026
31217
27769
4269
23122
7071
29291
19585
24789
23593
32465
17719
19430
8975
12352
28708
609
21288
10705
12320
13937
26917
6004
12262
1295
2932
1745
26974
10044
25441
17462
18260
26124
3917
21127
17199
31495
30741
10131
14609
13575
29216
28862
22188
25352
263
31493
4076
19455
8343
30192
6285
31866
31391
30585
28674
2665
7661
1290
15062
28847
7842
26616
3767
79
29847
7178
5126
26905
12611
20538
6450
30801
8808
13142
1905
24075
28501
14063
26915
29671
20168
20519
8329
18876
29964
8917
16399
8240
11291
2317
14342
5759
12957
16818
4019
25735
29199
13685
24166
24706
11757
2822
31674
24608
19433
20743
1553
31819
20669
29304
4451
12589
9186
20422
23583
26098
22234
24567
665
21082
32359
27222
10693
31879
26838
19732
25835
6453
11545
5790
23865
2445
4471
28742
13786
10586
11395
6696
15856
24940
29621
25201
15242
25573
14698
11461
19308
4890
10679
738
24431
5012
11375
25792
19086
7238
1455
1983
15004
30164
25368
32102
28368
27814
30124
14901
28933
29566
21760
12415
19059
8828
19452
6087
15059
17659
22267
26631
6835
21490
23433
16125
14605
10293
2296
30408
26695
30489
19071
8466
20901
23018
31542
6251
11153
6575
16504
2706
23432
15975
18066
21661
8225
25991
21139
7254
1894
17690
18717
5961
12303
25215
20952
23811
13362
31024
18269
25243
29790
30561
6863
28153
13930
30057
4135
29334
24707
11056
20669
16289
3957
24908
25162
310
21769
31577
5549
1558
9517
2019
282
21378
15025
29339
27683
18407
8709
30081
2264
9636
923
29147
9285
25893
19046
5778
26805
15305
29185
18972
28338
31976
803
28560
19281
26783
20101
26369
31301
31279
26910
1740
11178
19999
14235
2069
29508
8356
29136
24990
6776
13957
16196
22798
32352
2308
25208
8525
11969
11377
28547
11703
5209
12462
10066
14152
19595
17729
23772
30590
26762
6984
11841
14360
12533
28834
12289
23680
16415
5075
17340
12501
27669
19240
32629
14152
11111
3621
32420
19555
29282
29811
32271
8426
14054
23352
30516
12623
6462
32433
16993
18986
3447
31391
26978
32358
28138
7541
2361
25568
17429
10282
14349
21680
7277
25494
9689
12190
1114
6241
12563
26080
3369
2628
27865
11097
23951
9426
28680
17997
1965
13895
21512
23122
4010
24767
17360
13938
11236
24916
17167
18312
3174
29533
14263
28539
15235
23935
19425
6322
15486
16615
3117
9566
28308
11666
14352
18577
14942
22440
26285
26951
23574
19848
711
14199
4666
3609
15002
4721
23669
11411
25594
20515
23270
12996
16813
20150
27104
16428
21318
3806
13390
3285
2585
16141
14994
21928
10580
22356
31345
1629
30286
20107
19842
10814
25620
14988
7757
19308
13291
5363
3330
19438
5609
12670
174
14721
1471
838
19705
23778
21272
29155
10358
26054
32705
27513
18430
15281
21317
27845
16815
1200
29058
23760
23561
21273
23882
12153
13684
19155
28459
22334
1508
21595
28012
7093
27571
14766
28685
17756
13038
11403
6955
27913
4046
28324
18159
1108
15732
4999
4100
18200
29528
28853
15559
15069
6300
1954
28589
2766
7982
5851
14165
4511
29917
23585
24940
28648
22574
14171
10701
5620
18332
7573
11245
15461
15381
19716
3517
21355
27686
255
25411
10639
6139
27029
9943
22908
22225
9871
24459
28975
14887
5763
21901
7241
11902
5478
12299
222
16799
28655
20099
29145
7763
29105
956
15081
3198
28289
12295
21864
160
15393
7808
9940
7347
24836
11670
6968
15465
9573
11182
20215
1894
3575
14403
12409
262
21800
27970
17041
13482
2827
9901
2753
13155
4666
11807
12066
26423
6826
3196
17601
19013
23908
1155
13838
20873
341
5491
28311
20076
23396
19029
4822
24163
2049
30531
4611
5336
28028
8471
24748
6295
6441
4974
5263
19191
9874
2468
18912
13311
2521
28054
19446
25575
30265
17672
20626
30455
8569
31920
30276
15352
25323
10470
23973
19282
22619
781
15559
25527
20719
30912
17487
4260
19531
4870
14715
709
8227
5256
13083
18476
9797
24457
27995
19340
29013
20056
25050
17094
29429
19090
16687
24239
3134
31852
5058
22101
16642
32191
11069
16068
13266
20860
21740
7910
31969
1709
19496
10878
20074
17943
30211
29231
7221
5
14008
32449
39
3205
1690
24714
7231
28785
31756
20092
20625
24916
10276
3758
11317
837
19451
22049
11768
6614
5575
31223
17773
14151
16964
14901
11321
5092
15343
17599
26077
9552
8611
7383
4610
24220
13770
25410
13266
23702
21899
30828
2470
30292
22833
32695
14572
21475
24807
29350
27077
12259
4996
27198
9694
18897
500
26009
24591
3672
3427
23798
7610
30260
26464
21666
20541
4232
14539
25999
8213
19878
13540
27295
2845
15149
28706
14103
7985
27324
19277
7395
11625
13347
17839
6023
20971
23658
7486
5069
30951
16268
30950
26221
18618
32646
25431
16700
6874
19455
15396
13646
4124
16375
27100
24622
32718
32335
3533
3631
17290
9678
31733
22647
26236
21014
7361
30708
22804
3566
26574
16809
20698
8132
6502
24634
3635
30530
21026
15635
5408
15129
11613
10605
10633
49
30364
5348
18662
568
21562
32387
3819
7163
7586
15835
14465
5488
15462
25823
580
5161
16892
4457
7200
6214
24991
7398
191
17327
29710
32407
29247
30881
30924
22343
16574
4363
10074
29505
8411
28086
15283
4004
25622
23916
708
18543
21561
6864
21108
31200
16947
4422
24497
17116
16213
1171
30413
29601
5623
2027
20955
15986
4042
1640
27516
11747
16126
30704
25867
30769
29061
28142
3803
15791
16901
20736
6377
28007
135
15607
965
2742
311
8989
11278
8765
94
2181
21744
3081
19718
26519
13276
3359
28044
15496
18561
15378
28207
18720
25607
28943
4391
21714
30104
27419
14217
25693
9001
14716
5566
22139
9866
24669
31455
15977
31552
10368
25656
1404
7050
4542
12947
25870
24966
2533
11226
18868
3688
2323
12546
54
14702
2193
31496
17121
27978
5190
25217
10534
8494
4650
32223
26254
23198
3202
7204
26082
20405
23416
12692
2311
6414
26732
24888
15802
15465
20381
21417
22086
27325
29765
6817
29405
6360
30198
8341
14485
4564
7099
5803
26742
4970
2264
4666
28401
14004
28569
14017
28727
29472
11243
3909
24814
31295
29992
1947
15437
15119
19643
30322
26159
32107
19818
25951
7409
29855
2201
16473
3890
15823
30513
3476
29461
3270
14566
10159
368
26985
31801
1580
25384
4574
31691
176
21691
936
9527
18412
16139
30027
10197
4378
7584
9176
2503
3487
14179
17163
581
18821
9160
31081
26196
31806
23489
10889
27544
18472
13443
26469
11242
30060
19185
4167
25857
31376
9786
29472
14703
14597
24418
30428
2387
10984
20406
10487
9795
28882
21518
28588
16874
14690
29212
18618
20817
4693
837
20486
15434
12897
24034
12041
14910
27766
3563
4859
12365
17589
23750
22696
3086
22614
21154
3820
8769
1921
9300
3978
25062
8466
12545
15372
8065
7390
1857
21497
21601
6431
21818
30881
11325
6219
23740
4078
8558
17912
16036
9795
11565
12319
21214
21263
9367
11113
6443
16906
7231
17157
17531
14787
18357
24345
26499
15522
10764
24880
4671
28065
19145
3163
3986
32746
7318
22923
12048
632
27883
14618
4736
31896
21379
14279
15788
17749
23883
27290
2894
17490
29563
4813
7644
7304
25593
12968
8050
24641
14304
22797
3725
5229
32194
16000
6899
24628
23731
11788
18648
14367
312
6141
14869
28036
30811
12667
11210
2872
6224
9410
18089
7780
4944
19682
13366
16212
28300
12349
20472
16002
31427
14739
1995
28705
25003
24642
13800
30892
12245
31289
25451
31760
998
18280
30421
3648
26561
26500
20256
30596
19324
18006
5827
12782
25855
24292
15665
32234
26298
12483
3931
19206
7094
10398
29035
26016
30987
14393
15105
21284
11806
3450
11193
15128
4538
239
22160
21415
12265
30453
16034
14596
2434
21562
7256
14817
29334
8297
29673
2025
19803
3040
18519
23640
17257
23418
27674
9475
3330
13622
11892
2717
2176
32259
30136
5450
14384
6887
22661
19394
80
9327
32716
15231
1154
32234
31864
6900
29071
11864
7768
17413
15865
2182
1419
31377
11117
12017
20083
18437
6177
22979
25036
5017
21762
7947
15760
15240
8593
14567
18317
5
12852
31502
7255
4725
9821
29887
10991
27366
23801
14547
25981
933
26291
31414
21227
1190
6340
18552
29660
1876
11638
21450
5724
31090
19587
20874
7894
24342
18408
15313
18373
3337
15372
11414
29843
24772
17557
25703
28218
3159
28850
4215
13582
26582
13373
25749
7583
18879
10532
2373
12439
6780
3412
9600
28648
17100
10372
28101
9069
3877
1305
17227
22110
20821
17305
11638
12691
11923
17087
25909
10067
16646
12227
15656
32410
13670
17745
1711
19788
27213
22489
6794
21624
20389
17092
8902
195
1333
32553
17966
14922
30714
26920
31734
2180
17531
13035
25366
5595
3435
31091
23863
7370
15619
19309
2543
23012
23984
27899
28281
28975
24583
20881
14170
5597
10727
18528
2587
14467
4436
19527
6201
15853
7129
31562
24882
22635
7319
9909
5026
21618
22189
32018
7420
6562
22859
17579
14242
8177
20490
14856
18731
3072
24336
26160
25435
1313
1643
25358
7013
17430
26213
32345
15219
13846
24103
32147
15897
24486
2183
13543
1011
4157
983
44
12546
21095
9861
10056
11368
11887
8517
4151
14940
27223
1051
23985
8111
7283
4201
26264
10842
14787
20935
32624
16050
758
29571
19151
10004
14347
25845
29809
18959
16462
12700
3278
8652
6680
1057
6366
7587
3152
24695
18027
13228
23850
22073
17831
12544
25346
11151
23785
23418
10371
11787
27836
18923
5619
4935
25997
27887
23765
2902
11565
1238
23087
25189
1780
24860
30202
20971
10818
18861
11578
2541
6496
18690
5289
20898
31009
2541
6048
7506
6140
6883
1250
13287
12088
2409
10054
24671
6677
27208
14973
548
7771
21436
18399
27978
18473
2779
3456
24913
8741
14125
23080
27319
24550
13949
12982
18941
8782
28967
13107
23837
18688
28485
12648
22532
7988
13643
10761
7517
27178
23106
29411
22489
29919
18782
30511
19046
31655
18790
30401
7370
32752
806
15933
7167
6396
18581
15287
4901
2455
19668
4531
28460
25245
27264
32071
26357
6955
16509
5867
32552
4317
8857
16125
19930
2540
10367
28587
9253
6882
9891
10227
12010
3916
30874
27950
10113
28268
13603
26615
8727
21938
13134
11587
17735
1900
18108
13337
11427
19577
9719
3456
11537
27694
24936
26265
9619
7199
28872
27333
5515
21214
21823
30855
14043
10918
28827
7741
31007
25883
17342
23212
13868
18419
3099
13410
5644
8197
20671
13968
29164
32226
9685
24924
8849
13437
28778
26618
24317
2049
30657
19316
12932
18164
15520
18662
14168
15494
32535
29380
25387
25602
1858
31286
20372
24958
16571
1527
19489
1049
18682
16008
3418
4763
2171
12299
7743
24320
25303
11261
23328
28680
20002
15754
14663
16282
3572
19245
31184
22656
19647
21958
31303
6835
1848
17153
16097
29308
27515
14239
20517
11267
8542
8618
16138
30390
32236
7536
10664
30081
2743
24125
13438
25275
14724
20705
14538
27245
2202
13487
8055
2410
29687
7694
20938
25893
4878
13876
4002
20640
18276
29973
30820
27537
1962
32102
27296
31332
29224
9498
19171
23353
18101
16655
15134
29858
843
36
14004
19940
6818
16274
7432
29007
16915
18594
9684
7770
19566
9599
25030
10485
10537
27191
12145
25818
4592
4435
11778
371
18705
9529
10280
9456
12439
30058
29146
29600
27078
375
5387
26253
28710
3297
9628
2909
31391
19452
7795
13805
23666
27257
23647
30804
4487
15255
18436
16961
23937
5862
16522
11710
20053
30112
19329
13455
25229
13621
1344
16146
10852
8296
8602
622
17370
19497
18552
9963
17091
32275
21753
29189
4150
27163
6210
13095
24842
9815
11960
23109
32442
22162
5471
5743
237
27365
15441
566
28221
20579
3619
23185
30598
28274
15932
13945
24630
30058
13729
20781
2904
13443
5746
9579
14148
31454
17588
30667
21179
17758
11473
25495
18759
23448
4230
6226
2085
19148
24776
18687
11838
21958
30820
30869
20064
7859
28650
2847
3732
29575
8342
11560
14383
29871
18297
23833
5809
6494
3278
10347
32427
3618
22988
2477
25218
22705
26983
29876
739
7165
27219
28063
27388
8201
7309
28796
11000
15182
29719
23372
18413
24899
21635
32452
21294
13485
18410
16656
2218
14099
26434
13362
8508
31833
29931
5380
30896
2855
296
12476
8004
1067
20289
10819
32110
8767
4140
18053
9165
10645
11176
12235
16015
26937
24640
5524
21421
842
16779
29952
3728
11607
28487
30407
28254
6057
3638
11339
4701
19978
1781
22010
21844
28258
2930
14288
32361
3941
7352
27247
31865
17530
5852
1358
26209
22551
23808
10552
10059
8322
16945
12579
24597
11700
20480
10047
28876
12056
5843
28113
28078
28565
5091
26896
10350
14784
1373
14041
23989
29772
21938
32094
30266
5861
1936
11451
32444
19386
31010
19245
687
22554
11522
15872
28689
1413
3155
1123
29825
20611
2505
10732
24159
3546
32275
6045
8488
476
28010
8358
9114
16276
18413
26420
2234
12734
18763
2426
30054
29457
2416
4946
3874
17545
1200
18110
31703
29358
6086
27306
10259
8176
22347
21198
7262
21364
526
20043
29624
26755
23671
25980
3227
13677
20753
12196
29455
24819
3947
4450
5735
21975
24356
24187
17258
20388
2513
9056
4078
9501
11363
6117
15757
26675
25946
16435
18933
28039
28730
23241
30639
9975
14744
21472
3839
24582
9295
8645
197
18502
18142
18095
1489
13360
17556
23287
2901
15840
15483
28498
18939
20846
23243
14537
30443
8391
20927
30252
22424
2342
12492
14828
11288
2978
23919
1354
14344
2191
4920
769
28716
21884
3119
3068
22786
14150
13049
9637
6338
5555
10411
17373
7454
24342
6754
3227
10485
17195
29482
5711
15433
1762
22778
19072
7331
21665
14679
31948
31129
30446
32553
28468
9188
20990
5236
1804
9747
568
3867
5539
3665
10932
10303
31718
18122
12984
13838
14524
11498
24900
21436
30448
12461
31116
19781
17180
10158
10023
28857
11388
2529
26775
10744
10922
17228
14170
11181
5391
25475
14464
2750
4475
15847
27307
32419
21658
26553
17693
21249
183
22889
19093
4307
21945
24648
504
7393
24664
8687
1950
27456
70
20120
17893
400
27992
13102
11626
5742
6935
8430
8098
19505
6243
27091
14799
4373
787
18625
16556
17398
16380
32723
9768
2961
12621
4170
17015
3397
9403
10465
11565
10776
22402
30840
12844
6355
26335
31435
19218
28453
19171
6993
19572
19799
24450
4005
14022
27397
27768
27357
13681
30229
7694
26559
32242
30240
32183
15550
20221
13322
13251
4025
26096
8639
10477
7900
30426
22529
21298
21216
27842
16951
18445
163
25986
21433
21203
29122
17087
23247
9193
22761
26316
18705
10708
21407
7008
12412
15962
11405
3533
32730
28321
15474
9695
30067
12425
433
25234
32139
4065
27007
26345
30957
12982
11155
17679
1799
24888
9913
3902
13727
7164
28857
6757
16892
32039
22447
11656
19447
16403
17230
19823
6479
21972
29050
10255
2423
4782
19646
15841
22728
28060
3177
21593
31354
22653
13124
18881
7057
7935
31826
27529
31484
3015
13543
7871
20866
17631
15078
26864
11014
8226
4534
2869
29610
18769
8527
1372
17496
13375
4564
11829
19475
15136
19700
6281
4380
14938
8491
7594
206
23977
29620
30608
14348
2423
226
9335
7128
30280
24338
15575
27982
29226
19667
30158
29392
21885
28098
18411
157
15937
26160
31456
24482
1307
17365
18832
7209
20211
12296
21865
2009
17346
29858
9910
2725
13378
8363
25555
16776
29398
30797
24252
27288
16925
7621
26870
204
30199
2353
10082
3668
24219
14002
1967
21890
32519
1574
15013
7285
7798
31795
1622
31655
10675
16203
10331
31895
21990
12384
24910
26342
24599
5920
21044
13742
9312
11339
30427
17387
1948
6336
26812
20528
7204
9621
31998
26063
8233
9724
24692
14089
31601
25471
23926
29595
32619
700
26668
30140
24482
17843
16706
14067
26600
26457
13243
20694
29214
7345
16810
25761
20554
4141
6616
13715
31260
31576
14334
14222
20251
28660
13285
5457
14468
2389
25139
14465
4729
31183
18428
19994
2735
3119
17404
16318
27572
30558
17798
8965
12518
16548
27007
26088
27352
21596
25668
26864
1147
27603
1480
9355
718
31061
21788
15231
21303
7961
13364
13272
29397
17072
21116
27305
27414
8030
23122
3632
10374
25526
15869
29198
17815
21356
6903
3361
12503
14611
9865
22720
10244
3467
839
21310
16779
16183
14495
17769
12013
1218
28180
28731
17385
10413
1737
9410
17726
27333
7048
15177
25417
32587
21396
7559
13209
7069
23376
14732
27200
30982
16908
18223
24332
25354
3861
14012
20667
22476
28432
29082
364
22337
7403
125
3339
5782
24914
10831
2022
27770
27351
31794
20826
4270
7599
32678
5649
1517
23293
9334
29027
953
4980
24544
23367
25799
16034
30499
20100
30961
22329
30371
23441
17136
4425
14632
12557
17424
29828
22112
30574
8751
27326
27997
29690
22444
22400
20327
1525
10413
20927
22760
9681
8558
24191
31304
13271
9243
10196
25843
21061
16940
28927
9021
25686
28857
19628
13165
32565
14597
15137
26059
21362
14820
470
3636
9945
5321
7493
19607
3797
10148
29669
29579
24029
24007
22765
19628
2798
27386
955
18792
28988
26221
30461
32294
741
31387
17835
603
8361
26146
18227
21946
26588
12780
30469
17350
1382
7636
23394
31933
7465
30371
31695
8025
22469
12739
26775
26640
7490
6564
14702
19731
28001
14313
243
32724
19611
20837
4461
7623
1298
25887
27917
26816
7395
11257
12917
27450
17564
20295
28544
32181
28307
24538
25755
16804
5509
30742
4750
26005
16129
9306
11537
21536
18927
24730
2000
13381
12424
17538
26151
19759
3073
27763
23848
24468
2800
14126
10851
13738
21564
9565
2901
23968
30303
26758
18285
32274
16989
19766
24446
26804
7038
11272
13537
15372
3475
19881
3073
1900
8183
12473
6448
9231
23100
30867
8181
1454
30102
16682
2096
32105
24502
14210
14663
7750
11311
13522
25539
5733
13488
2297
11369
1730
9146
2794
10321
18551
2951
20636
25891
21743
27598
19016
5903
6336
15574
2791
7007
747
17076
31751
26412
19410
16309
12891
11932
29775
27525
2931
25111
10721
24046
19541
17262
6451
23224
19980
11632
23202
958
12903
24257
20917
15665
5446
26548
31209
11636
28101
4008
2818
4300
20121
16602
1478
5949
4106
28793
26730
603
25428
11919
7109
15044
3402
22962
25444
6395
2833
25115
24361
15824
3031
17451
14000
6934
6496
12563
20446
22193
30524
848
19238
6410
17318
8897
28645
32228
28546
20401
20944
3915
32213
18940
20738
2997
8727
985
30874
11527
7068
4130
15120
27890
21323
16749
1443
3806
16253
15463
929
13741
12698
3178
22707
11116
8750
7070
22868
7037
18204
26498
1621
308
16156
4038
22941
21710
11006
19593
32296
28873
23667
29485
9100
2464
10649
25721
20691
11179
24573
29618
30064
21636
18227
27020
22290
16916
9103
20375
14709
17536
30849
888
23156
6816
20444
28973
2125
4899
18302
23760
19916
18140
27652
15912
17421
17951
4500
5037
17864
5393
17630
7528
26154
30954
14927
26041
7842
16503
15460
543
6751
21501
18496
29144
29140
3981
20039
26539
16931
3953
18686
11242
11988
6769
1598
3520
32505
9301
11445
23527
3171
3594
14640
12737
2217
4975
16019
32642
21358
19756
32486
17519
5472
6421
25143
3672
12555
14162
23194
31934
24529
9039
29659
421
29135
17318
2218
6940
27807
24340
5043
11650
12814
4279
30322
28591
10953
4260
3578
29257
16069
17445
3611
21663
5302
8881
17228
32704
15565
9270
14638
26561
14114
19942
23454
7941
5907
3352
29809
21768
27821
31075
16775
2579
28082
28979
6665
6854
14586
3910
19779
10124
32683
22250
7483
23064
30585
2323
18330
8154
19767
14670
5956
18792
29858
4793
23861
628
10253
20378
9544
15121
22200
18308
10179
22782
17924
674
26317
27499
11706
31372
8484
31060
10668
23410
19894
1535
21825
4948
14296
20329
27381
28886
7179
28568
9920
7026
10202
9972
15101
2045
15351
8150
20008
12505
3362
22272
17070
11421
5180
7433
13557
5260
10868
28639
14255
249
10643
4776
29184
23200
32710
24788
32226
1680
9379
6515
32004
4305
3536
22391
31741
29223
4620
11771
4861
25718
10601
15058
891
30831
898
20694
14036
4533
6009
17568
32683
3188
29677
27560
13368
29511
2414
3550
6669
9410
11946
735
19426
13012
12013
13457
12289
7094
1530
28640
9986
31327
32742
10982
2290
22403
4260
18987
26611
16103
20129
5338
7024
15530
1638
5709
2814
7637
26530
2808
7688
5483
26619
6924
2454
15297
9168
26688
13495
1067
12313
28823
12670
25008
25580
20597
9142
29839
23067
7975
23877
8284
30079
20693
3087
31519
26392
27546
17811
26347
28808
7939
18687
17330
28572
18297
28760
16910
2971
12225
24753
15961
29739
12390
3768
22647
1616
23597
26418
9178
14048
11463
28863
11331
14707
4454
17276
2755
20103
24550
13041
8929
16557
22469
18052
31519
25011
21863
29469
12430
19827
32645
23192
10541
12762
20384
8137
1049
5280
9675
32502
24680
4656
25444
29918
26192
31971
15621
22538
22562
28464
19252
1623
18831
15022
4368
30745
6151
9350
24740
26635
258
30182
21211
29790
24442
27488
2030
15813
17291
2659
6617
3135
13984
17542
1949
16692
3208
26515
15621
20251
15010
9649
11320
17378
11259
28994
20229
17165
21035
1439
25028
31009
98
12091
6574
15388
21502
18884
23777
6071
9427
7557
31895
8958
27753
27388
5595
14300
21719
1745
2501
21082
13869
31001
27514
17358
14554
14992
13480
11424
22707
12261
23358
14049
966
22446
29622
22385
11236
3347
30329
29340
8948
16567
29120
30556
23723
11704
7531
12369
12400
8062
15226
17790
29115
16843
22144
53
10812
11395
722
15426
9463
7804
6492
7831
13201
31670
6277
17542
24037
24613
10501
2947
31047
32331
27601
27704
7481
30244
6869
7727
22771
20956
4006
21017
25050
10401
32381
858
13487
634
27215
8870
10816
24928
20931
4622
9542
17633
11466
14468
28515
25300
18015
24447
17299
1120
14737
13893
16883
16354
16996
23499
29297
9754
7170
9645
8329
6037
5808
13991
15656
5900
28037
9970
5663
25607
9546
13033
29659
19471
24576
6592
7723
25516
29117
5627
26924
30418
6866
1799
22834
31313
6509
24362
7089
4092
30695
21970
32276
8739
31808
17154
25113
6621
26227
26211
24729
15223
16932
15215
7970
28159
16193
10218
7079
14622
20350
31235
9497
5892
1647
7259
6221
22404
16129
5139
1826
20261
20242
5388
17220
18862
27175
32616
29335
28623
8628
21246
26788
21968
9515
1075
29771
21291
24034
32090
31589
21652
6843
6691
10234
1101
19649
2137
18120
28283
27435
25379
4563
6127
19438
29635
30051
1487
5059
12139
31452
23794
22120
1723
14641
11458
4789
19142
7614
13944
10949
13196
22219
1200
10102
27618
1945
13308
28489
8107
23392
28473
5435
15089
25217
17550
4984
29183
2511
19940
29711
29006
32327
212
18794
8426
30581
3394
26840
21389
19702
18533
20396
3436
31188
10474
3934
16110
12763
29065
15353
7130
15716
8899
15824
321
9229
7097
31070
12190
535
17453
21619
16371
9063
21503
16953
6175
4103
23098
5041
20537
28379
27432
7783
1841
11587
5179
16714
31618
32622
25439
1045
14464
22281
22432
606
28765
23810
1653
9052
25667
8405
3622
29647
8513
16680
7486
19106
6033
32494
11362
25448
16048
14265
28685
17039
22
23391
12339
4072
19871
24243
13896
29176
30347
25981
32050
9689
4301
30012
20831
26271
7753
18869
18766
14796
7087
5132
31974
1459
11522
13162
19709
26793
32395
6176
5230
21805
5259
766
12011
26614
7961
22602
2507
9872
3473
17842
19818
21418
13561
27530
10870
32301
11313
19366
30773
16987
5896
525
9902
2626
10072
4799
146
25581
27574
11340
18896
19517
25146
11227
15346
24910
13381
14686
20999
222
8631
22197
27868
24059
20254
7455
13730
4848
31446
16055
12743
28612
7161
2697
17231
27892
20039
23320
18011
18066
25733
17126
32343
23138
8168
26273
29489
186
4766
1866
30928
2330
24816
26022
17807
16359
15047
25687
3080
21096
20908
5430
4596
25875
5914
19020
26864
25748
9642
13900
24563
31438
8218
23639
1605
30234
31742
31227
8011
21198
26052
14750
6260
1876
27744
11019
29388
27275
32454
24000
6304
29502
1970
18813
3910
23164
2312
6140
15531
25197
30557
19041
4599
14859
27162
27405
30066
17144
17367
1339
19283
7887
29429
28980
31435
24586
12564
12491
14485
31389
13551
10033
24149
2214
12387
9090
4918
25020
15508
24623
26314
26386
12499
8192
14244
19774
11905
28107
27230
14825
11895
13382
16022
27302
15427
25951
22975
19300
15271
19536
29602
19591
27581
30419
23018
14072
23917
24425
31212
27695
31874
7426
32188
28633
4777
8688
27279
12311
14203
5540
7152
25959
3671
31448
21303
28593
24624
26075
13660
13014
31308
24904
3459
30885
2877
17006
25016
11378
8324
11084
28188
7305
14665
31078
19335
295
4126
19537
15187
30413
23068
11232
12295
333
27330
23675
11715
13524
16462
19665
11226
29399
4876
6269
21012
14892
20383
10555
22731
20360
26665
11581
13428
9075
3441
2665
29399
26825
19244
7797
4746
22619
26701
13702
18439
31081
32203
30481
10861
12405
32530
11012
27618
18893
5201
1542
7877
3643
8779
22097
18964
3827
14329
15076
7316
5869
23999
28797
23116
11297
16143
29071
1556
6959
28938
23378
21265
843
29693
31090
13551
10028
23636
17260
19196
27121
24297
13253
25973
4428
10420
2277
31609
18757
19502
14629
8786
30757
32314
9269
4092
30608
4783
16702
16926
21634
25428
31340
23522
11108
36
18965
16691
24172
6925
6025
14824
26650
15265
1683
5624
7352
22239
22816
10800
3391
23882
28383
16700
6066
5148
31784
12287
20409
24494
26869
5488
10193
19589
26661
6003
1055
1868
5848
23929
487
24359
17584
27641
6065
7700
5579
3420
29559
4463
28208
21155
19522
27269
20287
9583
22578
63
12180
13958
30140
27494
11583
20964
11889
3142
25313
14749
5089
24731
29930
28148
29097
10989
29878
4261
19786
31411
28552
1573
22078
16246
24793
29327
29168
31841
1915
30914
9757
5762
2856
20057
19057
17204
4986
29710
928
20242
6362
12125
31738
25186
29229
17842
6474
6218
6192
10672
17262
22231
8503
5634
14111
7604
1955
6993
2702
6855
12987
32722
24800
4630
18572
25613
21062
23735
21748
29163
10030
20276
24532
15499
27408
4142
32164
22999
15600
27778
31766
28667
26180
32299
15531
16158
20485
26139
23419
5944
15741
15117
30318
4920
24124
29715
17636
19623
13858
1446
21374
21700
9291
12553
9255
2377
20165
16866
3751
9034
22399
24183
31061
18378
1040
231
26303
15502
19647
3004
26181
26517
31163
4386
12723
18313
428
4766
19277
415
28705
27463
30923
26247
13678
11871
12219
16298
25073
9868
21257
13199
2005
21848
32224
30033
7744
15001
14662
757
8548
27325
5113
22839
680
7556
8439
7267
30313
29197
12558
24867
7925
11531
4422
17957
14711
19959
16534
15802
23182
23527
5082
2128
17300
25986
31510
19095
15318
2540
32445
8944
9148
11140
13203
13106
27875
9178
22315
27676
5691
5715
28327
844
5556
3210
11582
18011
17726
17019
20849
13807
20188
16628
13842
27149
14097
28253
9502
25774
25761
28339
4418
4899
19424
19008
24818
10110
17130
20936
2697
32481
10462
28215
17184
11218
9926
23321
24412
9250
14277
29373
10762
28985
17995
21154
8746
344
27912
11205
20046
17369
26577
26447
10968
28569
21392
7529
23886
7511
6432
3126
18161
24875
30972
6370
136
24683
20530
12556
20050
26446
26505
16381
9025
23229
11296
13894
24010
20920
10307
25378
16637
5459
16383
4989
8758
21073
21603
16323
21976
18438
7316
17139
6737
18299
13227
17177
31686
28822
23425
14747
29730
19333
27276
11015
31447
3663
17322
148
5287
6569
30496
826
12362
16648
13744
16016
13483
8671
15944
31444
32211
5097
26189
17888
15720
29786
26234
26128
4428
4086
28856
20553
21828
13477
27299
31135
12681
31034
10833
27764
9973
9726
25128
13324
1009
13155
20097
27731
6957
17160
25272
1974
3217
31915
3450
19248
30019
30620
8257
30275
11610
936
6439
13671
3687
21818
23327
26135
25523
5691
7475
23811
11087
20873
3462
25210
29572
31797
18284
19561
12008
16892
4337
20656
14617
273
13734
26254
22357
12333
22581
25904
27253
25750
16626
28146
6457
30435
708
29622
14800
18010
11518
6972
21353
10340
12932
26100
1972
13681
29598
29396
25035
21948
4317
1814
22360
3000
7262
10015
18370
11472
6882
10778
22341
18741
16993
31292
27709
4773
30133
4034
2718
8940
16578
3740
1420
15294
17202
23168
25005
27815
16711
14965
6708
10662
7204
17512
5100
10813
21003
9684
15018
19983
568
25598
13529
32016
21913
30414
24637
5709
3116
9891
23561
17762
25228
23505
17485
4494
14911
20500
2546
20048
18671
24554
8041
4807
23312
32187
12553
8376
20629
30540
14396
32714
28807
400
30671
25785
964
9968
16841
25896
6221
12091
24081
20324
25650
14836
7326
13831
3319
6432
17866
30948
25363
8044
6535
14156
46
30337
10851
19771
26443
31095
4563
29361
5737
24690
15892
19277
24660
24227
28820
11427
12405
464
28645
9357
3004
9116
22403
10229
25092
31907
10167
19397
28764
29476
17125
2524
13727
5527
32620
17029
25948
4272
1935
4325
31284
18638
7801
11648
25658
25019
30540
28028
9500
29891
24974
26810
983
18361
14292
18211
32616
29143
10280
5878
14481
1145
2318
3749
8141
21425
2269
12221
416
8066
6437
8705
9700
20083
29296
18031
6451
30650
29285
18800
25267
12785
17604
9259
27372
8287
26903
1967
16261
32513
13754
11173
23071
26504
23407
21361
28067
11843
6653
27520
20196
25260
29032
8896
29141
3779
22899
24519
19333
8005
10531
17729
26881
22025
13285
5803
23355
31599
25713
5850
4891
22825
16982
10619
29194
27200
1713
14103
9509
7832
14603
30630
31074
11090
19112
15829
1339
23996
19230
3904
7204
26463
18008
24027
17785
15840
20270
24024
10996
16424
30531
6889
21927
13231
18170
23227
21426
4022
14496
5159
6018
22929
26796
22195
25399
22425
3306
14536
7316
18337
25250
10288
29255
14064
25451
10229
22756
1201
30737
20074
25655
32616
30269
5955
9691
9494
4002
5562
25589
19799
30093
16910
10416
8970
8762
28987
171
31281
18881
3116
5598
13864
10967
10040
20605
23839
13849
2683
9104
677
3121
485
13148
15976
25096
23044
12797
26101
30374
19444
15529
17192
7377
2010
26427
27085
16366
2724
12145
828
2835
5488
14162
24328
18833
2009
27205
19145
2722
15109
6821
3161
6136
12729
26430
13520
2728
31031
14773
12683
4810
8571
4138
19106
18427
19672
27174
32328
22611
19864
7068
6542
14834
12122
13067
15316
1381
20439
31335
12956
16261
28641
22635
21084
12203
7100
7579
31770
28873
14498
3529
7465
11073
5880
31069
6002
30531
12669
14598
816
22039
1636
15484
14385
18471
5313
31875
27584
17869
8267
9792
30043
22534
15178
26263
29781
8215
30136
1883
14924
27972
20983
24628
28186
12093
32721
21895
26239
17844
6376
15054
11892
2876
10125
14299
19672
7090
29675
10454
13391
20952
8333
8990
25722
24699
19390
868
7932
12679
23047
22280
17241
7936
27526
29617
27161
16254
10446
6178
6082
22184
22984
10559
28205
9580
17050
2475
6136
24310
19357
28722
31948
12053
2656
10610
17963
7441
11486
23480
10080
6886
9327
30640
24660
164
21938
2777
2489
23119
24319
14850
24792
31628
6925
8760
18276
13160
21459
19471
25912
6400
1724
10710
296
12962
293
29242
166
4021
29148
26776
32702
15990
10085
13825
31315
28442
15355
31871
10595
10561
12687
22063
14863
3099
1596
15144
7680
23416
30030
4733
28318
13872
23671
4252
15236
32414
339
32038
31507
9444
28889
28178
32413
26710
13456
29698
29845
11351
24818
22457
440
3104
32409
11538
9052
21160
29450
31904
27111
4498
17419
1602
29099
26714
6468
8167
26138
28273
9273
10992
208
32262
13839
18907
16252
2499
13767
20627
32762
10533
13854
15754
8162
32674
8439
22462
11188
21698
25012
27587
21341
4442
8073
11625
4843
6157
10553
11335
273
24532
16859
19370
4490
16532
15274
2124
20288
1810
21600
1026
9185
18759
17437
10202
8094
4215
20622
16761
27027
2048
25931
25169
22150
31878
31579
15085
11696
8989
23384
698
13651
28695
32075
2668
2980
32355
15253
795
5917
13092
1190
3899
13605
21516
19925
24508
1026
2440
30325
3495
30881
32251
815
30797
30931
23690
22164
13526
14650
28176
7860
20608
4359
28647
21939
22420
21301
17512
14198
22163
15942
27404
30810
8765
20258
14623
7732
7173
30755
8300
31824
14178
26231
11447
19469
19297
32253
12333
29182
24410
11106
15493
12905
28836
6780
31775
32370
11489
15
27519
3917
26240
25553
19403
28513
4187
30220
6750
32163
22024
6934
21267
14756
15820
31852
4948
27119
9139
17274
12605
11395
5911
15727
20169
18462
10960
17765
25502
11854
9280
3062
22413
19358
6205
18334
4238
13982
6967
10780
14409
6673
7780
30639
12108
19724
25818
4762
31098
10610
3541
4761
21632
6378
18685
27360
7157
6665
15601
22903
23280
61
22124
19786
20969
21435
21455
5195
19992
13708
29749
23512
27865
16234
9641
16696
8158
18823
32352
571
29268
27466
10542
1753
16431
20068
15956
407
30117
3788
20928
14724
3318
2597
14780
10639
4363
5704
7303
13617
26286
617
11241
3326
26732
8826
15028
23163
26633
24569
27759
12022
30449
8790
21331
32193
1603
13868
6883
3703
11766
12645
2800
18673
28659
28283
1932
11704
13063
14749
14235
31134
23951
16784
11304
7053
29291
31792
20088
6504
31469
9939
31626
380
9819
19315
21048
22058
30416
21059
17793
1226
11645
12380
16505
28525
16334
27276
20947
26701
29602
23306
1595
29134
11907
17398
4250
3573
2823
1772
1980
13613
9021
15677
28842
30156
12588
14424
21052
2755
24071
16571
26060
4287
29489
8688
9527
25934
16352
23573
27273
14220
30835
26811
22771
21593
8312
14522
14672
28679
4749
19666
19287
30
2660
31650
4417
9165
10739
20948
1619
20990
1566
29358
12698
18692
14044
23349
564
20740
28893
20661
1325
32499
16477
4920
29793
15420
18503
8196
18498
24586
7122
2300
32135
21998
2513
8728
30940
10778
11592
2906
12521
30047
8854
22693
18431
18380
20101
17761
5379
7774
22765
13058
28380
30491
14164
8612
19476
23353
28974
10840
12960
18667
3284
5606
16333
5826
15370
20879
6617
32081
23389
6070
14616
31258
2221
7313
4221
7365
2954
12025
25265
5191
32376
13371
30005
16161
31832
28641
6356
29080
19772
15743
30154
4898
8947
4409
5499
30788
15854
11047
23463
32384
1931
20133
31770
27451
28959
4378
17738
12346
24711
21535
2249
11786
7109
6349
20831
13425
5978
20714
22303
16977
17981
16373
27811
4806
17821
21950
12889
27716
29578
19268
20246
24768
6287
3243
4430
3586
28594
19262
18342
26127
22498
27233
2279
19115
19396
20091
8526
22410
5005
1651
21301
6270
17784
10241
3183
20841
9155
1434
2557
25824
8669
15656
10679
29259
32364
165
21844
2469
16472
21710
10154
10089
9974
12190
32156
23893
32221
26407
2268
31685
14475
20755
11089
17247
31755
15646
9037
32723
17598
17263
27389
32660
572
13681
32688
5556
17484
2871
22653
5521
11653
25283
7974
29554
9011
10792
7777
4888
4956
11856
15749
30069
1312
28353
7987
30940
19617
17653
8698
32413
20431
3011
7777
20320
8159
2134
10468
13930
31355
25550
24423
11778
22113
2772
24052
29218
32698
20712
4937
11967
23447
3624
17996
17942
17286
24849
23023
15541
20242
31068
12731
1379
27971
24577
483
31931
31726
12144
24064
24668
27028
751
5506
29779
29
28662
15495
26874
1408
4887
19029
17121
31347
18915
23282
32051
7476
7012
31939
27504
18194
25565
19988
3479
1217
3524
1512
8395
27112
32574
28840
4592
3293
8200
27796
20528
24859
20638
23655
32198
6174
12749
8385
6262
7181
20904
11095
903
10642
5365
22152
13501
29845
5556
20669
18032
3706
10967
2781
8596
30944
5176
18287
25638
17808
5744
15023
6938
1206
8685
12695
6568
22198
22577
16665
30475
13225
15497
10185
291
25295
296
22138
15927
1398
28073
6354
28049
13479
16362
2741
3833
30534
14023
19702
5312
24619
32261
32459
29415
1469
20162
6793
24819
16542
7338
19265
24052
10267
576
31200
31780
11778
1911
32303
16570
13607
12352
31947
6911
27432
16574
19339
14389
14700
23988
19939
20202
30369
3698
12426
7963
7333
23034
10537
21438
20190
13452
4715
24233
15950
25853
23023
12569
27171
32061
4546
13817
16782
9134
11422
28552
4322
9249
13723
32197
9572
9457
11862
8004
22932
5395
19143
14235
25459
26921
20030
16437
24689
16781
3574
1500
21609
7009
11678
3969
25135
24348
15391
18613
12782
23167
7024
9459
27252
19781
29227
11073
3429
21541
25334
276
3534
9643
17908
22379
26068
9326
17459
28930
1270
28174
28496
30224
27807
21321
19295
2479
22915
17331
24580
30578
29915
13379
21254
26907
922
16069
15794
30133
29235
5291
31288
13209
24566
13573
8797
20235
19437
5346
12113
26277
21656
2735
21770
21535
10350
22847
21391
24951
21201
16955
22673
3716
29175
11426
19426
10186
30860
8160
31415
12955
17833
7685
11351
29994
13729
5745
11871
6676
13989
11543
18872
5088
26544
27260
26351
21863
8374
5213
20840
822
30731
18632
30379
17878
3335
27212
15121
20263
8992
6516
31036
14493
27527
26117
31764
28257
30433
17734
9876
16087
24930
23739
27816
31488
30197
28763
2230
9773
30301
9754
20658
13109
4407
20476
11104
17190
28673
17622
15668
18047
18780
11241
30007
30529
20242
15902
26924
22854
19116
30606
28587
17093
8738
19645
32046
1049
14547
29721
26470
28805
19726
21390
15528
6494
3815
22679
25095
5553
17818
364
30595
32738
1492
12365
3514
10549
20017
31248
19009
24949
14065
28877
23189
5838
27176
15974
18055
5362
19769
9913
13185
27176
26233
16364
16469
9073
16522
27494
32581
8958
27059
186
27704
22348
14427
32292
5861
19133
20361
25727
8056
19427
25973
20199
32665
22508
32648
10022
10450
1104
24069
23187
30028
2580
6502
12111
19268
32649
25418
20645
28074
9440
17372
23819
6933
18781
15450
13788
9186
26694
26337
12811
24489
22686
7924
20243
24988
5753
18673
8217
16502
3553
129
28803
29880
29933
28535
17588
9883
23684
7037
18303
29757
26891
26799
13384
3586
12215
18597
9003
26763
6468
21501
18497
21640
19488
31387
21804
5077
23784
18135
21907
26070
22881
16227
5520
12241
24847
25149
15442
3495
31908
16321
23196
16760
27074
21238
15132
11058
7175
3047
13596
15361
25479
2624
17227
6994
18316
28317
30781
8136
31092
5063
29304
26807
10969
3629
4271
16350
1554
27570
23937
26325
29068
753
15898
18661
6456
6131
26275
22128
26858
5743
7795
4672
17107
12082
29974
4949
24156
27522
4960
15244
6640
16678
31019
22909
21513
21203
8685
15280
16254
13544
21836
8404
24438
14292
29381
4230
21434
27237
8483
15842
10025
19862
11726
18010
22768
3091
19817
24269
30984
10250
7450
4655
14073
3036
17813
10636
20422
3231
21638
5578
11470
28316
13636
3238
25281
7800
15286
25847
1492
9752
21660
6875
16587
31403
10434
12989
2550
16908
22209
3538
22974
1643
15421
18663
27748
6495
12271
16164
19026
2740
30981
3929
4581
23548
6344
21426
1976
29294
1458
19141
2075
3818
27105
1145
11295
4068
29349
13429
13775
3327
21087
12228
32514
21269
12126
29277
12778
11266
15313
6705
2177
21070
18446
18181
19656
9540
1804
1470
32702
9501
2126
964
10077
9599
31764
23092
19082
6706
28419
14151
29312
27623
24405
28336
11413
12023
7622
10587
8967
24440
5415
8264
29759
28712
29899
287
4463
3239
22790
30892
6470
14077
31198
7269
12554
20380
30820
30165
5799
18548
18927
25490
13965
12667
30122
17032
23990
14804
12806
10297
26666
1782
31936
30701
9778
21830
3298
16433
9355
14963
30666
13209
26969
16350
8234
32270
3347
13160
13107
17591
6420
7394
14865
11676
26291
32572
17059
6735
28899
29089
7328
23361
2950
22507
21543
12127
23321
2931
29520
9005
29929
32601
32312
14041
5790
26370
31391
14748
1446
19361
3093
32330
31019
21442
31597
1376
4838
30637
8816
18882
18611
28221
1212
9859
19696
5830
4993
13997
12266
7137
21145
32066
2079
9301
9656
5774
17744
29176
1011
24835
1140
20363
12580
30233
15699
17431
10304
10289
19811
1381
11938
24199
24613
17186
13803
9510
10604
315
19392
14715
1919
31777
32155
26788
24525
11410
8715
32317
10054
15610
22399
408
4974
9938
8360
29739
16090
7271
23459
12591
10932
28021
3356
21544
27108
16138
489
12926
30543
31546
26811
3243
169
11152
1575
18778
15479
19459
27723
11846
15726
22940
22260
1053
17150
2291
25130
29989
14462
14003
4726
21240
2313
15450
17547
20003
31388
20403
23408
2247
15509
9336
9496
15496
30943
14315
6821
26364
2870
13175
11553
6628
1036
462
8762
31370
1463
25077
11734
31324
27281
30210
11446
29821
17687
31683
29176
9647
21959
31881
27469
17597
19803
2666
5286
6313
9946
13520
26712
31696
7072
8444
29688
24828
10060
12987
19312
1180
453
31168
1110
17716
2421
4329
7564
15147
32436
24871
31428
9055
665
25447
5492
26131
27136
14896
5365
4183
19305
29745
26323
7835
15170
27645
30037
25559
4968
18592
14024
14812
7540
16428
7025
12794
19781
11209
3208
26059
16595
24116
1477
15512
16497
15698
18921
7414
29029
30110
2629
21773
4277
7858
30995
10717
3757
22529
13977
7599
20483
29629
4899
6908
20307
23201
25037
6804
12406
7209
14905
32690
15625
754
27849
3122
16776
32596
2186
23447
1935
5159
22980
32128
5097
17244
31692
4471
8364
17294
27640
15209
21685
8221
1385
8393
922
26357
3347
2364
24249
2393
31317
11069
13268
30520
23839
16554
32485
12154
21540
18832
1117
17402
25042
15555
19735
27297
8299
29618
24696
5518
10489
18004
7336
14686
3909
4661
4225
25693
4318
23364
13512
6147
15339
4148
1017
11159
5834
16216
10632
18487
16478
8509
23495
24705
32746
7325
13941
27349
3687
25641
32695
30185
5986
18603
17215
14674
4412
14352
8389
22297
4317
18222
4312
3336
26568
284
6326
14216
13046
13432
6801
12889
9493
26246
4728
21899
3751
21912
30918
27979
13266
21097
13676
980
18576
28257
11121
719
8660
25535
23496
3606
20015
32676
16313
6201
26301
28679
16988
27849
20628
13677
31840
9679
27554
23647
30119
30027
8144
22836
20569
13761
9378
18582
21407
20470
7167
24898
1215
19134
30504
31335
23635
8292
30653
3259
7684
31384
28679
23245
13774
31232
18070
252
30325
15980
23339
21975
28182
17821
28196
12210
12420
2758
31659
30327
1073
1132
6767
10818
25137
18713
18591
3664
30778
7479
3526
17599
10326
19859
16315
329
7215
11715
9735
4601
13849
18053
4756
21307
19529
15883
9337
13486
23987
782
451
13496
4844
12725
31849
15570
9261
23997
13412
17453
20461
25341
1597
14233
12575
6955
4361
3372
15134
13762
11891
7484
10916
10516
25801
18683
6804
9787
18006
14211
17826
9264
28724
21402
31993
29641
27143
21807
2033
17273
22821
17888
29026
26596
1285
18365
8156
6247
29770
31626
24751
14884
30358
1769
3041
14622
24083
3767
6740
27025
31461
20379
19979
170
21174
20540
1878
18540
29580
13758
27177
14753
14732
30376
21126
11835
21240
25625
28835
23760
23243
11361
5539
24662
6100
19840
11868
11803
32417
23157
23829
30657
10062
6037
21613
12018
6013
12620
1963
29277
1816
16232
30374
1125
6461
29176
2234
13971
1431
5465
21958
29549
13781
31570
18706
23218
3206
10200
32703
4538
18538
23299
18689
10931
25341
18878
23451
13123
23835
16551
32337
21799
14707
10114
14642
3385
8029
5430
11381
18925
25892
16362
24913
972
14529
31461
13909
32480
22761
13308
31931
23390
8998
9503
3737
15610
13403
28672
8739
21639
29476
5122
3655
67
13804
1097
467
30350
23309
4303
25636
31941
12138
12172
26302
11129
3299
25111
8472
23202
6202
28068
3384
32703
29994
22973
7715
15598
26368
32403
6598
28648
10429
452
12919
9533
9353
26209
24658
18077
25948
26676
21163
23713
27985
3147
2064
22073
27496
31165
19485
9734
22842
8769
9195
8127
6082
2529
24991
8027
3988
8140
17894
11952
6233
29023
5133
2616
19668
11199
1129
1789
11172
82
18788
13469
20808
31664
19309
18739
22669
11476
2557
72
24389
3844
15953
10588
2937
3869
1296
24500
19939
21772
19218
9842
8586
21700
5005
7534
24152
32720
26817
16747
11671
19086
22728
12047
6353
21286
6098
14442
16077
14383
25956
11496
10653
4546
16549
27840
622
5917
26184
13596
25217
2882
6891
28544
13047
7369
4190
24860
20156
22690
27400
16373
27688
16649
17289
25218
16435
8820
11719
17980
5309
26976
5849
13138
32712
1716
22815
5856
28131
13047
11854
26421
26733
31247
14402
21485
2881
19160
7152
28658
22146
17335
9105
10545
29099
629
7780
7613
28449
15644
23259
25580
25537
4514
2645
56
24330
28001
3440
7100
3089
618
8832
17680
26347
22257
32765
3861
28310
814
7719
3656
16993
19522
26749
28081
15982
24067
21115
31898
20853
18450
31010
26553
3803
20914
24819
22568
20737
6663
32017
2030
10286
28675
24589
24921
31168
15173
24570
16362
3934
10154
4925
23243
8343
27086
4645
5844
25013
20584
23296
6047
29834
29620
13370
31453
4796
2894
1241
23489
20240
27030
18628
13095
29536
29054
3710
16133
30627
11352
1514
14172
4740
13055
12766
19767
17256
29153
32058
4088
14994
25433
19657
23970
25903
26581
26253
6370
9529
25054
18790
28260
18707
28634
4339
2085
18744
2380
19249
31444
6619
1090
12973
24865
28696
26312
26427
17605
12833
20778
15985
16209
15262
10460
16485
17757
29137
12757
11483
80
5938
25433
8940
21128
9883
20557
29167
13126
18327
18633
26527
32299
5994
11710
23661
5140
4117
3530
24696
11054
16751
29327
15530
4604
6558
24416
25530
2102
15103
31195
26689
14080
14478
26553
4075
32586
15209
21131
26239
9480
2050
22603
28335
13721
29078
13583
14745
3054
2657
15083
29250
18134
25151
22440
22209
3476
11063
23160
28585
17229
20256
7972
22685
26384
26143
4523
2886
19939
13572
19966
2628
10055
2698
20533
1727
10404
18299
18119
16109
31186
1343
5553
25894
32389
25375
315
15246
29924
15265
28618
20621
22706
3801
3964
4121
21794
3421
121
30641
25665
21724
9458
24806
9458
18390
18645
29125
5601
6644
7677
17985
3230
20631
13234
17730
7083
12339
30747
24887
26111
48
30837
22448
4344
6470
22122
30028
22978
25985
29460
19468
19832
22913
8600
19886
5194
29476
23827
21579
15917
15488
26666
9163
25227
14173
2504
7676
7658
12104
14863
22182
22514
7982
28751
18422
6644
22675
20585
25639
6837
21340
11389
12131
32540
192
22012
15416
4604
28063
20335
13432
13257
28978
24671
23722
5562
3465
16394
18424
25190
5365
1030
21360
5366
10103
20154
23274
24938
2716
17745
21168
9175
19769
2954
9215
9303
19359
15335
17612
18861
27887
25244
6495
2484
32431
7191
2682
24437
13768
1663
18685
29745
31848
12963
18991
3416
7446
28268
5106
993
26757
18705
24638
4613
25031
4314
2359
6050
19894
26756
26484
2781
14299
21728
32486
1981
3174
10717
27919
32716
20126
15319
26917
9537
9735
18372
12619
28647
30815
27688
23635
22598
19394
25609
20511
19957
21991
28855
26255
144
26503
21827
5856
14371
1842
9179
31867
1253
10408
11921
23457
30043
25690
25366
3601
18861
10668
29528
26029
7285
25138
10912
15830
26891
14851
2208
18829
1551
30364
23016
21490
21255
8966
25583
18115
26567
3966
19524
12585
7409
26142
32648
32532
9522
17912
8069
3379
31269
5176
22861
26342
18978
6591
22694
19938
1907
20686
19360
25384
8926
20693
12015
29598
10360
11573
27797
3990
6729
32019
9373
14112
22109
10685
9943
13652
4646
977
9338
6425
11218
12614
3670
8382
22249
26126
22636
11361
19995
21425
3340
18575
32317
24119
24567
32735
21294
23889
10195
17918
22896
9222
21309
28554
4909
5152
24608
15918
17487
30396
5652
24447
11159
7886
31323
28355
4409
11814
10138
20010
8264
21852
12005
19687
29594
18682
19149
25124
12499
26628
21854
24645
10465
20415
22007
5447
7321
26408
5904
10304
24120
7855
474
14146
19921
28836
17965
3300
21688
29596
13922
13635
10077
21165
25932
26361
6768
30908
1090
737
24067
19170
13343
30103
7921
5963
11316
21572
4797
9382
12830
23385
2514
507
30856
12253
27763
18391
52
6909
29267
3015
22949
12636
23456
26041
20560
14042
19958
26416
21526
15776
13440
8307
12547
20427
19598
5832
11171
9382
25354
11163
5573
20419
19241
7060
21760
12354
29738
12
2589
22886
9722
20921
23797
23770
21419
7254
5101
16751
30157
17406
23776
22686
31563
1633
24948
3910
16301
2448
19585
21357
25802
9146
16084
13648
18910
13619
27072
4260
29292
22591
21675
705
22237
14998
21343
13860
23491
29835
29062
28469
12329
15524
31511
22848
5215
3019
17836
24317
21829
16868
28721
21571
18160
6614
18761
21191
19793
25878
6345
1032
4953
8605
19844
12801
145
24024
5253
10348
10927
28469
18829
23313
32201
16151
8554
25805
20851
3014
28009
13261
20384
2536
32268
18957
6984
5296
23310
31823
14345
15763
1205
19422
2751
16543
15192
2098
5616
27926
16252
882
15132
27859
17298
24473
4551
21422
19408
1183
8137
18231
25287
32418
12525
22313
2157
192
17518
28646
11600
1972
16380
6527
8634
2264
24287
17041
28262
23683
31910
1473
1170
4171
27518
17925
2000
4469
29316
32035
24552
20690
6826
11574
22033
13110
19935
5647
9461
17582
15828
6855
65
2432
5889
532
27835
8538
15057
29160
16117
28083
3360
14932
25054
704
15785
11648
4116
1155
26186
6265
10279
1123
31304
6765
10980
11865
9056
6143
29670
1415
21247
26337
12676
31834
9574
5569
18412
22858
2586
5117
8762
13587
13416
25514
29239
10466
20223
19307
5421
3078
25693
18844
17429
13745
7970
19448
18293
30945
11453
30522
11178
8767
30886
29861
24891
11564
20573
30499
3435
28827
18688
12369
30722
17066
27291
25137
3655
13488
24046
32021
22917
25224
5567
15767
27970
16037
1061
18038
10867
10619
26592
4515
19382
18866
29921
21681
9976
29373
22786
23814
26218
27650
25438
12230
9482
27325
21264
6404
27547
24691
6842
351
21158
10400
4164
4513
8431
17001
5735
17974
11213
29161
19013
2784
26559
11533
13722
24985
18955
26312
7108
23479
5419
14784
24913
21280
2402
20013
7354
27945
10147
8313
3864
5807
26018
8987
29157
18164
1950
12761
15714
17013
1827
22819
10376
8352
22316
26419
29242
24511
24794
18850
28597
9185
32032
16556
12255
4484
4297
18275
30247
32558
29414
5427
32043
14167
15911
6892
24484
28426
16049
6205
22646
763
30089
18196
2118
11444
17323
5494
14727
6820
30785
9744
21947
530
10447
16449
26901
14888
24612
27089
29114
7387
22340
30472
13767
6322
