25205
22709
32621
8865
29627
25104
2573
17864
25641
30806
11772
11818
5344
16790
8040
10932
12869
24649
3677
27731
16313
21348
30582
6353
14368
8374
7139
11328
5553
10265
8028
32528
32340
7558
1922
19661
5991
20821
26698
4121
26541
28531
16249
3677
5937
24348
15584
9745
11099
31684
4121
27840
16145
16634
16344
19496
31668
8643
6615
10958
3318
13893
29196
15537
8582
30710
19089
11910
25472
13085
25803
13314
12221
6224
4697
5298
9748
31223
6850
2092
6360
14900
19526
27000
25573
776
32201
1864
12265
1183
26830
18734
28263
2547
26385
29416
25754
32073
1467
9695
15583
30424
16034
19109
16029
29487
17703
16405
3216
6030
5421
23425
1730
24046
18503
1436
13259
9454
30963
17926
25270
40
8687
10885
4517
4120
15729
17095
18696
13279
9129
7016
26329
17641
5639
11546
18715
22708
16183
28062
22025
3277
26672
32300
11265
14372
24203
32526
5566
18257
30023
4435
27398
6998
31730
21537
21585
9550
928
27835
606
5655
8645
872
3527
30953
27057
602
32469
25044
17428
26061
20897
20222
1717
23769
9177
22283
17662
30636
6624
16760
29567
2074
14715
26675
4266
12546
5200
17280
15595
17472
14329
8828
30424
450
15131
13110
12015
29964
32580
1252
13071
7745
24670
29311
9627
26143
16605
32303
27532
30612
10524
3691
20832
29654
21469
22135
11364
4451
9552
28104
20903
25362
2090
29004
29938
26254
11443
9938
1048
15748
32650
21831
29044
12647
28318
8568
9758
2478
29554
10891
10671
15325
10767
1140
4792
4219
31009
20219
28934
25807
19181
3651
30174
14235
31794
24425
10647
19591
17707
9420
24834
8272
24965
9158
184
16125
17134
18357
10090
24952
13396
3799
2438
30150
13614
14273
520
20470
27534
25210
22794
18157
23148
10618
2295
19645
26515
30553
21528
17456
25370
15561
22674
30794
26937
25548
11890
30412
16772
4119
12535
15697
750
29618
25838
14743
15214
22143
8393
6671
25626
6123
22876
2321
21607
13394
2528
21778
31477
7711
9834
11247
25124
5441
26721
11812
28603
5658
29781
30965
1479
30457
22897
10039
28947
18488
7573
25221
21342
13652
25011
1413
2626
7677
542
30527
28328
31113
31906
13916
27027
8771
15317
24642
21910
18354
25807
8769
25824
27105
31926
14772
18607
9294
22324
18319
2983
32351
28857
32228
16161
10937
18218
4239
30657
12172
21348
19516
16099
2416
14175
3023
3538
24537
12476
26355
16081
8434
18949
23887
13591
19485
16159
6398
7106
9161
9170
20097
14519
13029
24714
17458
31195
19977
31963
14998
20581
6743
6556
20853
8370
12491
4337
22190
23923
24956
4471
20854
14976
64
25479
11365
1326
4355
22903
28431
23431
9162
8767
4965
1568
15719
14703
24732
969
14459
15719
32328
4707
29516
5582
32115
24726
14737
245
20678
7110
23787
24861
32472
26022
21149
4270
16163
16999
9331
15074
26895
27105
3870
17458
28879
17390
10756
14157
25224
7793
30993
10321
18011
9225
12180
20667
22124
7595
22272
386
2562
21891
28662
23598
26046
32262
22911
8530
31393
21822
15341
30514
15786
10818
31133
5248
21139
31049
25024
19900
18863
24427
20930
32743
28333
21757
14358
13373
25370
9225
10671
3317
5460
11746
3380
18241
8710
14326
338
8326
5772
28421
30705
10856
2485
25557
7136
10677
18942
10429
12050
26087
5033
26057
27442
26654
11346
1036
24386
3696
1574
25004
32734
25384
2228
22272
15694
21020
25750
3091
19304
17900
17164
2393
30876
27263
339
9777
11749
27094
29837
9203
17681
23752
17888
11629
30758
6053
21500
202
496
17427
14560
12470
29004
32588
18751
1067
22396
870
14421
11311
25928
12017
23004
7872
30518
21477
16418
20901
11022
4694
14335
808
8379
15157
7363
1135
22281
17732
30045
16398
14768
5913
9633
21125
5586
21663
30522
16911
6573
12304
7611
13905
27112
9306
20260
18737
3414
29780
26881
8054
4973
8059
21320
1378
10539
30367
28096
11783
22372
10075
455
2136
6314
12898
19702
9185
5157
4251
32297
22164
10021
13418
30441
8755
154
8353
2558
13328
4635
5907
13108
13882
21473
15393
28391
1926
8729
16179
5137
3591
31050
29027
28035
24565
12835
5824
30966
27719
24316
2900
27844
16384
14980
4880
19278
9773
27283
4527
28201
10572
13992
11458
8292
30431
9239
13630
11346
15787
1705
23974
9046
2144
4540
21042
3126
3482
1993
25956
5863
26650
27705
18688
29679
8013
22163
18894
5253
15287
5013
595
2887
26012
16377
2148
30584
8318
23249
14543
29414
19814
16574
16632
26443
9765
7738
17287
17955
4599
20301
1568
26013
7972
14187
901
895
30858
11462
9932
3804
29963
18920
20877
6071
24819
2528
1355
13681
23409
25963
27528
6312
20302
3838
18464
32039
6904
23227
6506
19330
25602
1050
9732
3521
2859
11553
3918
10215
1714
9973
1094
3777
3061
16334
2989
23989
21076
13190
30611
28673
17071
5488
6557
17472
17198
26984
20718
17382
18696
1095
14116
4664
23672
31104
31800
23038
4163
14352
13887
12931
4494
31146
349
21164
16436
26581
20046
15110
5036
31385
3956
25888
28123
25531
28402
26118
4881
30982
22134
27034
13719
25496
32571
9136
18435
32665
20467
20889
31077
30837
15337
4485
15553
11049
6946
31263
13092
30591
635
9550
7333
3417
3688
17891
25012
15114
15395
30982
15436
16336
19318
18533
32460
11751
32213
26865
26830
9964
22781
26419
27928
10261
16443
8167
30469
20477
28784
12741
16953
11015
24541
16181
15310
9700
4546
4921
28107
7878
2152
28026
26282
16043
31416
12992
438
28821
17753
18197
25758
30091
27720
16663
14503
27834
3083
12680
1126
23401
10562
18015
24838
12872
23321
499
6158
6639
14773
11789
9022
13010
28139
21226
15418
32694
29738
6154
28911
25825
12569
21832
7679
29125
14551
8545
14380
25076
24578
24369
5892
11011
29569
20753
21413
3183
2813
9781
20889
19279
11570
30058
17257
20233
3595
183
9090
1089
12262
28021
1022
16634
7492
22284
11533
25322
958
18187
8110
30765
8851
16086
2165
18633
6215
1544
26700
2067
5076
26938
29447
29565
3115
10390
31096
17756
17228
12445
1500
3228
12652
7577
11075
28152
32430
25726
10295
500
5050
22144
14868
4507
1742
5939
1885
21826
1714
21178
29090
4949
21605
28346
23868
32148
17627
1724
1640
11858
8588
24830
16021
22994
30238
20081
30596
1495
21876
15051
26594
9358
2100
870
27133
17651
2420
30413
31514
29286
7610
23175
28958
9826
32741
27009
21535
30428
8133
15188
27927
13668
5161
21042
11008
8714
19468
10510
14042
4743
18567
13780
3677
21679
24689
14203
32477
20810
30621
8323
31939
20241
28171
21690
11047
29325
6427
18723
26687
23319
8889
13626
22858
4907
13490
21178
1113
6857
882
26981
30606
705
16573
1588
9807
18503
13842
10682
14705
16187
12857
19130
15878
11931
10060
22702
22143
12292
23297
22397
28100
10175
10545
7667
11142
29760
15338
32233
6415
25343
32060
19394
6698
22573
9749
23599
2611
30051
23768
21235
20939
4818
5226
19324
29820
20387
16119
22345
27630
24592
25001
27023
12732
20248
17123
1845
12318
27871
15030
17668
20132
4941
2153
7383
4327
13479
14976
2628
892
28315
9612
13877
29888
13749
28689
20967
612
20432
17511
14826
31010
8840
31223
27756
1240
11714
2867
368
9452
22839
5570
14809
23211
25876
19716
31864
20161
20746
30084
12329
10275
15480
6752
21759
21857
5839
13400
8933
15283
5038
11322
13372
11531
18882
31438
1085
15194
7404
24958
18815
2632
6556
926
22292
15314
21179
1320
8039
18324
30112
21506
17214
16171
26797
8448
358
30988
25506
6863
21045
6435
6187
22585
8693
11215
20518
19528
4516
13369
14443
5409
19084
14922
15754
12013
28417
11562
916
32067
18417
13337
4985
31510
8376
666
9913
10167
3847
4364
19119
24305
20680
30218
28260
8242
29810
31097
19898
27250
14513
11754
17836
14829
413
438
28563
25104
31284
23331
10750
29401
26427
8618
20784
22349
29531
22272
10375
23710
14187
14321
18908
1382
406
29859
27400
28902
12873
14412
29616
12202
6725
28847
13898
28693
25610
10992
27520
15424
15464
17453
6229
8890
8534
12011
2056
18521
1023
28666
7281
16227
14047
27698
23013
22665
194
29830
11774
4939
5283
4300
17013
19105
27796
20342
1871
7459
19695
12515
19222
10949
17734
26802
30742
32321
1448
22706
23954
1457
5724
13095
4725
5484
28604
28014
17691
3859
2
7528
14669
6561
23312
24619
6690
17679
2891
18429
13472
587
973
21708
2394
4186
14700
5940
21617
13108
2807
16856
28372
32265
3560
4808
21943
31819
8081
29762
28232
6034
18729
9178
31283
29465
22484
23441
30768
4357
6939
2800
4083
16819
17203
944
10733
21508
3835
24813
19693
23824
25357
14776
6585
19857
12765
32421
17911
9264
32026
22771
25463
16783
165
10098
21680
26815
43
7697
30369
25236
6270
27085
29687
5825
13203
8996
13596
17019
4180
27755
17487
1047
2418
664
3532
5839
27153
5971
22777
1149
2808
32006
7396
18789
4196
12716
21643
21787
1410
18277
24546
4674
19908
529
19544
22934
1886
13026
26604
2134
12656
20495
16218
3232
4635
24026
5764
27059
6429
29540
11442
598
13440
690
13480
4853
17354
32332
16336
19674
6667
6614
26533
18828
31135
29818
12132
27309
31924
13070
27505
4007
15709
2555
25500
27512
25451
6369
2066
14961
5097
2674
13284
30490
13483
19191
4666
5548
7839
23751
14880
30818
20887
23582
8861
10852
2891
2021
26362
11120
28329
6627
6784
16807
4248
30140
15263
19763
18782
26746
15744
29322
7360
7544
8219
5900
18820
4171
9851
9715
13074
12808
17968
30525
25201
12647
11460
28583
1697
25717
4743
2574
26673
24199
20713
22860
11392
23904
8566
12400
16649
10957
5767
22626
17667
3472
18882
4608
17777
6869
12566
16665
14722
15385
7367
3333
12627
27413
30542
28396
30757
1051
17684
19220
2849
16362
21431
31746
30536
23006
15582
15538
30611
17808
13704
1022
25964
16612
11142
17341
21181
5080
18244
32291
29661
22325
30143
14264
6372
31258
7347
18995
23055
1231
29385
32315
24533
18589
10208
8065
7266
12824
25960
15652
28495
444
15425
32234
19385
22927
26647
31574
25879
1225
26016
29750
12309
29021
24098
26317
2537
16246
13396
24439
23775
23558
2846
29780
9203
4772
32436
15974
32461
16310
30737
28715
26330
31664
6419
24686
14961
26385
29233
13842
24647
6720
25778
23238
8740
15492
15079
9238
20791
32043
29106
3461
13815
3396
8942
20024
28566
31124
13455
4306
18522
11079
2352
26750
1310
7198
13680
13569
26621
4476
9278
7262
4371
10803
29743
26013
13283
29302
3711
11801
6436
29032
19901
6044
1493
11533
24786
9085
16930
5975
9028
4508
27806
4025
19369
18691
30495
29610
32371
17597
15759
21690
19164
24402
20325
14607
11691
15861
13189
15805
3403
25024
3607
11541
26595
31248
18754
15518
1053
23984
20555
5269
23728
8400
31372
10613
16958
16428
9758
7055
19215
6570
2008
12645
3107
3998
19568
28095
9814
25783
7214
27382
26921
31806
8006
28596
7779
11289
31092
7339
12405
4960
7688
30441
19428
9709
30662
22973
3652
26053
14015
16223
2485
10356
27702
19204
7322
18757
13807
13514
30461
22804
26468
15144
2293
11116
10927
448
15784
872
9535
21919
20116
29403
5347
1455
27190
10231
21601
26983
16803
2574
8412
9302
25250
7930
25218
11665
24031
10434
21343
19778
4135
25102
8596
427
25500
10516
25146
24880
19309
22635
9638
17758
16029
15774
31694
3214
14442
22447
1950
30145
13209
1743
4320
26995
28127
6903
11105
18554
32285
2471
11985
29108
4632
17000
19556
26358
24240
8248
18362
8957
27191
10806
7806
20939
4553
28147
20272
5409
31595
20634
10924
19697
17761
15081
21575
24550
9800
3663
9105
25585
23319
21876
3096
29689
12026
27308
11667
22174
6674
23969
11191
31595
8533
13491
28952
14857
19132
14054
406
22949
13470
7742
12809
24661
28756
28343
18680
494
2415
32257
1089
25496
10539
21294
9563
2885
15437
26510
4919
7812
31137
1361
4800
25038
22246
4514
6019
32588
14023
7367
18896
31355
13307
15720
2280
11111
16720
11551
2228
21178
25777
11693
31486
29264
26833
14166
17249
8414
29576
24253
15757
19788
15925
11154
969
17615
18650
30531
6391
13357
15913
28566
25195
15136
16716
18236
28926
9916
20642
7830
15729
17539
5696
9663
29784
18729
3872
15876
13192
18602
4969
19182
14
1193
17610
19794
16512
10973
2560
27754
4823
13801
7202
29460
9311
14093
25513
27980
12140
24706
32179
833
12639
534
30078
24547
32401
6816
13187
7369
9344
23481
11356
5216
15753
30829
3161
10423
22093
32725
15712
27748
13553
28877
15812
20861
12409
10367
31282
3959
30764
18077
15139
9783
18723
7666
11907
23129
27395
27673
27026
25536
7000
23766
28557
29150
27324
7905
23252
22980
24611
463
28860
14775
20140
28566
17689
8442
21074
30578
3778
11057
32383
11231
22411
30154
8678
6664
22651
9708
20258
20132
11144
22196
24000
12781
18483
5262
3209
11913
31684
8866
19763
24714
25474
31069
1566
24323
18478
16831
8175
2896
18253
7437
4473
14739
21426
17214
4296
5098
17216
27548
2643
11835
9473
22340
9881
31118
2293
28310
5037
31785
24137
3990
2305
2643
17586
7867
6732
19977
28875
20107
8878
21551
20869
26866
15665
7493
29984
14323
31516
23849
21697
19551
24722
5183
14612
1608
32205
2130
18750
6546
32191
19053
8610
31310
29867
491
9091
25721
8820
9282
6663
31974
30480
20347
17712
30015
12657
25183
19459
7246
4345
19713
17756
17791
17207
6908
14895
14037
23437
23379
12426
31278
30613
15411
18150
25029
11723
458
18806
8106
10468
13458
12509
13284
920
18144
14371
21306
1277
12726
17532
5400
19605
12491
25557
31890
1034
6422
28938
5792
3025
17659
5503
32390
1433
28513
12747
5965
15327
6304
22907
25004
25348
27843
3427
726
25979
28333
7538
21614
27946
21796
7630
31639
25639
18953
16863
28091
5971
27414
11948
564
19478
19168
277
8083
538
15523
31438
19863
10048
6789
20808
21824
25516
19387
29182
26421
28590
28571
10230
15364
8980
32164
12321
2723
3771
23754
26786
8578
10971
16666
3164
23289
4726
10409
28246
23869
21856
7215
18408
11400
16955
22614
22652
16596
22516
4254
17109
27753
23988
3554
15339
31029
31423
15772
17212
29661
10878
20506
12072
21815
18656
17691
2355
18044
4844
30689
179
31848
1635
18433
11727
23193
8340
1884
1178
12111
31553
1075
20290
30344
28858
4547
22730
16467
6009
13023
22189
16905
9371
441
25330
21799
2445
2352
5076
1350
10450
15971
4631
15555
2557
161
11360
16588
28177
6096
29307
21158
4965
6869
31380
22638
9112
20225
28324
17050
27719
5311
19943
6651
30214
25191
7084
29513
30302
21934
2362
1916
29114
11280
4286
16271
21632
17688
21545
27828
3916
5209
9177
19335
7404
5823
23297
5104
5829
13712
16951
8129
24090
11082
10123
22786
19115
18314
11785
16190
15344
23629
8627
8831
32185
22150
21819
23729
10744
17316
8188
26599
18883
18023
11416
6272
10964
31793
4062
25087
19319
11591
14715
4078
32184
23511
29557
25083
5433
31872
9494
1961
135
14911
25135
32218
12144
2964
18726
17438
9339
21776
1892
8776
5155
31596
16466
27724
31035
31068
759
3033
16086
24986
22783
8949
20998
7283
23994
13823
16288
14710
16898
16197
13785
14460
4228
20896
32025
26442
31714
25456
11410
19974
19610
19519
26016
26279
14447
25836
4666
11735
13693
28739
2834
26973
20094
13970
21906
31659
16930
18964
8599
16036
24060
29436
30470
9572
18835
2855
15171
22686
25114
8686
6103
8653
4955
22961
14381
4200
23563
21491
21835
25870
11641
15949
11932
6161
14713
2749
8013
23749
12593
242
30061
4563
4850
5991
11711
4235
13375
25021
15076
6390
7006
20977
14600
29873
6121
19288
9636
28969
8057
13589
5219
29867
22993
30965
10342
32654
13394
19627
20397
6597
15827
22883
30068
5868
16808
19511
27713
11036
9383
26509
21056
15918
17982
27103
21975
28585
5472
17327
31887
13710
19537
14098
3462
518
20470
30183
24233
17432
29536
8146
18957
30820
20367
17495
17649
19060
3872
21985
9274
9390
11787
3783
23355
21668
10916
23052
26102
16525
23921
17202
17117
11509
6946
23892
9710
8447
30872
14118
8171
1663
29514
16653
8440
22781
24226
10114
13628
15753
32376
28479
15837
24280
19168
8809
14396
15777
15989
12217
14788
18271
20277
23067
26857
13123
9242
4447
30189
29286
2564
2290
21239
9144
30612
16965
8438
10877
11476
793
4434
9436
885
3066
10323
2879
27402
7715
27461
24444
31956
1912
21771
2625
19698
18409
3508
30346
8193
7495
4344
15274
1519
6093
31958
32162
30916
10345
24802
18342
3031
25654
31652
16380
7269
24139
2513
5339
31014
22231
12929
8873
2630
8420
14638
26246
14441
27825
14281
22013
20119
8692
21586
15835
21088
18040
927
2468
29339
12749
13210
7590
25362
7819
4370
8311
31888
12566
11594
19091
23054
18147
20589
21577
20768
27225
7724
20899
12025
4959
4855
1529
20472
19951
21031
8713
20984
6419
28787
31117
26527
26286
25189
13273
23528
14489
20124
15225
25640
816
10529
17977
13619
30985
3440
22976
17940
32574
488
13331
11246
14123
6714
29526
19462
16164
16128
14823
20912
29460
5037
5969
4891
12300
17562
13664
18601
23654
1983
23757
17720
22573
8040
20974
14292
22065
13906
18224
32591
17484
948
28046
21468
7636
25779
1802
27900
9243
1185
29279
16020
8707
20110
13178
26406
19027
9518
29096
13652
23688
14336
26248
29522
21984
23537
20695
4639
31554
30566
17110
17022
13409
19954
31357
29593
3295
10263
26804
12886
15394
21073
1348
12091
6419
7832
17002
18273
5797
26237
15882
3184
17172
21051
10231
5094
1809
21355
1058
7851
7399
23020
26550
14964
18289
31875
4273
18378
6024
15706
7360
22281
28938
1090
24848
4031
31563
865
5117
13530
10756
14189
459
24517
4339
27703
24246
29114
17787
11046
22515
10246
14681
13792
21025
4101
12567
21525
4464
969
14684
23096
17335
12782
11641
22284
16970
16798
6701
1640
1771
12597
1881
6593
6979
2019
29309
4364
20037
3847
14588
25711
9684
20979
10122
86
14649
20358
31748
31268
21651
15246
21854
7643
30071
28750
29616
5735
5095
19521
2517
7027
7132
13987
17904
21141
29307
12536
31834
25246
13051
28140
10354
7497
9996
32620
18158
13782
11752
2432
19296
27974
18151
32458
31555
15819
22755
12586
32062
12246
24962
14947
20982
11954
27351
12902
7399
23830
27121
15806
9062
12127
25730
2062
16600
3060
24547
29354
9173
15659
4655
8103
26835
15599
24181
23074
18604
4218
10389
105
27474
24870
21656
10792
4226
3340
27075
8482
560
6209
27288
6744
27845
13061
2570
3476
8222
12694
22814
23318
20130
123
1484
29366
23333
21897
24972
24011
15516
13316
12597
27868
22919
16093
9846
26371
9550
12062
32597
4130
3837
7147
9375
30694
277
10656
13311
8156
23805
18845
27640
1845
18953
20695
15110
6171
3547
24982
31210
4966
24630
25048
4870
28773
6383
12189
20006
11730
25097
25946
24830
20520
28877
15658
24224
28147
19242
31249
11532
20484
9466
3731
16385
3050
3188
9443
11591
27677
9628
26413
28596
1052
11330
4292
8947
7185
31958
7299
26045
6312
17600
17398
31643
15992
10275
26107
26105
25317
1767
10044
28231
2233
28617
10937
19109
19705
2278
22498
4899
25422
20006
3002
1561
15986
30134
4304
13331
6643
23134
23557
8997
16503
24654
10358
5411
7007
583
7609
17576
17405
25324
17204
5607
28114
25266
917
5720
30939
23470
22578
22412
30166
16800
11811
22767
22319
3430
8795
6580
12311
29984
21275
18775
27627
6819
2833
22075
29751
27696
13039
14682
4833
24525
28553
12390
1134
21472
20487
32314
15479
16258
3901
30433
6442
19083
10016
22567
5445
9559
15406
15433
16937
383
7908
32003
9514
7041
4678
28569
3234
4953
4445
1994
19415
16061
17357
21351
20298
22192
25432
4571
28870
14222
3836
19624
20378
8958
22470
4292
9727
20291
31590
27364
16759
22800
19204
31955
13779
22395
20133
20425
23927
15435
27551
26122
9386
31356
3656
6499
22604
5319
9101
18265
24096
31868
11152
4734
29593
23343
28788
26718
10126
830
32091
20404
1943
24876
16283
24216
28031
28213
17347
19808
22448
28945
10749
28232
31640
23057
24259
3524
21103
543
1090
28738
4960
32019
25082
1415
2454
13057
30155
22007
17440
28964
18767
16096
7763
3967
8906
18082
3249
32430
24226
5873
14863
26720
29970
27348
22705
12993
6787
27421
2123
6175
24901
1874
3813
21221
31020
24453
27642
3516
25020
25295
30886
17947
10433
2168
31021
5844
485
452
8508
4026
9738
16467
24968
28151
22713
2811
26984
9083
8365
28756
32370
26380
25591
22495
4934
13868
8222
14065
403
26862
26941
31222
8354
22849
26896
8018
31315
16270
6848
17667
27812
15424
3567
20907
25978
28765
1181
3375
20000
1399
26252
16781
24975
27936
16294
28260
2905
31745
9536
6311
4563
21660
31821
27171
17664
29229
12813
13947
3670
10050
10607
19114
17057
29895
16577
12808
18228
13367
22859
30978
15747
15571
3151
20237
3815
27018
29088
21399
13261
32553
11614
26317
22874
16044
4573
25766
8602
31997
16716
32613
3002
22254
14270
27879
17123
28772
8631
24226
8725
29496
29651
3689
1904
9129
26267
27320
14353
29214
25106
17759
2867
23042
27504
3816
6609
27205
12128
2077
9611
7373
8616
588
26839
27593
10137
27460
15049
8021
27922
30614
4464
5813
6924
5040
7575
18662
26779
28014
20061
16931
2275
20220
352
24968
2876
2702
30691
8237
10735
23840
31260
25205
8605
11552
26293
25712
4710
23422
3835
18364
26575
23708
7927
27338
15010
22434
28016
7602
28112
12338
32187
11975
23892
18742
15061
24852
8273
6831
9605
2146
10290
11922
10337
12013
11502
21220
2943
22973
13215
22905
6963
4719
17776
4891
27977
27391
26802
18788
8025
12394
11505
22729
12782
11937
28833
22958
9382
23107
9673
19929
7435
26283
19228
14432
19895
15373
22900
7949
32565
10986
5816
26112
176
29651
23931
618
24932
21838
8082
30852
7715
23314
13474
22890
29849
28884
32341
7819
12036
6583
32204
7909
3949
7521
18953
11568
30386
4290
19565
12991
279
25903
12026
10159
19532
20843
12205
6152
29433
15636
9024
21289
2840
21663
14884
14705
22383
19445
4847
14477
9968
1156
5306
28506
10510
15932
1808
5931
29290
7940
1706
3869
27856
23538
29403
18213
2887
12433
7281
9585
19583
5670
12508
6068
7999
24188
21547
26122
5712
4736
8205
412
11424
30119
19241
11639
306
14145
9105
15791
18014
16557
29797
15236
21366
26431
25957
18492
23117
8311
16107
16985
25685
21263
437
30856
31551
5612
19936
7906
5908
5190
15906
1108
24524
31634
23270
20373
2014
29951
21802
8582
24851
1015
13455
26582
8685
7511
10695
13580
13107
8137
21725
4822
25096
27666
21679
19149
2543
27936
5444
9159
2857
2858
28769
26762
5782
10554
2882
5902
706
24181
24492
15025
9613
6973
3701
23117
2836
19320
28370
17565
2110
8011
17917
25190
3268
871
28170
25889
21330
15836
20879
9643
5483
11096
14499
19625
23038
31155
4438
21711
24840
26146
12961
31109
17062
5687
17812
15058
9745
27763
30715
2357
18391
11675
76
29658
14072
25791
8858
1625
26107
4007
31443
10602
12409
19828
29947
32710
29986
31581
24704
17306
9152
22527
768
5329
443
4055
23343
6813
12544
1264
27668
16226
23574
32623
20633
973
1119
23522
26501
25491
30709
4947
10388
7085
12513
16939
12553
1272
24723
4160
7697
725
92
28756
21989
7268
31994
2907
25359
29302
29663
25828
1509
32388
25994
25606
20054
18745
22937
25715
19890
6552
21932
30585
17353
18216
29330
19215
13178
6659
7616
26747
12746
5359
20408
16590
12954
6657
4598
10481
20320
13793
18738
17680
23375
7869
14559
1907
10283
8337
14332
10789
18678
11366
13023
5031
11244
22847
3302
29874
1856
7862
18896
14460
22068
21391
472
28730
21155
22858
5178
5852
10412
8419
5091
28477
26533
30362
15728
12589
799
19772
8817
21320
19359
28306
381
9705
19308
21733
2329
22191
13038
31588
29930
19296
16456
19503
25996
10689
11405
12995
16838
20968
16810
8140
9877
32539
6607
17348
25511
23931
31526
14886
27630
3463
19825
6746
7214
15503
4231
22197
4090
26126
25716
3115
1951
16717
15761
30134
29423
1229
16598
12656
25578
21805
16554
2918
17487
30720
31682
25485
12836
30425
19736
19942
13785
3554
14997
402
3883
3936
6666
1872
7317
26717
32655
25267
17361
9805
1222
92
6625
1845
13331
25010
19091
31714
20870
22232
8063
16809
19034
6729
25000
1658
4319
25457
784
32408
133
10216
432
28150
19415
12531
4366
31574
9223
16520
14112
21123
14134
21845
4336
2213
15737
26388
26193
18728
16621
489
9216
2713
14301
32494
20830
5995
32443
7535
24475
13963
30147
29853
32601
27085
32471
10991
12717
16924
25801
26188
15656
8884
7225
15265
18973
14488
21834
27601
22294
10732
30439
18518
17658
1177
26622
27774
26554
21567
31198
29188
14379
14517
31285
29777
9023
21976
9718
12615
21571
26005
19160
17911
8223
28795
20663
20174
6960
7206
1070
10518
26408
22708
1894
16205
3820
14964
11276
21652
19728
6049
22640
16401
28629
15810
24419
10961
8707
29728
16577
23310
2751
25092
11322
3133
4182
7533
28971
25359
7239
20254
2112
1256
12726
25960
5931
30496
20779
19966
13423
3885
17201
16939
11768
10024
23208
4866
30192
21678
17802
17262
28988
2724
12500
18780
28569
8712
28341
13806
13638
12175
30884
26211
15744
8144
5188
532
10430
25774
31868
6516
20245
32035
14384
22822
4826
19848
21865
29165
25644
31282
24229
24579
2934
22812
15833
12725
25652
20998
4643
24694
122
7232
17677
10808
32061
7128
19750
10660
28134
3869
24738
15634
17862
17552
13335
6041
22312
23543
11856
11827
13635
29722
32001
5874
5118
21416
29834
32005
8689
18852
7184
3144
29132
7669
6806
2522
4112
6675
2708
17008
27434
28953
18574
29905
3336
21228
27220
14787
20165
15164
6699
11221
12902
25716
11692
18294
3555
14756
12286
24585
25197
9667
645
10572
14108
17041
29460
2713
4324
30649
14785
5506
3208
3850
7695
1563
18677
25575
22583
10465
23311
30331
28122
1678
23206
22753
22779
13780
18763
3805
4733
26764
620
9584
30698
26818
22413
3922
30639
6229
25256
29883
7125
25114
32065
25718
16639
18931
16941
27784
569
28270
24573
29713
26267
27790
4104
22790
16603
12234
1049
11792
2701
6141
20400
8804
1159
31516
11514
4636
14275
24766
3650
20591
23217
32512
27156
23054
12438
2554
29677
3371
9103
18594
18168
11490
1841
1630
6421
17444
32337
26401
27428
24823
11223
27167
30458
2175
4805
13901
17745
1825
17323
23708
10377
18904
28442
29706
20639
23521
15152
8096
19756
15922
15636
18154
2626
9345
13981
1240
10709
20974
3900
27443
18218
4287
4792
31761
24558
27239
4201
5077
6972
31714
30734
11974
16705
32654
27627
13903
23030
22051
20922
31656
719
32725
26006
17099
13037
20202
18623
1696
3893
21380
7620
10372
20454
28269
27401
10548
18529
14835
13803
5618
17655
25919
25649
26248
23247
15939
14986
14315
22350
13865
20756
25436
5134
3964
29774
27895
4213
29999
27545
13569
24650
5386
30252
16410
16938
24178
30298
19001
130
26473
9425
13313
17190
21769
27550
10251
7811
24001
29724
26911
7388
27043
548
31313
1058
27920
13584
4147
29346
10048
20499
12707
9928
30736
22058
30642
25506
16667
5497
32765
22026
12894
10112
6909
17704
19112
10531
20258
7563
12201
11761
8755
7089
13647
28594
29536
10297
31254
7102
9544
21619
23194
20391
14213
3320
28383
948
13539
14850
21656
19448
13149
32511
24396
29772
16178
5357
13632
18628
26386
4903
26665
30881
18687
12042
19105
27516
4996
15245
27280
28057
30009
14475
1387
10989
31297
19892
15667
30702
3562
5764
88
21222
16629
13786
11617
9934
24931
8137
32316
7662
29400
20940
10146
52
28054
2585
23924
6612
28383
25724
24093
22178
17497
19209
31700
21994
28217
5692
31001
21961
12545
16716
31416
17672
13582
26514
26557
20875
8499
26725
25810
824
4303
24873
18310
29367
32605
28197
5483
32000
901
31707
17243
18237
7818
2600
6520
6311
32338
30133
28220
25156
28581
26175
18081
17582
13408
3330
18055
8464
8532
29364
16022
28101
26876
20195
16568
2284
11913
22443
30672
24755
27364
7570
16822
3151
21612
26751
18400
21718
22383
20281
23817
16197
25544
1230
19701
9014
12861
25181
13285
17543
27181
9917
4102
13481
3585
13167
8568
15445
18009
21656
11818
29124
19595
13137
30313
20959
21947
3784
3440
20423
13406
27169
9195
30349
16813
978
16644
28204
24206
18710
16332
12075
29
23739
28105
908
25191
16906
23221
22239
31733
22055
9539
21004
25182
22784
3666
6343
17654
12046
20992
2942
19472
24972
29820
22416
23281
23744
13263
21100
13239
28309
12542
3116
5611
4351
28313
17656
3034
8198
18332
18788
21374
6450
25603
19310
12548
19181
23906
13236
23795
7129
11803
11008
322
30597
31432
24702
1869
16887
23443
3718
19678
28089
13677
4158
15182
27064
19421
22197
6020
10260
17442
28856
21786
28653
32598
16094
18109
26218
24881
28518
32351
9422
17607
3612
5260
13043
13720
20292
11159
14242
20382
4736
8307
32312
6550
22765
31412
12335
23800
30183
17763
1369
18631
4935
13647
12055
5233
27939
31023
24803
11972
28324
11500
8565
8428
30303
1195
1442
26747
30506
32471
21852
12231
25086
10117
6728
27139
6982
8545
20269
27941
9143
25037
11303
1735
24337
18735
16202
7596
27282
25077
10501
5198
2191
31749
1032
8578
19040
28247
21908
5524
7276
29583
20865
17965
2685
20593
584
8368
19097
20845
4295
7184
5198
3769
21316
16885
19527
19238
27193
15180
27962
30456
24746
9734
355
17598
17382
30647
29109
24019
8418
16496
1221
14052
22583
31508
24023
26434
1757
23015
3331
26087
20520
10674
23787
18785
2609
13646
4674
19757
16040
47
31513
987
27871
13845
10420
4353
12446
612
25570
11911
498
1116
12159
812
24345
8328
12559
31137
23436
28395
11643
7401
2171
11210
1194
31963
13196
16042
5707
24990
20010
17925
4287
12312
22545
30184
31455
24518
7703
31361
24584
5675
25971
23346
13763
7250
1993
15984
4684
23493
12682
6873
30781
23694
29182
28073
18528
19663
14919
10258
6341
32589
7817
7922
22406
11746
31674
18777
2812
10910
28592
15429
6947
16694
22458
186
16817
10177
32560
16918
4720
31334
30010
5198
13823
22880
30868
32762
18878
21886
27904
18189
25199
3288
28763
65
10769
12392
32083
10219
518
16980
12870
10694
18149
24637
15900
5879
11026
414
4890
25692
5743
830
16620
16203
23878
13093
23965
12978
19287
16877
29680
32461
30466
9518
1231
27710
14145
12829
20564
10065
26688
3687
28173
24408
15614
14284
25111
10448
11790
22701
1157
17648
6894
11168
29598
28747
23087
14409
12738
3313
17292
6118
30486
11667
2665
18544
371
32327
6935
457
488
9443
29451
30894
4006
31962
31200
17883
25690
32547
13997
22447
18772
12569
4869
29709
9159
5747
24644
2584
11744
1531
9780
8859
31276
28983
12737
640
14185
7436
19499
7417
6101
20875
15382
9968
27179
10501
32420
8010
22394
21980
24966
2132
5306
14258
15977
11072
27721
5220
24802
29630
6384
4175
18961
21671
13429
24963
16102
2432
12253
24517
4030
24146
31031
19941
1305
23931
31776
8403
24272
28061
9654
16871
7990
4062
9805
4854
4268
11537
29284
4812
5211
20192
24758
17109
24482
25616
31558
18083
19745
32661
28418
19666
28645
18760
15233
31273
12961
16048
6128
22621
2887
2254
7989
6948
12729
10157
10512
5874
26212
20735
26150
16755
25405
24873
19883
24881
31779
29955
420
16525
13811
1829
17697
15799
6485
16883
448
29313
12597
32612
13284
28388
24357
13067
10002
4770
25264
575
9765
10926
1610
1231
6296
27991
6195
29420
6751
6237
26070
9280
24431
25126
8488
30354
26222
22686
22331
32560
6101
644
7121
5537
14164
23620
26431
32407
1424
20954
9735
18677
6301
21956
21828
12254
19122
17009
4145
5066
5257
16450
26044
25035
30395
31697
8769
20708
20071
22356
22510
24697
32317
19095
26866
5720
12406
17599
3462
20526
23084
31039
31917
15951
26545
14834
5405
10946
29031
19479
11918
8623
18339
24820
21630
10307
17257
24005
25107
31863
28916
15638
14716
3435
3566
11423
23460
18981
27698
26604
4059
6945
25135
9707
18680
1144
11130
14649
22787
12986
20234
8305
22110
27360
21732
31774
3216
11933
17845
6006
14163
17918
11458
13241
26571
9270
25801
11420
30564
24994
21466
27706
4517
5572
22650
5627
26735
32657
20564
3075
19752
4497
23201
23726
24548
30163
8003
29007
17457
2381
20380
19582
9685
1328
850
14423
20578
8756
29218
26639
16963
27980
12653
10139
6700
17908
9490
23926
19420
6451
3134
29914
31372
21203
16920
32399
4657
17466
21980
434
31133
3927
32071
25770
18064
13228
20426
12344
20763
21007
17052
25354
25401
1265
10458
17738
14638
16010
28330
21410
4328
32400
2908
2780
30491
840
12443
12520
5073
18693
19476
13253
32203
31942
32183
3671
32307
22272
6216
31275
27781
8112
25182
15484
9444
5833
14026
13793
22110
8011
3608
19483
12674
14886
29532
32497
25834
4273
9269
368
27539
12808
24057
22343
17631
25926
9793
29261
13195
21144
3425
510
25509
14008
21273
9058
29467
22703
30899
12559
23068
1969
27956
14454
4024
25424
19689
9895
27143
29681
32159
27570
5755
20244
2857
21653
21168
20277
21071
7714
20998
26964
31465
26602
1108
15602
4839
13274
11109
6714
2598
4118
26491
19101
21952
2930
29156
32692
12904
12277
12268
603
11738
4691
3073
18968
6211
4833
18702
7739
20450
4868
8488
22725
1619
6465
22256
26824
15773
22271
11821
1182
27157
30616
2491
28031
8083
28963
813
14866
12025
30349
1724
18483
23484
26882
32270
31658
4915
23301
1077
4030
8134
29575
13648
10560
341
31665
21674
17477
5770
30869
28063
2818
11229
686
11490
18058
26016
1891
28258
4024
30078
23982
32265
15866
18365
22393
31535
12517
27480
19554
18191
14595
16916
10515
8619
31603
16955
25857
27810
17391
21068
9561
22966
3862
30071
13332
31196
16287
31227
27244
2227
3584
24273
16228
1213
26018
16542
24773
22078
27916
31478
5915
2670
30364
953
29692
14600
24145
14200
4688
20135
24611
13564
25712
1474
20722
22508
26382
24303
6649
13082
29246
16704
7286
12644
17538
9244
3096
12611
17810
3200
22526
31034
8605
5274
23780
16589
17398
30696
6624
18657
17294
22967
1163
11836
20949
32597
32406
6954
15621
13535
17877
4897
23079
9619
9663
4550
18495
4330
17599
11226
15423
23502
11578
28905
17638
24183
26218
15878
18862
17611
3675
1524
143
4492
22519
10336
21459
15821
2708
17564
29754
32533
27836
25022
11298
29265
2177
28634
29334
1655
2336
21761
24146
30453
18595
15839
30134
29083
8752
7157
11083
15758
3755
21947
27188
26495
30775
20627
20319
2067
26162
8078
31166
12447
29719
20394
7019
11037
16214
7773
23551
18795
30597
10969
12284
25074
25626
9729
25589
475
16116
2910
1747
31730
20722
3750
1055
11033
2742
16833
12430
17991
5073
13773
22323
6057
23051
12701
1400
26654
15125
4572
18678
24355
30447
13791
662
13670
16307
24226
22426
1625
20032
15562
16110
24955
20417
16022
19105
24592
4744
29986
29162
24433
22749
11160
24318
947
32364
8535
5583
14780
5353
17121
32037
7710
19721
19299
18256
29657
62
6156
25332
27675
18415
6634
29415
15905
31567
20371
3216
27939
16746
17506
9125
19243
8222
16577
19176
28194
29117
10550
15629
25058
17350
15193
8444
32314
32571
18405
31331
15599
23191
27896
11789
7805
12045
16657
10947
8548
1269
1735
23768
8680
18981
29875
13061
30456
28509
21686
5739
3320
17123
21599
11934
25969
23344
20361
3438
29733
1005
2371
13244
4754
21860
6414
20433
13699
16586
5195
19738
31667
4228
28866
12407
25691
17706
11607
10305
22
11006
21170
7517
24032
30228
32719
9863
20995
16856
12863
30828
32023
18245
2550
8318
786
21570
1155
3380
1213
10597
8337
1422
13385
955
17964
29272
21096
14355
28790
25361
30875
7969
7997
16880
30674
3248
3993
25890
31743
23354
8304
18539
26269
10878
31247
4718
1221
11267
311
24961
31309
2566
15509
31801
12320
24542
29857
23763
15585
8058
9483
29173
20099
23925
31827
10691
8895
24422
7496
1359
1395
26357
8227
25909
17592
1329
4107
3904
10826
9120
14430
26804
31765
11366
24663
1433
15687
18337
22106
32183
22640
1177
11673
20491
24345
13773
5575
4501
23680
21488
18474
21715
22155
29629
17977
26095
13298
19620
13284
26802
3242
14133
17199
11717
2135
8483
7333
28402
31078
24868
31069
11108
26406
26809
3992
2419
3284
2193
28091
11565
27426
15113
17028
7991
19807
15186
13840
8428
23813
9163
27128
17917
952
19703
15043
9156
16775
27742
31700
24959
11447
9249
10605
28475
17180
31767
25031
18563
6110
996
10440
1498
2426
22995
25924
13210
23236
13627
1306
21013
29980
7197
11097
32
24759
25352
6975
30049
28717
312
4770
28578
24931
18090
21185
19985
15067
7135
12158
5751
27246
20907
29134
5148
12792
27075
12967
15502
20206
31680
15401
25519
26680
13782
2093
30073
19353
26751
24147
13073
30788
9584
18067
1531
10188
14220
18187
343
4092
17571
7623
29178
13067
15405
12134
15791
22690
15793
16973
24340
22527
1205
3048
26151
23656
4467
24065
17282
15571
12219
27562
31286
13569
14728
2211
869
806
10730
3649
2558
13722
15943
8394
12643
8711
23757
23191
29527
2894
22175
6141
13949
30956
15924
5711
26480
12693
27548
19188
32368
15633
1190
13599
26991
11920
966
25293
23571
17828
23774
4694
18808
17091
4782
20623
8317
4841
28053
12590
13450
30422
26429
25790
15823
7477
6836
4309
7921
18075
23411
25731
19574
25083
10383
14747
24305
21814
183
25720
6986
11494
24996
27745
12331
21561
17900
20171
23106
10607
25434
13395
8687
31624
21921
13141
12601
28372
14935
30080
489
12690
5062
15008
25745
27510
12017
9821
25335
16507
19863
24870
7250
30458
20497
7526
16231
22629
27758
28648
9052
29572
6652
13620
14789
9077
19001
18634
30157
23885
1644
31592
29842
14242
12331
13053
24541
18381
5061
31641
519
3258
5628
19209
17673
17603
29898
18841
5887
24042
14504
13118
5486
25314
56
17284
1003
29135
4931
19852
11054
22919
21948
1171
2832
23490
7865
20538
13274
31585
17982
27735
12946
30186
22557
14384
23677
4974
20141
2437
2870
1400
19916
19566
25280
18117
23795
5289
28939
12680
12887
20543
22446
752
5846
29770
14210
4585
25469
30233
14278
26973
15727
551
6842
15364
1269
10183
3385
1201
20905
25970
1682
23829
11556
9539
26939
30653
7422
28113
7628
1519
1020
2072
13785
20715
27339
16625
20670
89
19302
23097
27603
10546
12576
21236
14310
28431
21983
4478
1904
20584
18745
32174
27034
31866
6684
22795
17577
27657
7008
722
8764
24628
30661
19908
1664
8039
6191
4694
6340
29093
22579
30741
13833
39
29792
11497
29864
4420
16988
20063
24542
22248
6862
23461
6270
22634
27899
9803
14652
24332
5245
9355
2525
17043
16725
861
14025
29577
15483
26875
13758
14034
29661
27608
9406
1224
2956
13771
17075
13214
31792
32078
5188
21031
4566
1583
25988
9033
27472
337
5698
10333
862
12108
7776
12150
26115
30644
23990
18605
24154
14107
1984
16187
4462
25984
6635
3130
704
9282
20724
17491
2065
23209
30710
31280
2473
27329
21229
17048
29813
11134
20400
11218
12199
32746
32471
24660
3194
2882
22014
19865
26181
5844
30717
19552
14503
29408
22741
9051
29675
2268
4033
22289
31854
2864
28395
17722
23879
20347
2457
13445
10123
17706
24853
18458
24924
1396
23409
3730
16900
22731
5210
29443
19593
5533
6242
15301
14516
24675
18914
6676
29178
2607
8582
1386
22400
22707
10641
32582
21497
13938
19144
5498
9017
4846
30645
12592
5794
14216
4304
24714
14334
23782
30578
16019
31645
7915
19926
2625
10201
21544
14183
10924
29562
20673
18763
7971
16058
27024
9834
23045
24232
8954
14067
24023
27171
8246
605
23496
17017
4397
30427
1770
23271
9405
23452
24747
19773
31054
9020
8536
22693
17653
28184
30170
19993
25080
1419
24820
29013
21244
1387
30401
31469
4346
22453
23087
16890
18646
20005
2573
30155
1677
32633
18958
16681
16081
3778
21542
29289
22242
6780
31466
23265
27563
6331
15827
30201
32072
16994
31926
3168
23434
8896
24015
3545
25417
18722
4194
7253
26584
19999
1146
1193
22268
12275
26323
6775
14379
27284
888
9028
26218
21793
22937
28810
19902
32407
4577
9520
2519
4970
22878
7510
22042
12533
30535
9816
4094
26866
6387
5320
6231
16769
24332
14868
27571
3491
12987
2089
13766
3350
9588
32360
12928
21214
3028
21737
3821
28834
15553
12469
10335
19740
23348
20417
16721
4863
25818
18785
24500
28625
7553
10905
25106
29774
30689
26191
12059
32658
29377
21556
10416
32280
32558
25225
26505
18575
20372
13098
8249
18038
24427
13011
7032
16977
27840
25443
6004
22469
19279
4217
31533
18757
26479
28552
22981
21467
26335
3141
7340
18980
468
18551
24623
24087
31041
13039
8617
2490
24376
1276
14124
1515
5005
2389
17885
3960
13833
26493
32522
3657
11355
2355
3566
31844
6648
2982
11741
1490
4669
6340
10293
23806
16253
22477
3777
15226
17857
14908
2126
1445
12888
18902
32470
12557
21645
26353
6162
4614
14870
19432
5003
27245
2819
27360
14276
32063
17810
10123
30887
13992
11342
1229
28220
19415
25503
30931
22210
7088
19059
14185
26066
13733
2431
9574
5700
21473
21832
22135
29619
6046
7463
4859
2936
12050
29237
6576
1689
4804
23966
16620
24433
11498
22459
19520
18972
23497
4934
23200
2129
7536
5623
2547
8557
14084
2171
2319
17915
12503
19552
900
13317
22802
7367
15797
30251
362
6365
17078
22524
5828
19588
8814
3059
29789
26601
19925
28130
26159
414
11912
32203
30903
570
10519
24051
28500
31456
25438
23681
24467
15484
14955
29475
12258
7365
21034
25067
2610
12561
31855
28611
26910
31774
13666
4537
31768
12155
32120
5246
2883
32531
7381
26667
30159
8104
12924
8309
19704
23130
15663
7224
27537
14826
22074
16594
19131
29731
9842
32489
21459
28297
29784
17457
31028
18020
7009
8737
25662
29317
29300
27208
14599
27974
14645
8579
12518
26633
7036
18605
6551
13210
22242
8653
5322
15053
7734
15185
1195
9439
10421
11352
6257
23989
17178
13400
29448
3830
14531
13403
25193
4399
22897
27778
31408
17477
16937
15007
26896
18056
23639
28563
23332
13207
20658
22626
13859
24452
27462
17624
19161
10419
22845
19655
1987
15719
4060
16786
6352
6139
20091
32251
12747
29798
25151
26317
22879
12853
21809
18590
450
4275
11831
18445
30174
4101
24179
6886
26230
31987
11014
28200
20868
4833
23367
17273
28868
19788
2819
32696
1278
23653
21896
17288
19972
3175
6387
2159
7375
10296
23233
24777
1156
26518
10572
27583
17678
17826
1142
16757
18331
26636
6165
19456
2925
25341
2691
7897
24300
28092
4318
4598
8507
10622
3999
30550
14457
12166
18069
2698
1911
2697
1235
32469
19288
4195
10065
4085
11047
28459
19023
15943
11475
28096
26872
28947
22778
30703
18398
17456
189
31962
7765
21531
22186
2050
29775
2397
9293
7765
15823
13194
14542
24135
81
27631
10636
18338
2814
11385
20937
26632
12718
27476
14807
7210
22186
26730
10787
19830
28547
17255
32716
16552
26523
7874
15253
28252
4073
12136
8252
1657
31320
19206
3823
8445
13861
28468
6810
1531
21335
12637
21913
18446
4308
6352
32576
3829
8809
15373
14312
10002
28519
31812
24157
32662
19506
20895
15156
17989
27701
1611
12210
248
23192
27156
10894
1473
16681
17768
4788
17813
31276
4651
21705
2785
17897
32467
7363
13573
26310
4600
14559
24373
1930
25743
479
12053
4271
5854
19643
14570
25978
24152
25989
26397
21163
30568
20145
7749
27512
23032
28357
3627
18358
21507
244
24994
18486
28098
28387
31367
11728
11948
32598
27779
22074
6282
5174
14374
10152
15989
18514
7119
26773
17551
14747
31597
1352
129
21462
25453
17708
4541
27518
24993
16620
2683
1706
29528
31635
11387
26029
21754
6320
10958
2031
19260
16822
752
27138
28357
19644
13050
28720
26100
9361
2910
7795
27169
5184
6427
12529
16480
27497
24224
20460
27737
10140
13939
5912
24860
20038
12606
4588
4253
27480
23064
32431
17749
1328
30706
30295
28084
26727
31436
8705
15004
17394
26848
5774
23067
11983
11477
18164
14017
907
12927
29293
18649
3868
13250
9648
11246
17610
30954
27293
9623
31371
25368
11485
25567
27797
24706
10150
15823
27376
11890
19422
31019
1595
18352
28396
499
2907
15605
5637
20800
3442
24148
4109
9194
601
28323
2559
25406
13543
8026
25148
30799
24397
16172
17356
15104
17073
13740
123
25636
27680
11411
12440
16778
20251
18555
5693
5675
15169
19684
26302
6159
21473
20686
31296
29349
447
22020
23870
30831
2759
13977
28665
26169
9058
9462
18229
19124
23361
7641
31572
19984
10710
5770
688
30185
12764
15249
11730
27480
802
25394
16158
6889
25938
12693
23822
8385
24414
20463
8715
18876
15782
29292
17525
27052
21825
4939
11510
14899
28767
20634
9956
30235
12600
4327
8279
23863
30127
11903
20826
25569
20488
29311
24729
22479
13057
9635
14718
25279
26449
17508
31862
16569
20326
29745
32349
15859
11746
9323
363
15117
7175
31131
5490
5249
10109
28541
12606
23815
8650
30386
27418
9375
26108
10875
23270
14320
19912
24384
8121
407
6221
5213
11244
16366
14505
26916
12133
22634
8532
4092
1455
20905
10601
22054
15730
23765
30084
18243
14949
14834
21956
18131
6306
14392
20189
4281
18651
29079
22680
27934
27285
21240
18145
24228
30675
32530
18409
8387
18205
27255
32551
16402
23493
23295
20488
14080
4683
20735
3715
11647
16544
11857
3873
26995
14802
31850
11314
12179
1793
29748
1337
20171
15401
2560
4720
29409
7979
28433
5426
32062
13822
23342
27272
29318
1965
15450
16191
25223
21873
20222
19517
13136
12162
29032
11121
11752
16632
13573
30086
28415
18165
21263
16267
11239
6114
13263
28190
11838
7097
14920
16476
4581
9707
12000
941
14163
7728
10858
8100
9477
9249
22983
4968
1305
12364
17573
9846
13537
22450
6037
7281
20425
30426
15789
240
15691
1080
28040
17465
19644
15842
19475
23246
3936
19140
112
4681
6478
26456
30673
19259
10405
2023
2942
10567
9186
24772
2062
29575
14808
22602
30231
25005
10365
3786
212
6201
16312
4766
2940
28774
15741
16910
19849
10370
24521
28609
15184
27524
5258
14601
10069
22704
3225
621
28179
7273
17834
15560
19914
1387
16881
10738
23951
17051
15888
685
30656
12484
28964
18452
8032
2637
27564
6290
5284
25984
4731
2885
10639
26199
7221
4635
16254
23159
4036
28639
11493
18591
24453
7407
15228
16464
1774
32039
587
9733
18648
15956
2049
25985
548
21224
7772
19681
4105
15182
12535
25073
7267
11160
27340
6568
10939
13347
2206
22869
4583
6198
27015
15337
25441
1720
17119
4424
3259
27697
20352
3961
20615
10630
9686
10011
21035
9081
14751
5079
14556
30223
28353
10558
1091
8128
25106
14775
23624
22385
2253
8082
27851
27342
29228
28172
28241
6982
4577
12011
22546
5047
22770
6759
1849
26673
3128
8969
1035
29214
27583
30999
4765
22744
29211
32152
3713
29074
17497
22726
23487
32402
22935
14280
28951
19588
11320
2411
31837
28044
427
11668
27161
3660
29443
28251
15171
31111
15259
30717
289
13982
5797
30269
4475
4831
9496
5644
24763
31824
24433
13322
28622
5594
26663
24791
20993
13074
8340
10182
21930
9893
12807
2742
20497
30477
24128
25908
300
8881
3282
14443
14277
1687
12279
2594
24306
17060
5230
6102
21688
5398
19131
21379
5357
13008
17752
798
13908
28283
3040
17478
17270
24062
5009
22300
1190
27196
12168
31586
2828
22630
15999
7216
14635
7384
28233
16620
29513
9630
21469
24365
6591
19802
21870
28046
14502
29777
9782
20576
5463
14822
3734
51
22198
4103
30782
31721
32376
17752
25656
25234
25716
24165
16521
32606
9179
23561
30798
3774
17708
9403
25645
26417
22821
21126
30807
25523
18750
5088
3237
13135
24091
2361
4039
29245
11780
9688
22595
14134
3255
2535
4794
8627
4645
18809
16396
13740
23025
14295
27107
27497
27743
7911
30248
32537
916
29613
17564
20869
5019
30648
18682
6799
30613
25887
13072
31217
32681
29
18537
30043
18528
5463
3831
8376
13072
6614
1630
31850
24563
1166
31299
6678
27440
16094
5607
12762
16529
17325
9977
9642
26979
24786
25553
4340
4932
88
23588
24549
31123
6081
2503
3975
19503
12380
28146
4449
12740
23313
6624
8191
19168
25972
6557
24535
7670
26264
6873
27251
22261
32014
7687
19091
15105
32504
17576
31396
5845
6612
11733
16258
19697
8629
31586
13947
28362
2915
16681
11982
15331
21658
5985
3618
18961
14467
13073
4663
19937
32384
9340
11156
29805
29562
355
16157
24289
4921
11978
2758
15309
28646
10744
26256
13378
16226
29514
30379
12739
18927
29623
18785
29832
3934
1200
3210
32658
6566
11897
2289
8412
22324
24217
3015
24962
10413
13916
1194
19949
6345
8322
7627
8445
24458
8376
14421
28885
11509
10622
7041
8104
31008
31965
9497
26708
21061
1516
3679
12434
12479
5144
19166
22663
17767
8499
27814
610
11105
17500
16516
26894
11616
9957
16632
17013
10503
11809
19550
1299
27162
31200
1908
31513
23104
17678
6935
22628
13396
12833
12432
30208
28235
30695
14789
7805
18279
5298
5714
23889
23461
1873
14374
26983
28713
22399
21351
26063
22458
25519
3376
20168
6161
13822
19371
9705
6893
4303
26701
25127
15664
793
6879
3573
20090
18840
16060
28213
456
29524
2818
8455
13701
5493
18249
10467
16299
1533
11008
618
6043
32720
6037
17367
13351
17273
14503
4986
15191
21193
3618
22494
11994
4129
1394
19356
19264
20512
6459
29427
7982
21869
26165
3729
28287
23577
30330
4793
28246
26228
29312
1851
29549
7142
24320
10080
22645
28878
471
22407
4929
23470
19182
18778
17683
360
9191
24832
12053
15286
18991
2281
11039
14275
22137
11909
17733
30449
13811
10917
4319
29437
673
17101
23258
3427
10848
7377
25753
28850
8689
23303
31674
8115
19766
12880
19603
16953
28604
8624
22531
7584
27716
21927
29154
32062
29785
13431
3635
27750
12181
32044
8692
5899
31372
22213
29390
28838
22642
3260
4445
25470
31237
15680
25512
16319
10651
21964
17892
12172
20634
23556
7360
26287
22149
12529
9952
18586
14531
17524
13205
25053
10963
10287
10611
9202
30358
26881
30653
14075
15270
6544
3874
30595
28959
25737
18876
27879
30575
6513
19405
15743
2210
25865
15064
26694
19407
19272
12786
1751
22283
14349
4131
8304
29233
24935
24666
8006
30152
25481
11670
11768
30113
17967
6417
30662
20908
7224
26194
14633
17760
11811
21395
7162
26619
12315
7997
3706
8609
1506
17221
14283
7757
34
19501
30506
1560
7655
24648
31882
25816
6050
22850
1428
17487
15109
25684
29584
9746
11876
25966
10658
19735
13755
15898
20685
30173
8097
5137
2341
29422
22167
3980
9246
761
3421
28648
10986
4221
19068
6973
32581
22007
21035
27564
21773
19390
8447
8607
2476
11947
272
21983
6318
22216
18929
6666
29864
27079
9273
11496
28644
8815
15123
5976
10490
1185
62
5480
19320
19508
13507
6382
28375
26870
22119
329
21357
4619
2636
8987
24101
15809
23630
11532
24459
21157
22955
7091
27414
20612
10727
29824
29298
31487
2355
15681
2058
5758
30223
9262
26597
28998
19404
6575
27346
20679
26169
15475
3201
29238
31818
25828
15277
29168
2325
27677
6908
8044
2204
7318
11701
27966
2254
10815
30494
10858
10860
24895
7731
20398
14638
20075
31691
27198
5779
11657
30923
20774
14506
12053
6881
24619
27896
8974
19852
20659
9082
23629
20124
16878
16363
16305
1712
13514
11168
28724
25843
13890
4458
28105
32228
6687
18666
2706
11491
10779
1086
19754
2658
4117
30079
1522
6649
12855
11506
3397
27450
8223
31821
24931
437
7236
4976
23310
767
827
18163
24550
31991
4782
24116
17551
8136
21237
6156
20815
14045
3876
3920
20238
27408
23995
30251
15462
15318
11783
6467
514
28051
4528
4445
30834
18060
31405
9672
2112
4334
15248
17720
11518
4563
13235
8483
13512
8709
24526
2616
14892
28117
19428
5875
25624
22446
22934
6516
14100
272
23111
22683
8283
4897
22294
22439
23271
21789
27057
8631
7901
23987
25395
14492
17759
1330
26421
26679
2738
27145
25672
6432
1480
21863
18426
26548
22766
19747
6901
28865
30275
22298
28009
27539
5431
16635
3466
12184
21506
10819
16334
20197
21415
30954
31024
29194
16351
19154
32706
57
30400
28728
19978
20051
30127
23145
16329
5256
15689
8634
19295
32390
32199
2798
22352
7650
12106
20217
10503
9038
23888
9752
30032
1728
14152
27717
17411
15111
18250
18692
19745
1941
27922
25834
11570
23826
18110
11225
3451
17332
23790
27165
8814
24546
19965
314
683
32095
32014
16693
22517
5578
18017
24805
28613
11360
11458
20861
22567
27962
8757
21208
28624
31412
27797
30376
14240
12596
31788
18780
16080
19387
19453
4030
30153
26657
8014
29034
8538
14353
3684
21688
8631
25448
5328
9816
4407
10961
15750
26874
29339
9558
14558
13366
1678
27353
1650
10028
7742
1229
6482
25381
1501
9433
21024
6941
31050
5879
25644
8746
30671
31408
17544
7148
4598
28332
18214
18356
29159
20257
4128
25984
3872
32110
24199
18831
14878
23726
16967
20021
3363
24403
2493
6362
26241
25196
32336
20319
23935
3003
23144
22045
29917
20293
31897
32357
18896
13053
6024
1622
24399
24173
7571
14591
20225
23486
29055
23854
1872
21534
30958
25921
9351
28286
13197
12276
15483
24730
15579
17018
16037
20455
26306
18875
12660
26687
229
20782
957
19809
11382
15833
6209
3068
29909
32433
8378
2151
32156
12559
20135
19374
23655
6115
26746
12426
546
26293
6659
12392
5014
17357
5154
4447
31731
8161
18929
15547
29877
11581
6027
15723
14963
28596
2328
20355
13984
10283
7182
8858
30743
15057
8460
10659
3116
9504
16162
30539
8172
911
12734
31620
4125
1225
13698
2841
13206
15116
7824
10062
10101
20367
11736
26322
1884
19790
11167
19622
20789
5599
23355
21497
30123
29643
4196
19996
10090
24030
17618
11301
17809
2821
27055
5642
5380
20206
15055
24105
3385
13281
19293
9492
31989
24630
25635
32250
10679
3262
9828
7950
31415
14481
9860
17684
3450
23884
14118
26106
31098
14048
29329
4792
15784
6189
14516
19456
19272
19293
18995
23403
8666
19038
25588
8149
28019
28518
18459
31258
24287
20616
16113
11773
27155
19851
23543
6362
4915
12399
20218
28275
29215
10620
26439
11883
31312
26748
24314
16185
10951
20650
29197
25188
14130
24683
6781
18228
28345
14563
26337
25723
29177
18519
5004
32327
20220
9984
17896
30466
16017
9152
16823
8245
7522
8145
18429
4693
13490
11288
32131
13677
12601
4467
10530
3680
16355
9587
8119
21332
1128
6865
6674
32323
7904
27389
21621
17439
24942
6809
10343
3060
24210
28016
19481
24543
26515
1256
24954
6386
8590
20839
251
455
16080
3422
2686
10996
23007
5376
32534
12342
5461
13788
18173
6950
17931
1771
6977
10492
27034
13284
5619
26286
22159
31147
19268
5908
15831
13103
29876
30056
24442
26497
23324
8169
3755
19990
10537
30371
15624
25181
30693
32361
11013
17856
9792
11847
13569
22309
17265
10131
14247
24693
13675
20410
4852
26370
11321
32237
27928
8670
415
709
20789
17428
3211
31873
8886
4950
23801
18564
14660
873
12207
11481
16762
9985
28320
10086
11126
21085
30610
16284
20882
16519
1538
26095
8900
4508
19527
18811
9142
2761
15080
3084
15732
30057
1766
29930
29019
22153
22923
21533
32571
4651
21560
13072
23128
23509
19417
12953
21819
18431
9399
5442
9468
5848
10374
31443
12365
5726
30151
25318
19241
11596
13987
31807
6714
2519
31312
1774
25820
9238
25212
31268
26758
28676
18873
26474
14058
3345
9836
2639
9787
253
29235
15848
3587
26945
18759
22246
16924
10865
6662
13799
23678
10437
17642
30038
17766
27317
10829
2761
24617
29902
20425
17399
21564
6701
27582
24153
2742
1283
18613
23818
26128
6725
2571
10382
19804
14285
16259
3317
31479
19808
11464
175
10542
16227
2237
9315
3886
8753
22819
19126
10594
3298
28663
32521
18984
7193
7751
17852
23787
1429
25381
25645
22180
26076
18815
21031
1523
24854
11777
16973
27027
11407
23687
5874
27284
16390
24480
2897
4228
28765
22628
30281
17685
28721
3516
16438
30524
140
103
3780
13309
11697
31920
15305
12264
31996
14102
320
23512
17364
31215
4244
5306
29594
1592
29212
15088
27645
29437
9471
2369
6151
17354
27606
17702
29170
24399
8336
9503
31340
14989
3789
19661
10719
25353
6796
10439
23929
27597
29339
130
32734
4962
11229
24767
19924
3008
31721
20437
14315
28190
20382
22690
2287
15445
18742
3041
5775
32526
31285
25490
24381
18121
18819
21181
7071
21016
24316
27328
15288
9772
30604
21499
20392
21185
11174
24015
17959
2060
21089
16218
30117
24836
5843
26492
4630
19375
23076
14369
19499
9773
16797
2775
15752
15772
12757
3242
16312
25450
32403
28524
17759
31245
30711
21662
13244
16925
18400
28353
24306
9409
32556
29926
25641
15238
3811
18753
5928
20386
19162
23208
18463
7282
29887
9058
30844
31293
25608
14665
9601
9190
17790
27489
20861
1665
32666
29141
4949
4629
3272
2868
4670
11622
22219
31946
1073
5225
19768
7096
19406
22161
22012
22358
15790
12851
32739
27353
24262
8985
23269
4073
17094
22663
10992
17380
23069
21249
2987
6458
32110
2229
31529
7267
922
9519
25601
24915
21675
3030
10800
20972
22335
3517
19178
1074
4194
7491
15946
29462
1274
3397
26837
13491
12728
3501
3065
5679
18339
27580
1528
22602
12588
21106
30312
1312
19982
17838
18823
31821
4966
7634
18350
13037
32092
28161
17308
14068
17858
6185
19581
2716
26434
417
25631
26929
27217
6102
6744
3166
6823
3516
5062
20046
26417
23803
11084
12932
19077
15865
21807
30580
20302
15095
18822
5190
5996
5218
4116
18576
4694
15097
20047
17288
5170
20081
18733
28800
9253
1573
150
14896
6167
7671
19472
10225
27643
5175
30120
18109
29712
15744
10103
8341
20287
25800
17003
10400
30983
17726
29850
15045
13534
21762
9099
4324
11451
32212
3711
25862
15097
18881
5075
7508
3118
16918
24369
20848
23207
26358
26393
20460
4441
5956
17915
29806
12791
17687
28233
7585
20474
9599
24580
11071
16433
20129
21386
30368
32037
9896
28162
9536
1734
798
21698
20617
22296
11416
31862
8426
7452
4634
30476
3632
25545
4140
2916
11689
709
3563
30805
14181
28320
5073
8164
11512
23177
15794
32136
20995
18255
8942
25983
22311
16167
30291
15059
7788
7868
1952
23249
472
23693
16577
10421
17366
9645
15009
27043
501
31565
8744
19977
14163
26421
25756
9812
20592
28439
27078
23556
4513
6907
28209
13596
29731
629
9573
779
6272
14991
26023
13
11860
22921
19620
22407
27825
17419
15949
4421
18672
3046
13308
327
28141
32072
24594
24823
29598
12672
12379
4525
3170
26618
11825
18452
26474
16503
17683
13737
3226
32623
10001
27727
8371
27214
17657
10318
24266
7472
30418
18545
17911
13497
3661
16421
31809
14708
8100
26398
15312
13159
29504
4908
7703
27264
21473
21366
29184
14273
2918
5497
15989
23406
29995
15087
8473
27291
18892
8811
15817
29421
23825
19791
385
3353
5795
29749
9905
11144
21389
10805
6636
12021
3896
29958
7602
24503
20858
5819
26312
3035
11483
17338
12073
8752
18753
5969
19040
2116
21592
22251
21048
23545
9585
2977
25797
57
11281
8978
3034
20699
2273
12752
27945
32480
20461
23404
4063
29954
12751
8184
25991
28403
10459
27296
13759
16136
10247
22415
96
31043
31752
9398
28372
16940
18448
29423
20627
6934
14642
32575
133
8018
15708
16115
16434
31722
11553
3498
21760
15821
17247
32753
4307
4841
30690
12950
15418
7690
25748
8181
17641
2895
22975
10374
31173
23059
19277
16988
6910
6661
22989
2195
19921
29938
25662
11589
11441
18661
28042
470
17613
4272
25044
16503
8826
418
4874
18284
30722
3559
9550
20866
23523
24591
9820
1311
30282
3484
28289
29455
31599
8044
7764
31782
936
3252
26705
3884
29913
12941
3694
15756
15752
18513
21159
30978
15340
4999
17467
4048
25987
28400
6891
32225
21257
18243
18762
1081
10016
1904
15267
4546
10520
19111
6656
478
2378
27298
2450
14207
9522
18982
25007
17185
13580
23087
12098
24604
11631
20661
13907
11499
31074
31240
18669
29592
10472
8970
32728
19224
22762
1804
2380
6454
2943
8041
26276
20426
12370
23948
18064
30761
5378
16205
24172
31341
10140
6123
25929
27903
31115
344
17643
28817
23475
25761
9923
26190
16681
15348
11409
3425
11206
3596
7746
29849
10056
7841
17855
20938
28684
29500
10630
13606
10081
9300
32078
17894
31847
14694
6815
5762
12485
7465
32750
16614
23605
14363
29180
1703
5774
20538
16283
29829
31706
14906
24891
17980
17923
15365
19556
29000
31248
3136
22214
533
17263
9272
31180
6314
6811
8788
21279
9500
24644
8868
7895
3138
22290
8351
1279
15875
24144
30042
32643
3889
2303
4965
21225
16548
28728
15505
14820
18663
24573
24278
4698
28310
22946
24344
15912
18160
31934
14716
26851
7943
17661
32138
16551
14468
30892
26377
7502
17677
1653
13617
16818
3298
12726
27468
21378
14753
19558
15463
18813
31663
31267
28753
9856
8810
15731
3980
18701
31726
1466
7847
7852
17911
9176
10056
26702
588
4980
20037
12979
7703
7540
12834
3956
7921
17569
30156
1949
8266
18805
22105
14868
12281
4752
19086
4814
17563
2490
20214
28829
32041
18952
18593
31328
17881
649
16479
19159
15284
16950
16246
21140
7159
3017
12890
32193
13908
9819
4579
19166
9081
1713
20865
30722
9422
894
13740
30904
7211
6821
13265
4767
20601
11053
14050
23005
17769
17246
21369
9268
23485
18287
20291
24483
22137
16061
20492
27358
23091
9632
28855
424
6512
27651
2857
15256
28083
31018
6144
15450
30225
3504
9117
8634
25039
9447
17136
21108
3996
28475
6861
4646
7830
28745
2700
13194
11251
30423
10675
11201
26688
13856
16994
9265
21167
18866
10695
28940
31878
9298
119
18249
6658
32612
15139
22983
29614
32393
17304
18814
18241
620
9394
25873
26175
24155
11028
9494
9249
8328
28908
23331
4390
5840
30410
16684
2291
12921
25392
9526
19173
6253
27406
1538
5043
13114
27349
20417
1557
16547
17700
20343
28363
24936
5499
20124
374
14457
29900
29865
12209
24624
16790
28622
23285
17785
1404
19621
20567
5764
4964
2106
10616
32255
13261
13576
17683
25147
28336
24636
14292
11461
25436
8189
31597
10835
16063
30882
615
16928
20620
28690
27427
18451
6255
27835
23666
10976
4010
12151
4787
16086
27515
30319
24948
28999
6069
11587
6290
9091
19843
31297
11021
26913
31944
18417
20325
17205
32287
18140
20431
160
15782
13143
21550
20130
4891
24108
20298
20071
14798
22408
25246
4246
22190
22258
21642
2502
18222
18700
961
11636
5621
28922
14559
26252
29150
19973
11264
17014
5614
28362
30935
6823
24152
18887
18353
12572
295
32258
24939
31957
3472
2181
19718
10882
15842
19091
25640
29143
14366
1073
864
1454
5841
17826
11301
29404
18901
19676
22334
21749
782
17208
12535
4723
4474
9457
14029
29316
17908
9421
29459
16227
4917
27777
8149
24220
14605
18131
14938
31463
16470
14292
28765
10081
7021
20360
97
21443
19379
17071
20136
11624
28316
7326
25284
27835
27212
27167
25308
14187
6564
6066
30173
21452
28435
20871
29755
24612
18658
8599
19809
30687
20399
31641
26464
7902
26771
13617
19661
10651
11408
31757
21641
11293
24669
16776
17582
26671
19880
3501
17733
26823
10399
17735
2080
6020
8085
12222
30901
22925
6808
11500
27609
8405
29090
22886
27537
25204
9585
24250
25492
1342
28472
31455
23784
1001
11874
11993
7221
8371
18452
11601
14695
9981
14272
7441
22752
4492
28536
6878
26244
21948
11475
16295
8837
32136
8444
18620
19808
18791
26482
26110
16947
27643
26771
21569
17121
19220
16146
27840
21504
17254
7761
26767
6778
12951
4104
28929
9386
20346
15080
22606
16718
15554
28267
14216
31221
11395
5938
28168
22064
9482
10791
11877
26664
17019
2477
23362
16081
16930
24940
24765
25579
1485
13420
21648
8453
29963
12515
12381
20526
25756
12757
26179
15877
8159
2586
7460
25521
18909
21504
28533
2447
14875
26730
28158
3128
6817
25476
11505
6035
20576
22695
9600
4763
19499
31443
12678
1640
30812
22107
26171
22599
13286
26777
31052
645
7576
10702
6354
12203
4296
9801
9148
21878
29809
3596
2644
16557
21200
5377
3720
10152
15985
484
13032
1184
452
26915
21423
30867
7774
6048
9598
14829
25372
25864
24066
20164
29428
12850
2887
8241
14246
7513
7602
8473
12246
21358
16312
23252
30061
15208
13791
17881
14423
19646
8147
23094
30701
28082
19727
28196
5866
7749
32407
2093
19318
21915
11903
9469
6395
4771
26952
21121
5875
3574
22558
5461
4506
24003
7211
20984
6408
21128
30622
14747
21512
19690
30545
27420
14366
25813
18829
22505
20986
14213
18497
26314
8719
23731
17966
18336
13937
32705
25814
7688
446
28589
29255
474
23842
11633
27134
18992
28096
14015
1491
6515
15637
18702
32191
31779
23524
8986
31923
3512
32443
17215
21444
3822
21759
25852
3721
24177
8012
11866
4682
14148
22471
26704
5153
11134
4992
24297
14121
8732
25556
11681
7467
1710
8755
3458
12304
2753
25171
27835
27638
16309
28573
21829
19196
22825
4636
1314
4985
18114
18477
18893
2148
31160
7755
30214
30495
13348
23829
26388
26506
26625
22578
12487
10719
27762
25469
24100
6845
11709
25804
6078
8314
4559
771
18632
879
16281
22515
13153
24718
23946
6826
8828
24837
15580
916
29835
6487
13958
6732
14360
23658
679
31969
1761
13021
1961
17082
27801
23524
15649
2679
15221
16451
9343
14247
7994
30139
31936
4941
27075
4510
32652
24025
26955
27122
22548
26912
7197
25703
21012
30347
29928
4350
4294
29703
23297
24558
15734
19629
8855
6389
2627
12917
10955
29645
31740
18488
23316
31778
13525
26268
3064
27074
30836
16301
20777
2957
27501
9314
23281
9875
783
14523
27223
27039
2492
31927
26343
6871
17571
23774
32580
22383
27289
7109
11020
7408
28270
10282
5584
4066
2341
18011
2401
19690
26335
12144
5844
27127
5808
20064
18845
12246
20772
9124
28119
28058
13845
28878
4547
18246
1189
13765
24445
8782
11816
16199
6410
12346
13163
5859
2846
14791
9685
259
25075
26652
23115
19343
16641
32686
15850
25058
468
26861
32705
9447
15280
16447
14070
26398
7057
16617
7274
29111
14241
2429
8386
14757
8219
26902
9944
23739
8640
20772
26140
19246
19843
28465
2260
19813
7388
24887
16487
4965
26206
12143
1731
17007
23172
24475
819
6977
502
17748
13146
3531
13161
11066
18557
30560
13753
27895
10362
26182
12768
31608
27283
3307
23501
7300
20366
3044
23867
2519
29087
3877
16903
23060
22187
27155
29578
6408
15428
16665
5955
1009
18109
30193
32509
10771
24495
11276
689
23598
13880
31339
16557
9044
15667
11456
30688
4933
27851
11605
31327
10639
18135
6158
20251
32244
30217
26888
591
25485
22655
3594
14696
23815
2313
17226
22627
8204
11554
25722
18777
21360
10681
14578
17608
30278
16067
7030
13044
13148
28622
4794
5592
20136
8329
18110
489
12696
32501
32625
16676
25031
3497
24755
23023
10284
13965
10431
11491
2914
4739
4607
12915
2519
18621
26971
8881
20224
21435
11325
1653
23226
14632
12512
6100
20343
17909
5551
27793
326
18754
26948
9517
12395
7263
3867
30459
8964
24073
1628
2971
27360
22062
5702
653
13466
349
29012
1372
6721
17124
19801
10342
26057
30310
10308
15719
8164
28433
21761
18963
30342
30198
1849
19506
19712
26048
3600
437
25808
13409
17260
1982
23294
16556
8604
29789
11667
4779
24058
5004
5754
13320
10498
2833
7332
4754
20430
5870
24465
16642
8084
31160
27370
13443
29530
29713
7201
16641
1577
28784
27804
14738
21598
14579
16245
30539
32617
32126
25058
7970
16629
31485
873
12801
9071
501
9379
18327
2642
11325
1393
3522
27483
252
3697
20005
15190
25903
13061
9298
27247
12628
15137
19792
10523
21002
25377
10277
798
32056
14945
169
22930
16417
2402
25638
9882
20735
29347
10288
21518
8306
11053
28767
1855
18539
6297
15462
28880
6
7155
3311
25144
13102
10226
2680
11781
11820
27550
13811
13453
28664
18631
16736
17499
21276
20428
27487
352
6341
28648
9075
2067
30431
17817
22071
17950
21529
22165
11135
17300
12961
28487
23568
30773
16198
23228
4795
7589
17664
200
3179
18979
5091
2155
14674
3328
22568
18633
7860
30601
31853
402
15265
11558
13050
22908
27429
6872
5696
2006
11992
10981
8744
25640
4290
17902
6949
12892
11652
27178
3687
22323
10081
19843
14310
8849
20592
9513
27242
30805
6705
13923
21506
4753
20482
798
32757
19012
28248
28977
5292
23862
17425
546
21095
8857
18355
1540
17221
23644
29304
1608
28548
26196
16019
18262
5648
4505
9879
10596
29897
16238
5145
3273
876
18649
29667
182
6789
238
29998
28196
5422
7355
21871
15594
15446
5022
20122
25437
10081
25773
15865
25922
27719
12216
19084
794
30854
1108
2366
21764
9150
23109
12792
25562
23209
11221
5058
857
18285
32543
32386
16550
2145
29870
10459
18645
4804
11911
3655
31041
28899
22446
25367
30968
11717
15555
15906
26854
19399
25261
21870
11389
19662
6552
1661
20277
