10311
13124
15847
2626
9725
31349
29917
29656
19882
11062
6563
14147
21818
16384
30107
23601
27789
1552
26977
9547
511
13369
17680
24905
1399
11470
7578
13303
1398
18151
15193
15086
561
29803
7387
31652
15998
1294
1420
9589
14344
11431
26652
24084
16414
16232
31089
14067
11463
24883
31412
5997
30971
28956
6585
22802
12505
20376
24340
10810
3662
3114
23288
10631
20853
7764
23487
25571
10150
10035
9489
13022
25563
24265
6166
14632
3372
31039
1757
9885
11567
19420
355
17041
13569
6534
14110
30821
31318
24181
27824
5419
18012
4594
7234
20539
10608
19715
22716
16694
8116
29755
27934
7065
27384
10424
26396
11090
16283
16329
21868
29433
10736
20256
21901
14117
8757
6215
16274
15932
2283
25936
20287
15105
23071
30737
28061
28725
23322
28642
23903
13101
26399
29031
19790
19470
21496
26166
31218
24842
18346
9131
21463
28632
26906
19827
19362
18223
1193
4744
9270
13825
10362
22960
31670
3170
15958
14680
31796
22758
3380
30256
8839
13418
22499
8368
16835
31767
10965
15626
22797
25424
28777
26300
29393
26612
30715
9009
30187
5851
29716
7650
5626
11600
13354
14470
23144
12907
7428
4519
22482
19969
23843
30867
5671
9070
17098
5271
8734
15285
15116
31867
22995
23015
16783
442
20401
23816
19996
5639
9613
14157
28618
3123
91
7379
9325
10952
22260
14270
2424
22454
23792
8867
8882
8248
8479
13638
13485
15516
25513
29151
27430
24639
32340
3512
921
2890
15523
30861
14507
5749
21255
27300
29948
29308
26484
6705
21947
28920
1399
26658
393
25871
12146
23612
24728
26755
9781
20290
20613
6737
31075
23258
26806
2343
32550
14759
17194
30948
12102
1796
9519
11281
6884
23279
6786
17132
3341
11105
7027
23518
9094
22699
12488
80
24659
19871
31914
14316
2281
5102
22460
9865
20336
23797
16213
13909
8278
17280
22714
10211
32614
5740
12327
23118
7459
1868
32068
16336
19808
25805
139
2722
32356
14797
2003
18201
32175
3993
6386
4901
14163
19376
27768
22893
14543
28941
29833
16431
30843
1866
30594
15291
18422
18714
19238
11519
18737
7619
28529
4123
22715
22572
14527
20748
16421
1225
22179
19392
3
14771
6489
6211
7364
523
14745
1058
15071
16588
14778
7584
25430
5847
10685
17029
16401
12553
13285
5718
29573
7980
6041
31010
16630
26216
25337
30494
29240
25281
28049
25520
18206
21644
15593
11504
2083
20275
9204
20639
6733
15748
3459
25845
465
9080
974
22387
15452
28578
20699
11544
16425
22373
12482
6875
29843
13704
6532
19639
6387
21023
21376
7783
17981
8816
21312
15421
25894
15514
1722
7267
505
8892
14324
8974
21725
22294
16414
7870
9951
13554
17200
28870
31810
22711
2214
25265
21569
6434
6229
13665
8708
21306
31152
30739
1521
15654
15385
381
10857
27567
9650
26794
16456
5072
22930
11436
10112
20989
27837
21953
11780
32757
26452
28792
32641
25615
1069
16345
16513
27694
12465
13819
113
11557
23974
7462
30946
31536
2409
16576
24209
22642
31185
17578
21967
9555
21933
19894
14670
23209
4423
11560
3751
12972
1663
8162
26790
10805
13381
13513
9435
12399
25222
18061
27329
6236
31073
26812
7297
8628
15979
5588
30771
6450
7347
7591
4976
20304
13983
2624
5998
7884
24443
19480
189
22480
2444
13529
18002
23575
3029
9972
16714
31097
18941
10535
9193
19111
13005
14205
8488
22763
31658
20012
5625
15536
25671
23440
4814
120
542
21680
8018
27680
28236
26498
15615
25960
19154
21656
4489
32026
14837
24229
29815
19957
14490
22445
4102
280
15959
24477
14929
8701
26107
120
16380
25038
29080
14133
17116
30702
26043
24589
22400
6604
4540
9808
6526
8316
18914
973
2262
32307
4163
1742
1862
25526
541
16174
491
8643
19576
4583
23143
19681
17726
24472
11414
16190
14205
2883
814
3987
13873
4833
15706
3511
7803
15299
9308
12567
12127
9304
8810
7720
27639
20831
4934
4868
14677
25694
14612
31597
19053
21617
21203
16471
3979
20667
9534
30545
3223
9514
22604
7201
25867
4413
19426
3706
26575
6512
16848
5982
17516
15716
1154
18419
12597
15142
9229
27597
2855
13512
4508
31206
24104
21724
29735
15035
31120
21958
7488
21253
6455
12860
25369
7373
12445
11944
748
14462
15927
29056
11228
10225
32330
27517
19093
2829
30468
2368
8520
24128
20371
7012
13013
13276
11568
9167
14056
23211
31978
32077
11283
26192
25894
30213
25230
11729
11631
4816
17815
11423
5381
29815
10475
28115
7003
30731
13621
11719
3841
19365
25403
6433
9328
3417
12750
4095
22677
24305
30642
6977
24333
29980
23768
23146
12735
3594
29400
19900
3682
6304
1649
32115
32381
19274
1747
20566
12856
21829
24632
15187
15268
4652
5971
26792
28334
8883
24038
25961
22947
1999
13006
14402
27034
18151
22050
27088
26207
18871
30621
22421
22960
26472
26132
16873
21424
18724
1378
15115
22096
10079
6953
2079
5225
31972
9847
9849
30384
27599
23458
24421
21087
2790
23903
22824
23270
717
14254
32413
5316
19087
22432
16373
13886
11006
23548
13616
24755
26758
2997
25966
17417
196
25913
20468
6196
26058
21275
13887
7961
15832
10840
30036
32384
24675
4391
647
181
5421
4183
11766
23482
16654
298
15139
28358
32394
5033
1544
21277
14528
4935
24534
19388
26233
304
17625
14073
20418
24295
30808
3888
19235
30042
6119
16384
5197
15391
15132
24317
15250
14522
19417
22764
8262
30823
3957
31654
31223
9205
18729
5007
15277
23725
26409
28359
26443
29985
21967
1014
28
17804
26861
3735
29725
4241
29458
6276
26992
22260
17274
32699
25298
9120
15048
29884
3639
30086
28233
27503
17910
14987
6183
16697
25606
8073
2194
13631
17698
14933
23403
11673
32560
13170
822
12751
5940
16817
26400
7325
6082
24627
29797
3263
30865
12463
7946
26512
14331
31684
14790
28697
23319
9469
3753
13231
29653
24505
8955
9223
14272
5524
9299
27704
1943
10575
8747
28538
7728
30819
19927
14777
4753
28834
18004
18333
13549
22696
32237
25612
444
4861
8101
7688
13819
28860
27908
7407
24984
10610
31768
8773
19113
13960
27910
12696
23993
23756
31806
31214
24359
27606
24149
6431
20805
16169
13496
21031
2008
11754
21515
1064
10276
25717
19182
22138
3517
15559
8395
29743
32209
24588
3497
26487
25699
15551
12193
29816
16369
3638
19026
1116
26187
21718
6976
5197
22763
1865
6867
27786
5272
8375
8716
5040
18438
2822
17351
31168
3572
7119
25914
7893
20170
4342
11269
19268
699
8320
10863
21452
32248
31676
31041
13658
30259
32506
30050
8860
10208
24871
10678
18625
14458
26861
15948
4148
19309
39
14918
13802
27896
6074
913
9715
10770
29003
15873
15233
9946
24648
3965
29925
687
28662
11440
21739
1354
26213
18317
2235
31392
3286
23878
30731
21128
19138
27064
14459
20194
15324
17848
7671
31718
18470
25679
29483
23146
20448
13360
28583
31566
334
17092
23619
6499
23436
23981
10455
24409
28194
4665
26600
17418
4564
27157
20284
16880
16835
30624
23598
13608
30591
31823
24068
8934
32509
15092
20336
24206
2918
26077
5486
30807
13614
23931
32439
13697
8491
28364
31641
10685
30045
2306
12403
16646
26461
8068
5472
9714
20208
21662
1349
921
2688
7425
7455
20931
15679
1178
7297
16533
6066
51
26452
25229
10382
28373
30385
6392
17848
22542
14833
22000
29174
10360
13908
17495
28283
10896
5741
15521
16898
10597
9090
28569
5056
22219
8412
24767
12186
15694
15868
6
26049
13243
4007
8089
12930
27074
22648
26620
27180
31510
707
31672
1191
13796
18098
2723
7913
30969
29172
6649
99
25113
24454
30644
24953
626
15171
9522
31769
32731
632
13205
11281
12324
14940
19025
24606
7390
17522
11243
30224
19614
29433
29957
11824
29789
23851
17115
24072
17687
24592
13385
4561
19712
23671
15565
2183
30151
27902
27603
28187
4590
16142
11254
5704
25686
12400
7594
19819
27512
5519
10112
1210
32443
21507
12459
31614
26561
22752
21569
14394
16649
2480
14562
31594
2624
1453
28000
3796
14215
5239
12915
1486
24823
31718
26596
32343
3731
27436
8204
13098
6374
9099
23364
7379
24102
5222
22252
5321
7377
1919
9888
26593
7132
21291
7338
15830
13364
28284
18713
16318
13583
14491
3023
24941
11953
20
29842
30668
30421
4417
6693
5383
14282
26024
17264
26053
29290
11365
12728
9190
24951
30377
17054
18804
25461
32483
5827
1919
14441
9972
7388
25217
11392
6561
8719
21358
13033
20040
29508
21988
13624
8824
2176
16906
6548
22247
3232
3632
24870
21030
7853
28883
8355
31287
20839
26440
9373
2692
12564
22699
30933
9032
21570
2808
7992
25213
27529
8402
15263
4811
22726
15462
26934
28886
1041
10427
9323
6401
12837
21638
29036
444
10094
12644
32745
25380
29138
29212
23702
27842
28050
25325
5866
22162
18174
15932
23018
29702
30008
14616
27169
26074
26569
15085
18234
18376
13414
30771
21476
208
20018
28629
20841
24982
8204
3500
28258
30946
8618
19312
23293
19261
11344
23565
19052
6912
18300
12626
26886
8276
17580
15025
14108
25004
15063
12148
22836
21118
27048
14342
24632
5107
6197
14393
12297
26384
27841
11072
16128
6682
27446
20054
13487
12901
21458
31802
6401
25603
11959
23547
5379
8965
23071
10487
28608
27910
1582
7241
7247
2575
20203
6977
2920
5103
8546
25475
12282
15330
27291
11939
24172
32502
3680
6321
12582
24764
1815
23297
1628
16612
25734
28227
27140
12275
14288
590
20674
25821
22824
18429
3539
2533
6151
787
8231
22842
4516
10044
17434
25740
1779
17017
14604
16195
3950
5406
26525
27037
27438
8208
28308
8961
21320
5480
30099
4849
12353
413
23978
9280
7701
14439
10140
1805
27941
21176
14616
4150
20524
16187
9804
709
13429
21384
15719
22784
27441
2404
15548
9812
28748
16425
1242
30089
32350
25645
4853
25072
2921
4551
24140
6261
29213
24075
24042
22805
14109
4265
7473
254
2365
2771
16965
24210
17872
22913
4904
23441
26050
8876
32077
22841
2467
25817
15297
31269
31920
3942
14752
31734
6974
21021
15639
7458
16770
22075
13388
9434
14709
4834
27419
26706
5734
3177
22265
31626
14480
16928
28583
10449
15285
11256
30089
4923
6896
3062
30536
21803
1639
19064
9608
29285
32517
27851
28491
27354
6354
25186
11409
12365
918
29390
26165
17062
22225
4156
30440
12941
7189
4479
20081
7491
1665
23649
474
20056
13533
6722
15625
17083
4495
21318
402
19838
29567
24710
27247
24576
2221
18474
13197
302
24529
21227
12025
1640
16157
24317
6917
31448
7893
4377
26144
5324
29617
27662
1109
7345
4868
7290
19254
1110
27344
6395
22919
14186
10657
26493
14328
22048
9207
7819
12871
7981
11972
16772
6175
13270
9482
23215
4151
4865
3573
25125
22261
9225
21983
22054
1737
15695
22693
29521
3935
280
13693
7824
17119
28414
21295
25314
755
20336
22543
8457
11442
32670
30224
20858
11502
15487
5344
19110
31577
5422
10822
25386
8413
14697
13424
19336
19770
27336
6751
17020
4031
12746
27513
28770
15918
2814
17925
26317
25663
11089
27150
30978
10861
23627
17004
21944
15395
24985
18774
1802
11162
13807
15387
28684
32583
28891
11972
3328
26209
27346
31475
16302
30208
16306
7242
12994
19831
29911
3266
3320
13314
31133
9669
28555
12719
29080
31446
12200
6065
12793
19253
19016
20859
27681
8278
17716
17918
29248
8099
12589
16516
15263
31261
3482
15700
28216
12535
30808
32693
5625
3278
27754
18360
11054
9528
12293
6254
17695
25890
30812
25055
20192
22206
25261
10492
2305
21778
4982
430
21709
273
4752
869
4773
13437
5198
4911
30487
20176
10366
8016
8908
12476
600
17555
4387
5040
14889
31090
18193
28195
27208
6885
28246
25955
18660
11158
16948
20420
6354
1793
28008
25413
17601
1558
3555
31904
23690
2451
19935
2267
22082
8779
32094
16815
23022
331
15432
24164
23122
11597
9405
365
3618
9776
11565
17092
20366
4241
20259
23692
5531
17323
8247
22848
23809
19836
10188
24674
10108
24816
12796
1015
21840
15921
7941
27296
16097
5109
14938
18613
18126
27432
18019
3585
3340
3169
7267
20485
8159
31469
22402
20190
28199
11897
17170
27578
28578
13689
12462
9319
21475
3164
12348
273
15899
10471
13235
26987
29448
12886
24895
24086
9884
2512
6029
11636
24070
18975
7405
29283
9466
946
14762
8921
11652
24044
4321
328
29037
6057
13499
6952
19215
1267
23261
27511
7466
1681
8192
23153
32064
12369
6578
7173
240
18779
9465
18489
20939
1617
23381
4799
22349
19114
4293
1026
24353
32040
18298
22787
10221
31810
26133
2667
15753
11617
3019
10216
15069
22116
2996
30323
7850
15976
28178
22815
13420
32118
24348
24193
9725
7410
29403
1826
20210
11059
23716
32678
16332
8404
25686
15838
26333
8793
26925
11275
30414
30958
3029
22
13151
20105
27586
20643
24573
8445
7569
23680
14464
32046
24097
5390
31221
19962
5182
11753
12581
9640
17458
19495
30639
9229
20683
17102
31850
30685
19990
12045
30265
16233
22114
12446
20164
15242
21276
13098
28495
2827
31808
31099
74
17003
25721
12588
23405
25286
23915
23079
11372
15326
30503
25272
15631
26641
20141
24447
8094
21572
32189
12545
29298
26841
18036
16597
29552
28516
25214
11923
27894
12729
6295
28623
15101
27720
8568
18015
12838
23319
12009
18599
243
24
5702
7647
10957
8943
27693
16700
9638
21392
30588
14121
5043
19930
14847
191
19319
15897
7786
10456
13466
30300
14635
13944
4400
27545
21177
25135
28774
25284
11478
21840
16864
23543
3068
601
21119
438
3116
5568
6132
28675
5548
15254
31094
21274
7790
6673
29021
29818
19279
27920
8798
26847
8875
7889
13836
93
23758
7746
32375
27636
3545
2955
27179
5025
1616
13577
17520
14340
12323
5647
11223
20663
4868
27505
14208
11841
16465
8967
972
20122
29415
19249
22192
11088
29015
18014
7682
24780
6785
29040
31351
5308
4643
21422
28625
2255
30147
19304
32214
3481
3130
5274
17969
20205
5419
4017
8472
1393
24072
10509
7927
20202
989
15222
82
610
7127
24490
476
20609
30010
17532
11633
11762
28397
7056
22199
26618
25456
21211
21205
16476
28361
6915
8296
29073
21528
27459
20415
21968
19277
15511
7501
15838
29137
1810
2610
31445
23429
5977
9941
1567
17781
32702
16225
27232
11720
31601
29810
8149
7643
7469
22362
25177
20592
19167
25984
26197
20434
19171
3367
9778
12725
30340
29057
27452
14828
26055
11838
3509
31234
2833
1145
10575
17013
29905
3284
10086
32456
413
11359
16812
22696
26750
8654
30612
13553
21448
2167
15567
16690
17229
10180
1083
10104
17723
2668
791
664
1472
24351
29971
18687
16127
13266
13034
25822
19012
2283
12369
21894
11373
3961
31426
30556
2673
32556
28316
21861
458
15985
32463
30666
2491
20714
22012
3991
12402
28663
32279
7010
15976
30478
31296
16396
6973
14395
1666
87
25013
29914
12282
24917
14874
26551
14669
25343
15289
4559
12122
11495
8335
8654
9334
4510
13288
30140
1619
16079
6677
4143
2860
422
20597
15077
16449
4254
13739
6672
1950
32372
29605
32124
5678
24551
987
24777
4354
13793
22888
4354
16966
19659
589
16363
23485
23495
31931
28884
3564
21065
6538
14107
18041
29792
692
24042
26380
15418
24240
18513
2192
3759
6572
24519
19054
9808
1928
16707
18162
922
11909
13600
25535
5922
2562
4149
12381
17726
20225
32680
8274
28742
29286
9641
23628
9525
19978
15366
3515
16883
32306
31311
9370
27082
10581
1207
30594
17016
27239
16349
25476
30546
29672
25535
14256
8072
21447
2309
17787
2403
6567
20200
27332
19470
21475
21551
9101
22077
21119
9787
5680
944
22416
3612
10510
16986
28538
27150
5419
8004
23807
14980
19040
12237
27272
29573
11526
5391
29483
11628
12824
13834
3860
13619
27819
14808
25792
17224
28310
23672
25670
4127
366
9972
22967
12779
31436
25872
2588
3379
15990
29382
32713
14997
7427
841
25482
26756
32708
29464
25619
31936
6560
28515
14422
9218
27736
29508
9568
23897
2660
30509
27981
15615
20898
27635
7975
3230
3732
16612
21664
18767
29387
10818
1484
4358
12399
11813
17698
22761
19282
27714
15365
31072
9212
20801
19968
11530
28328
28608
417
7257
10430
12816
8555
12069
6717
17651
1735
27224
16578
1685
22734
9922
22198
8006
124
5513
1945
23209
26400
31666
6598
18293
22814
8162
24168
10087
9529
9277
28285
30952
6278
32542
10349
22530
27568
11773
2353
22063
29774
13317
16125
17756
3999
25686
23584
900
10391
10352
24905
31041
31084
32398
9044
20384
14395
25659
31909
24689
1302
21942
5778
20763
26272
11211
28007
8798
19692
27029
28627
22662
32258
24191
16480
11837
31700
26416
20774
28052
12079
1431
6448
5681
31678
18708
19545
9423
20239
4206
973
20269
29088
16878
3518
21141
26473
23205
9441
4634
10056
23217
5708
3241
8591
13524
12050
28583
11519
15175
21574
22571
23396
8444
17820
21000
1999
25868
10684
29598
9206
5046
26867
1612
12661
13666
23104
2822
6694
15367
30497
6523
6353
6454
29522
293
15305
26692
19862
85
26732
10764
7750
25572
13292
7141
14233
3007
25482
25403
12431
24372
13258
15082
27595
29885
3703
15388
17420
4866
29129
5300
27594
9952
16272
1970
21225
11924
31833
27344
1715
5142
8873
14786
10732
20249
15890
17887
1895
15319
24921
9230
19351
15313
28535
14175
10251
32477
25658
29693
20572
19310
3563
3537
4911
11687
3933
12242
23318
12151
29438
12807
322
12480
29364
11289
22128
18578
14594
15900
1638
2054
20698
20157
29888
25767
25410
10287
24947
20703
1054
2364
24351
26814
25909
1614
15756
4852
15010
24275
7464
15962
7887
24924
19063
26400
25679
5899
16322
452
15535
24232
5622
19634
21195
5828
7577
32136
848
106
26452
16245
2825
10239
8009
11553
30215
32492
20581
9858
25095
32479
24354
20640
30793
1426
8951
16279
8060
8464
10907
13525
7864
397
15634
12906
25061
23721
23738
26299
11394
5180
11857
11210
7714
26856
24840
6184
17416
1794
25833
7553
29147
15082
30390
11037
7914
7200
32525
16424
26765
17925
31616
3057
27599
31060
26746
905
13724
21099
1415
26592
16828
14431
27097
26672
31295
23398
3320
16426
26992
22674
19445
20495
24220
6834
12713
31404
19588
28034
29355
6523
4187
27410
15592
28601
9153
28313
2493
24375
10921
26615
18904
13854
2689
23087
21254
10684
27908
12148
2958
17859
15348
7834
1933
1762
4118
28334
27618
6869
3745
4427
25357
13449
3764
25504
4963
16123
17992
22799
12253
11750
24007
28167
8102
22270
10002
14923
18422
27658
7222
6406
7840
7581
13055
10112
20556
10753
15166
706
123
7958
5066
15124
8429
596
2389
13553
24350
18244
29430
27166
3156
17605
27570
6584
4787
30334
28481
3600
11
30428
4193
19997
10559
30363
22570
22605
23774
26664
25323
7388
31536
11194
13028
6057
20288
14649
17461
26995
31032
25013
10751
18170
19611
11060
2083
4116
13330
22136
31547
4900
16568
2416
16889
26557
27640
16682
6934
25204
13151
27726
11525
7438
30040
32247
2102
25444
28973
24883
23366
23528
23008
23518
25223
30008
12838
11273
12227
8355
3054
23604
14869
13922
24464
8991
19308
23246
28923
2842
20286
26584
23098
17778
19932
15500
9188
16857
13585
14754
18678
14661
26198
20443
16789
30017
4813
1693
19708
17818
18272
9205
31687
13234
1062
19926
20357
15425
1284
30760
8041
29116
31798
28169
21890
13371
1142
30526
1301
2427
20518
31324
2891
12647
2013
28794
12310
10057
26808
27609
2047
28598
17989
18566
2805
9542
24818
19570
15550
5715
14261
4165
23654
18271
1856
22981
2281
11732
7119
30088
21872
19825
16703
29004
30328
22264
23134
4417
12684
10310
17734
20570
23760
13410
27658
25491
6219
1818
31011
8189
32300
8742
12331
22654
3838
14770
562
10276
17245
4075
16417
10209
16647
26768
5395
17213
11532
6202
10500
13887
30536
14388
19692
24665
26287
16669
19365
23716
1126
17977
28633
8048
4605
22657
18902
18717
369
18674
28119
3
15339
17272
28451
29204
28808
6968
26524
6452
1636
8762
27255
28246
28836
18823
21501
980
23898
12739
25859
15134
15042
20462
19584
19128
22327
13124
22387
17089
8545
29557
12949
12776
28380
27733
27755
28705
25787
7696
18666
27142
28380
27043
26231
20048
17474
17096
27049
9309
4834
8943
9496
30438
8818
19474
21136
10958
3847
1066
10260
9684
27544
11618
25194
21782
554
29937
30856
20448
13014
9061
30942
9129
27768
5428
2539
19496
4961
6969
15621
133
24274
2370
15551
18609
21278
29918
27058
13416
20519
18689
3400
28720
13086
17515
10787
9861
57
25275
24810
31866
11607
5936
31222
7580
20220
7707
32628
8592
144
21725
14965
15788
16048
16199
24168
1678
20544
28413
1985
21524
18168
22619
12034
4447
9825
7132
27229
19317
12167
8048
9074
16077
29105
6747
7953
23252
8758
589
8198
9458
3796
31389
19534
3432
26225
5800
17609
12264
9076
4528
30101
28009
1287
21817
4642
15402
23073
1726
26372
31742
6162
29454
30944
18594
12789
7157
26062
14306
2761
7618
846
1073
7978
4281
17170
4172
12018
9137
27027
13002
11801
1510
18425
18864
25716
13824
5093
12206
2999
3641
9861
10071
30424
11885
2118
6909
13111
28226
10355
23751
23358
21770
29618
18642
13140
30587
31130
15925
17205
29800
26160
31732
5870
14813
18890
6971
31229
29738
5318
31235
30458
13542
30769
29119
18830
25789
24381
29156
26170
21631
15144
16011
32160
13068
18086
26524
13275
15321
9597
3803
14917
30286
28532
4925
25836
1403
22449
30563
5737
31043
5356
17365
26443
9788
17969
17524
16052
30887
19394
24053
24078
27794
19798
7907
23583
11012
29358
17405
10067
12812
16281
12834
28310
13304
16701
26605
9234
23349
23939
17327
20018
24417
20963
18014
12577
32
8337
17924
2891
11433
12106
30808
10115
6252
9857
10966
4201
16074
12587
27255
22173
5102
1066
18899
11720
24839
18574
25199
16083
6323
32242
4962
26116
12171
15978
26518
11526
7000
22076
7690
28720
24343
2123
15944
15160
10189
22808
29534
22187
22287
24832
8068
30723
530
20659
7660
3960
14615
2822
31272
26152
32464
12172
10501
8087
5722
425
14568
12245
11856
28512
14381
16287
18585
9383
29925
25060
24667
18377
14936
12253
28275
23827
10509
18521
23903
14626
6446
16649
3248
2086
13368
6218
1265
31201
282
5053
10421
21210
17028
7184
5784
17831
22318
26438
9279
16831
8685
15263
1384
30524
19826
11008
22576
36
19689
9357
27301
32531
18451
26450
20654
19181
19237
27701
26978
28164
25333
18809
4632
11543
651
5963
17501
7929
14135
16073
12513
7024
28201
30550
23957
3815
23305
9082
23565
3591
22762
25408
21053
18533
32465
20799
20093
28063
16808
28963
7263
23048
30205
28536
28143
30166
24286
10528
20164
8742
14301
29302
10518
1634
6125
844
29626
23432
13361
16870
11096
14497
9430
26452
6678
29698
9304
22040
9250
10412
8456
15920
11713
12835
30138
20893
1191
1558
30292
5738
20122
17237
2035
16829
8275
16026
9363
1669
22485
31260
29468
6098
30044
4027
12769
24789
22018
26209
17214
13107
18796
27192
30091
15643
24318
14739
32407
3013
31121
27308
27895
29812
12211
29154
10306
16687
8718
11775
28462
1945
16791
16582
985
15371
4401
879
8196
25103
7269
29744
13592
20793
25819
23769
15860
24135
23473
30784
19714
11135
19607
7805
12116
29424
4040
10558
26342
9623
15068
2794
11144
13489
19434
14959
28127
7618
24158
18107
18623
5311
11843
22629
20945
24526
31723
21873
26875
3807
6937
28058
8618
23089
21663
23509
10595
12164
18122
2090
11053
3950
19929
12929
13987
13440
16863
10608
12222
1181
456
12801
28328
29862
18554
3874
20652
28932
22224
25244
32060
16988
2680
28611
29480
26651
10584
14758
22123
29141
16885
441
7426
30682
14652
26336
25140
20518
13110
20751
23302
28099
31702
3747
7652
5778
29443
16391
21628
14401
3585
11360
17181
1767
3491
5269
11420
11459
27072
24176
18349
605
15008
19688
5992
14950
13972
19209
26203
22172
10090
3738
25049
7674
2642
29595
13873
24045
26159
2350
27895
18115
14202
6260
19903
15309
31135
23835
22730
27931
17323
20860
29117
24455
13253
4611
5056
15537
1076
29260
25440
28207
19538
28039
6315
12293
11380
5099
2586
10834
32673
19728
4266
18466
21182
2963
10528
7369
30578
32440
27707
6531
14420
17080
1804
9026
24376
7149
32550
12496
25851
22732
21509
330
12237
11920
7394
15848
17554
6701
14799
15863
25265
22824
9083
20706
15831
14247
13415
7532
31406
1895
8281
18603
16408
20021
20169
31709
14645
21707
28142
24934
3792
17717
11784
20436
27678
4699
17185
15885
11733
5464
25162
14413
31232
3595
30046
19349
18095
5942
22068
6528
27769
9800
14925
9221
24561
19594
18479
18356
12775
5002
6373
27438
17823
8487
4043
23392
14543
8583
13035
11356
23722
13676
16950
1009
21657
6777
20072
15911
17308
20348
28720
15849
28599
19877
10146
18599
27818
32554
15206
23777
19486
592
27254
9931
19661
18706
29462
14427
32530
1044
4660
19737
25487
11819
29730
13383
18424
31373
30618
12184
13812
16944
21849
25565
25491
12190
1352
14992
24819
13205
11530
13186
31149
12499
13922
28176
17469
7573
1775
10146
9269
17213
12192
25595
21392
32157
10754
13087
68
8205
27936
699
26352
18568
6573
7896
22185
18252
18268
24510
29161
7865
16173
12281
27459
25196
8416
7541
28446
31424
24410
15515
7648
7089
10265
1537
13626
32741
24555
10411
8813
16513
20782
14816
29265
20680
15598
15352
1363
27581
28170
6916
23081
27900
31988
12157
23714
14166
30125
15403
2464
19104
13374
31307
23661
25937
4130
6986
25991
11436
23190
30189
11611
13050
22878
11943
23743
12035
32031
9566
14454
7799
26120
8503
23978
26866
25978
22398
22797
25438
8120
29147
18094
29653
12033
10974
29498
7395
4504
31392
18111
26366
4246
21341
1992
24724
19274
8887
30031
22317
18862
2923
6707
12076
20543
9279
31222
24413
11575
30219
1860
31924
24402
23908
26320
23070
23488
14465
16586
30386
14307
22501
10025
1237
22397
7795
20052
15847
21576
7430
19948
9138
28734
3112
2328
167
25107
25610
26812
507
2287
7781
19922
17226
426
24482
26555
18491
27463
8236
4622
16800
721
2941
11524
14766
12019
25902
1027
13918
10193
23261
6538
25761
10569
23015
9547
20332
22632
15071
12507
3572
11485
7712
16171
29235
27729
23895
17622
18985
11469
1547
19479
25811
2625
21487
24912
25662
4657
7245
19020
8077
20840
2973
30872
6251
26790
11516
4432
10545
21683
23123
25134
28843
30799
3771
13213
13483
1484
2369
20067
6113
28928
22050
13321
15375
12244
30719
20168
32035
3703
26071
20965
6922
11266
4164
11665
22865
27119
2996
32737
22906
23446
4805
17584
27084
16739
22052
21479
26147
9402
20383
1795
23597
28570
26180
18151
9900
10254
3160
21522
2768
28150
11262
26603
1206
5716
14673
18502
9203
22883
27789
6827
20941
1994
9154
13859
1655
11574
8314
32435
3351
3532
11194
1348
2616
27234
26803
12191
24779
24348
10050
26464
15285
24205
30797
22073
11533
8830
15320
20814
14599
14435
8244
12505
3881
23163
15560
26156
15625
21329
14208
29281
13787
1067
29547
15983
250
17312
23476
7140
26058
19180
3206
28757
18223
4592
467
9424
1931
31727
4879
17452
22932
26516
10401
5675
25466
28444
29257
12062
29215
26958
3010
6421
12284
1551
4083
10738
10408
19057
19361
29755
14677
26594
20118
23396
12033
14095
25308
21904
28883
11055
7626
4233
28737
1349
29498
9676
2722
3103
22172
9774
27387
19898
8735
32498
7111
19815
1213
9937
29991
17980
19582
20875
20672
15464
24592
28365
13129
22703
13116
8879
29520
7706
24353
18573
23272
31903
14987
20644
25768
3339
8838
15972
8639
3380
2860
28928
7297
30617
1227
12774
16054
28247
22090
2788
27739
3396
3950
27554
10395
175
16870
16986
28224
8193
1673
8059
29695
198
20555
9861
31964
25900
2775
28944
32278
9321
9716
25010
11435
9283
13988
4771
7736
12569
28323
28191
9115
9909
29823
12953
24605
25302
11046
11550
31063
9998
3425
17931
15301
20119
488
11159
16456
30739
6717
32106
29347
20834
12899
12961
394
12420
9593
395
20292
3678
9615
29696
24439
2172
22873
15761
20766
3718
12537
11435
16897
28112
11396
9390
16056
14940
9340
27217
14022
30828
282
8050
12954
810
11355
3966
7892
17380
29398
31839
28969
25745
8546
19032
23987
9193
31208
1385
21087
11368
14576
28905
13123
12695
9099
29351
19699
32271
2719
12128
28884
3570
23512
14166
14447
23239
7881
32259
29238
12780
21669
24053
14077
21724
5728
6441
14573
4256
13142
24598
18158
4965
29654
23232
19883
30617
4648
16002
18372
16937
28949
10015
6163
32204
7294
25753
28249
18823
27397
27440
206
13209
7924
32310
24408
19677
15275
9197
15341
11568
8969
14915
15069
13107
24928
21736
15042
2063
11187
4207
28997
24045
11423
20303
8135
11684
18731
31699
24675
23049
7642
6086
9786
21875
16354
20640
16984
1447
23742
11676
2470
4068
18627
3808
9445
9291
11617
6527
2874
27834
20511
13767
1315
30897
5619
7341
23665
25415
6033
6723
1358
28232
28481
23480
20072
10327
28302
19582
20336
13101
8851
14520
1981
32226
2584
23450
18990
19796
30137
15041
22956
149
10767
5185
22850
23578
9015
7319
14489
9617
10269
27935
5292
9956
21798
29689
30682
6884
28121
19477
9435
9915
23125
1246
4500
30308
186
112
24428
15077
9771
5569
24916
4005
22689
32349
11011
10511
18291
7585
3790
12535
9678
20986
23446
5478
10068
23864
8911
13680
6668
463
31875
12481
12782
28214
19748
30903
8704
32348
3570
24350
23557
2212
23565
27792
16538
30255
26034
14972
15345
16847
20544
22681
21003
31699
7872
14906
29337
8530
10593
2720
29823
25070
23423
18769
24100
24722
32581
20026
24161
14838
3270
18800
21894
10621
32665
2063
28140
2994
5605
22955
26071
23428
25939
5117
15111
6248
13267
17123
4518
16634
28391
8810
10077
21877
29279
9843
31052
9132
27005
4496
25069
17787
7551
4277
14314
23605
22275
20832
12426
31306
8247
5115
8866
5506
14568
14021
7201
2332
3078
818
26453
14259
29871
18856
13086
24180
12700
27239
5606
25393
21382
25700
29988
5585
25608
25063
8209
12025
16433
17395
13970
12670
23285
26065
17655
5099
6840
20303
5853
25728
2836
11508
30243
29539
31753
19209
28168
2837
18292
6499
14633
30827
19999
11671
965
9243
29408
85
24451
19837
16678
8169
20768
4548
5294
2179
13377
12631
28921
18991
17261
18242
27690
6499
7434
7766
15623
11302
21271
21748
12243
17270
14087
14489
28817
21960
30983
28742
10672
2278
13059
13929
10787
10592
5905
26764
12131
24481
7836
30274
32596
13102
19905
24841
15231
24444
26370
3799
9059
26310
26105
6256
7330
11352
13724
9305
2168
25447
14893
14672
12686
13063
17377
5508
25750
19609
28374
25941
31742
14681
6982
3111
1256
31559
12055
17988
17071
3718
20242
26144
20186
3468
12417
5261
1997
29843
19353
22849
6581
19423
16836
26906
22859
11893
22436
4880
6785
31643
26262
1555
4508
4822
29570
6593
19023
10042
1031
17272
15871
1031
30169
22271
21871
15314
31456
32713
5919
24478
21511
18961
17213
1694
31971
4985
17724
28925
32630
25629
22717
11506
19046
1397
24088
24319
2840
18430
6589
5011
7913
7855
12182
18993
1636
28813
19492
26068
28076
6110
4412
28209
16513
28198
25426
28391
24336
21092
712
6459
9563
31735
4940
14247
21471
20847
2376
2151
22904
32124
15268
1322
17280
4451
30169
5395
19266
4726
7810
382
9720
26415
23216
18027
31061
1751
1570
5151
13111
2101
25803
9758
9854
7522
22545
2160
2647
14294
1096
5548
22620
20914
16665
7605
18573
15538
17368
1129
5001
5746
14416
3319
21490
24976
1518
19016
5193
8576
17083
1139
12265
10405
20186
17302
25595
28094
1325
22187
14423
28686
30822
28926
22144
196
13831
21728
23585
9443
27515
4876
2181
23323
9649
18702
17320
7312
15844
24560
19167
21159
10578
26441
13078
29008
22751
22624
19877
430
22648
732
30834
607
23150
22188
10241
20753
14141
14521
16352
17799
14999
20059
88
4070
4958
27723
24371
10357
26172
26015
23747
15139
25543
21760
12582
4910
279
28545
25458
10128
18488
31860
1841
4903
29851
21275
5697
9061
3503
12366
18857
19080
2621
90
25448
31115
7461
13304
10072
18872
14424
31488
13570
27030
26523
18424
1915
1237
21564
9041
23591
9323
6918
22497
7838
24740
32342
2836
24575
21805
1223
27087
1512
5922
9635
28725
2246
408
24510
28721
15793
328
5666
26222
14317
6501
8369
17156
29147
31999
3332
23408
5622
14898
22045
20958
19650
16616
25282
6118
28122
11443
4623
8088
1178
30695
12131
23667
30855
13920
12153
25775
22543
20559
1223
18844
1054
22221
21098
30628
7484
19748
18450
582
14564
3133
678
21290
30696
1005
28802
15945
30475
8853
20729
13996
29434
9990
30560
14043
9210
9683
22956
12290
9831
10837
1576
4238
12397
17811
7802
27103
32238
2396
26330
5575
20333
29256
32292
14531
6444
29938
22059
3513
22825
13000
31178
2903
21995
4467
29869
9315
6614
30137
13027
22584
27405
26540
23671
22914
1127
24547
20259
8376
10485
28119
3952
5750
7470
3285
3673
20243
29482
30134
23758
12408
14771
2607
9428
1660
20830
4307
7073
4347
32466
7048
22099
9145
23440
31061
6768
15768
22474
4503
8091
10663
13579
8382
18734
26486
25911
1489
28018
13997
3786
32735
20126
24796
2237
3741
29512
22555
27498
20423
7308
8299
14664
4462
3754
21375
2224
11608
13586
25037
20728
11226
15750
18868
3242
2818
30998
9638
17881
15313
18570
1490
18284
27931
17221
3906
20610
3478
32461
2740
3294
13650
4347
28929
26283
4316
23325
18102
23878
28796
4929
21285
22990
8375
20107
27799
5625
31475
2973
8452
576
23043
32305
21333
20217
28062
13163
16576
407
8892
27894
6296
32293
32298
16941
20853
30283
2039
23780
1887
18998
16648
28045
27124
5808
2732
3875
29621
3323
27598
4656
17018
27367
13498
11687
14866
16717
32104
23943
3271
5049
207
22316
22709
13207
5050
8377
1731
13216
30251
12501
21101
32314
4147
21712
31610
27196
31646
16453
7427
11001
20667
22210
15350
26530
27702
2408
1797
8125
182
20122
7522
26324
10961
8438
21288
22368
18040
14571
14341
17195
7509
12322
5873
32389
3798
11937
2855
8954
12178
3203
13364
17982
25007
13785
29357
20919
32699
24586
11403
6449
7217
13658
16966
8742
869
2549
10519
22256
10427
3568
8029
22091
11306
19604
9192
9456
5314
21440
30470
7879
562
28635
9955
11791
11876
24507
29220
26294
7198
17067
23312
9457
23383
15183
12659
30833
1496
25354
25274
4304
15165
1559
10516
8883
16271
13155
2389
32566
4194
23593
6931
13575
12542
8432
24555
14472
15865
26033
31378
17292
22864
4462
28538
31123
4361
20279
4037
29787
20288
16393
956
8591
19093
19255
10399
23077
30809
1435
11304
9941
2351
12152
3211
22104
2764
15722
4924
10620
18527
11145
4197
4328
713
29084
10806
3219
2530
31786
20558
1411
7965
22408
22023
14157
19461
1141
12093
10332
21107
15569
20146
23321
31967
7010
24616
8269
6258
24817
22556
26870
456
14844
23291
32067
17892
7537
16196
30449
10564
22024
6617
15446
24028
30672
17719
14476
32636
3570
27330
11230
15239
18345
27728
11516
28715
31221
29142
21817
29084
21321
14689
23360
15318
22548
28288
13957
8622
1687
8013
24322
23014
4864
29754
7584
26474
20120
17082
21672
21341
10937
11250
28246
15623
8889
12510
27105
12635
18369
780
28403
18373
429
15515
27241
31992
6397
26125
12691
31656
2893
532
528
9033
2225
9594
3741
17047
12951
23696
29638
31225
14923
26802
28034
4206
23041
1793
6448
10754
31765
8829
30406
25292
2055
30867
24072
32007
24435
26248
32378
17340
10977
5789
30730
3378
23673
20397
31742
31877
9788
11463
21730
16722
22015
16487
21689
2714
11190
16190
13147
10839
31512
31411
4006
12499
17354
32181
19669
8451
27088
27752
30461
27392
438
28468
971
4003
26228
8462
20609
31907
18826
30446
16183
14024
14471
11246
31985
19297
30065
2852
599
4968
23119
15177
8341
30815
19767
16895
12034
440
18278
1138
26361
16327
27094
2871
28153
21473
23433
8114
15492
8575
10108
21415
20610
16127
28299
13260
30493
11536
3084
2591
12510
30168
867
24710
4209
14899
30043
21802
12679
15117
17270
5827
8190
14666
1557
14352
1617
4107
25035
22943
9023
22538
11428
31219
14229
30101
7684
6548
30349
23953
9528
17603
19283
26938
9830
27298
4819
13633
8785
611
15525
17243
2882
17453
31747
1617
13350
4413
9136
2400
18134
20375
21142
22867
23120
8908
23403
2330
15971
31173
10896
31914
8439
10760
25913
2592
24086
28079
10907
4570
14479
14158
30824
10808
23631
14951
8660
28522
2095
9045
5383
20704
25263
17093
9933
14866
3259
1291
32468
20594
28037
22370
3384
8433
31251
26318
5254
10116
11097
24583
30281
10124
32422
8964
12027
13902
28000
8536
6340
8301
28308
19027
31996
27151
20361
5552
3343
18506
18001
2498
14344
30439
17621
18384
12839
18421
20084
1917
7318
2227
5753
15403
497
15792
9665
6574
20888
15706
30159
28346
29130
8712
31926
17492
25028
30550
20383
14694
20173
7926
14556
20275
26035
2514
22691
22781
12744
24688
18461
28623
22866
32543
27801
23280
27547
14760
18802
13110
412
21378
23018
9152
15773
23254
13258
23669
7373
28736
13712
2304
4383
25102
15866
11862
19568
24122
20889
5775
12025
20295
2498
7166
27186
11448
18565
26547
13750
1319
6268
29999
32497
15695
20426
17342
1725
8205
2841
19712
19045
30000
30624
5686
14103
12893
11846
20155
30009
7772
11860
2392
28242
17437
29201
3734
10701
14296
28516
28222
21194
13470
21108
26716
15331
20977
14335
5884
21334
11117
12584
21236
9825
4493
24671
11332
29103
25399
32703
25601
4775
32077
32120
11335
14219
15621
17385
2540
32017
26072
516
16237
20093
15519
29829
12250
13149
12389
8450
26544
16182
22327
15574
11960
21662
15877
28697
26087
20584
19092
20110
24348
22768
7951
29935
319
13392
15376
2855
9729
29416
22395
9057
1122
9929
18665
15229
16327
16315
20825
29492
1856
26730
1968
11111
2887
13960
15168
10739
20561
23265
18454
30560
24864
6680
28915
15568
9154
31782
15791
23327
18427
20473
27646
14434
15465
30147
15194
9204
6380
9784
13369
18439
2824
13449
7646
382
17417
23948
23838
25046
20348
1181
21799
3146
14563
6713
10568
10750
30500
6201
13605
4276
28563
15834
6214
22126
1720
20633
889
17048
1162
9823
12650
26700
9875
27267
831
24988
17032
30078
8119
30952
7511
24808
1671
17228
20290
5654
17747
3887
24830
23353
9601
7990
25774
30350
17322
27079
16202
31470
553
29159
30197
11789
1024
28491
27452
25733
12241
27544
5258
10277
530
22585
21928
10800
11664
27717
935
2070
418
12303
5837
10608
13007
29741
13982
6035
3929
725
14307
13273
16513
19886
1721
6288
6240
13927
22789
31784
31769
15637
15709
696
12121
10942
3572
8747
1917
11848
955
1839
12366
1004
27171
27260
22446
11323
2945
24559
10524
20438
22800
22171
29098
28683
19148
10700
12675
29309
1510
24011
22414
7684
30818
13247
3126
14013
23214
3580
27637
1371
16099
959
26160
29171
30420
11189
31458
14576
8875
30205
28281
3378
31969
1001
25588
26554
27425
28728
8011
10938
15063
24179
14276
20149
13754
30840
10236
3047
15316
23649
3059
202
21434
22511
18101
26504
12168
15337
17245
2733
27326
10685
19103
28791
20095
6931
31175
12447
10067
26513
20113
15875
578
17243
15303
31036
23892
17723
19085
13591
3065
7483
10625
20588
5649
23326
9091
3044
10355
9660
21361
24101
27363
31185
31173
28862
32248
30410
22849
1639
18502
31049
26931
15883
10293
23261
10316
14261
11292
2835
27250
19038
2870
13793
400
26586
10480
20591
24149
10024
27232
3688
19001
24492
12803
15358
18686
16123
12669
28354
16065
18484
17797
6888
16260
5124
19940
19129
21672
30100
17256
16696
20785
21435
6092
24847
2770
6972
25330
10795
22467
21146
12120
7023
25586
29951
10145
8866
23941
31755
27136
1105
21958
13083
7091
4123
2140
22512
19865
19767
30539
21707
24205
22294
24824
29292
8351
29435
15768
28811
2481
32017
19223
19020
14577
12493
18392
5867
16704
29817
17540
1179
17886
3070
32220
15868
16417
32290
1453
7087
31500
19106
4767
28369
31859
25202
24785
26987
15685
58
12384
11462
15620
2659
450
15670
25091
25884
12614
2482
14313
6977
30960
13426
10094
3142
4872
23064
9729
10134
15700
10278
618
24728
6921
23385
8067
20097
16287
6998
32655
10267
2122
23767
10416
3703
7401
24410
18471
18833
4634
13676
31016
4814
23034
17865
25949
26615
12897
2795
6032
29645
15875
29660
15258
25531
12137
26076
19970
7762
16979
17590
13263
21808
25115
5377
28187
9393
32379
7203
9023
15598
31604
3990
26034
25493
15087
5328
23552
27253
20623
20198
18940
29704
14562
18623
21722
16646
17574
28203
17423
30679
30926
20734
18670
27632
31838
28263
9485
28519
11949
14062
11599
8868
6773
18206
16577
8216
3377
15765
24022
1755
11431
25924
18661
3883
18353
190
3153
16650
7663
2199
18285
12736
25929
30386
24899
18084
83
15968
32529
32712
18228
15476
8530
27065
18810
5741
30128
24784
15651
29413
18217
29014
25906
17885
26198
713
26266
539
30756
23795
26553
8081
25363
22241
23731
23762
11528
11220
26184
6981
24334
27500
252
30122
30521
940
21638
19538
23551
31136
306
21197
16410
14744
17266
24679
8251
10169
203
6810
22362
25910
6347
32475
2518
3401
6178
23243
8204
23684
1403
10794
12204
4219
20476
6779
29519
18716
10003
18826
4158
32442
24225
28582
7636
7777
16814
22356
25078
11567
19039
10656
2818
9760
32577
31081
11251
29281
29108
28165
1812
14952
26930
32188
26885
11662
10328
19709
11775
10560
30511
3523
9379
6164
3737
23983
4113
9272
8262
29642
14707
14374
5023
32749
1915
2230
19787
8135
17122
19369
26876
9676
22709
12358
24122
24381
22568
15092
3095
28298
4140
6260
6834
2996
22046
4214
14409
21425
11558
4833
19764
4067
8294
5386
10110
32417
1770
7554
9922
75
9512
10851
18097
21729
28422
14574
30884
23893
4244
28876
26514
26018
4501
19247
10111
20988
16901
19064
16476
5911
28852
24031
32377
25782
6832
8505
53
4800
32243
31141
17709
23882
412
20721
30345
18907
6581
18673
8153
7867
27208
20065
18575
25478
833
23652
20313
26918
19783
9494
24588
14966
14729
20444
23477
2196
13200
15452
26020
1670
347
4792
15206
10442
573
22628
21640
29197
14624
13345
29802
9060
3552
5784
4251
2726
26673
1336
20874
18926
19712
18026
16076
719
22137
21328
12075
28900
25329
29260
25234
27968
29685
30621
12262
25735
24583
32031
20576
14361
5484
1474
4368
10168
14063
27686
17448
9493
32103
30422
20249
22983
23110
21114
6738
4082
10989
31870
30977
24690
26261
4381
22119
13922
30110
14835
31112
29489
8584
18903
6740
11537
22967
17180
1847
21445
17709
27904
26733
10333
7028
6639
3594
26043
5876
16790
31558
26559
10729
27871
9474
9407
17075
2051
30546
28657
3528
7972
14140
30130
28295
6587
25832
11215
13440
29119
13213
6986
24396
21021
11880
23546
18641
28545
5144
27193
4212
22881
6817
5365
26368
19095
13358
24214
24826
29531
18106
23954
27011
21446
6878
11107
24941
5531
32132
11239
29547
5867
5030
5014
25639
13588
23899
10175
7664
26090
10412
19027
16922
21619
9319
4396
20902
15154
23899
8751
31063
23983
31152
8760
13341
25439
6828
17045
25374
15030
27686
6950
19599
1265
15839
22638
9221
16983
18390
27128
27474
26016
32194
11768
235
8648
10452
4978
20019
14727
20650
10863
23979
5492
10988
9800
3682
6512
13053
4906
26541
19256
21494
15573
22652
10708
10396
13298
5515
22217
9794
17672
24907
18606
6541
17663
4938
2845
15901
15559
21125
18990
9136
28545
19847
437
1955
24216
13837
21346
20752
16167
26243
17848
15003
23344
20140
21698
25453
12220
17731
20887
1059
30054
25085
22551
20435
23474
21584
24734
22242
16051
26291
23341
9374
12092
3513
30158
20485
910
11414
24530
29054
23026
22587
21005
25853
4309
8176
1060
24962
4786
24371
6494
27430
26259
29926
10613
12936
27834
917
3788
29209
27759
21401
5024
1856
22471
30076
11764
6791
29610
10246
26865
26894
25225
5271
18455
2577
22432
14435
28754
1501
28287
2326
27177
4695
1314
9288
783
16300
4234
6647
31184
28580
17169
23226
28892
31849
4126
12744
3606
30184
510
32560
19154
7663
15249
19758
17165
16152
5757
4907
26513
14852
21099
19327
6445
18886
14515
29938
15886
24238
16344
7651
3677
13515
931
3008
31381
15827
27369
14951
21527
8719
9436
14184
2025
496
20443
5972
18064
14708
5938
27799
4365
25201
902
32507
18889
11117
4171
16212
1167
12138
19945
7103
18875
32364
2141
28165
3013
28283
7252
30212
27141
12946
27653
14906
32525
31740
17959
27232
15192
11694
1033
31878
12438
114
15171
30741
13283
3312
21357
29197
28103
481
16040
10412
14353
15439
3602
4463
6169
3387
29202
1141
24658
28002
9731
19614
30692
23404
8420
28762
777
10887
6188
30669
6354
19722
29226
23948
6389
22262
20467
31045
6786
2388
8932
21730
8790
24736
2625
14149
9656
7318
3145
1195
12547
23851
22576
4010
11666
31895
22615
19879
14001
11386
1157
7812
26313
21578
5368
4687
19651
6951
19074
32389
32734
31107
22011
23136
13892
13559
14160
24501
14613
3006
11476
19335
24391
4880
27936
514
12053
30143
21785
17625
28083
21343
27648
22186
9391
27129
25891
30486
6417
31899
30116
13848
16720
20423
20308
15709
1054
23309
32266
19671
29218
29391
13322
1803
10493
2112
27448
19928
14894
22372
3038
18212
5580
15233
32759
24688
29591
575
10757
10742
6571
7253
15181
7425
31054
28830
16056
19969
3609
20761
7178
3184
17595
20130
20928
12619
27930
24614
17783
6346
3700
22185
29918
17940
6295
10863
5905
24878
19514
172
28698
27125
21965
24496
13274
25558
24253
20883
3675
31777
25719
9770
15777
29412
24422
21537
19780
23121
30024
3419
24597
4875
19532
9494
12305
10372
22238
19965
31885
21149
2226
11155
14041
15113
21656
9362
7813
27160
22694
28929
10442
15844
23061
1645
9592
27707
28086
25854
29447
23691
21512
19590
17174
15925
14340
12573
3982
14233
31184
21988
27608
8781
11332
4271
1010
15860
4596
32220
13907
19558
2403
16548
20970
16108
28505
6020
17386
976
21615
18491
10806
17818
7758
24613
20608
28160
8668
15908
28064
17908
31141
21768
26006
32701
29813
32752
15743
24882
3548
1653
3089
9539
22828
4596
12222
22079
104
24718
2419
6733
14135
8965
7818
4961
26706
14752
14998
29485
11583
18401
27235
2701
21660
20045
16409
17754
594
17708
6610
11684
18853
8485
23313
18865
13712
2903
25907
16694
17505
6978
23138
13247
23078
10916
9025
10916
20500
28152
26540
11101
10983
25538
23889
4464
28338
13791
23837
9753
20765
32406
23972
5672
8584
18788
16042
2168
21060
3449
6148
20156
5433
11344
17122
32235
32158
10908
11112
5401
30554
540
5796
16981
11694
23427
8028
6011
1092
14133
19593
32328
6390
32702
3359
20409
9032
26406
14909
2133
25333
21766
435
26425
22990
13689
27858
32102
2677
17011
29475
24491
12187
22725
4748
20011
10888
15962
29560
824
26414
18492
13622
22441
4251
10866
29709
2406
29669
10612
7201
19488
3922
5901
5698
26413
4949
27734
22766
10716
29179
12456
25258
30216
11469
12546
11983
9092
6938
3068
7085
8063
24632
27554
15932
8434
24852
22009
2750
1912
3124
20856
3676
5953
29854
22464
32272
17808
28772
7286
26926
12842
18675
1958
11581
11981
14923
27027
1113
21853
21653
27996
15893
22759
2513
8690
16722
17244
24063
14316
724
16530
13128
27583
959
3143
19465
21696
28302
1258
29126
5310
26208
2630
19338
2536
1585
1979
25528
9696
32179
5290
279
32421
32234
1420
12233
28609
15550
32521
22379
28355
20442
6807
12306
13276
19108
3962
24347
23068
28347
3762
13210
28099
16066
3103
29547
23212
6082
15912
21597
4655
8545
5146
8580
24360
20104
2470
32731
9230
22085
13685
27885
26911
23780
24386
22851
11918
29887
7289
2106
19394
14311
21312
7944
23620
15272
5358
24630
4646
8616
23631
4063
6918
19064
30845
8001
30961
3767
16965
12508
25882
18796
32217
19231
15167
19338
17361
7591
26974
7743
27783
8691
16492
28472
15102
2080
31232
5598
28474
24591
21795
4390
10607
4837
14741
27191
20519
26439
5600
1002
3166
23314
18432
23824
7837
22202
1189
26051
13375
21518
19519
12085
23473
12880
18946
6932
31065
22030
8136
20910
14074
8406
5900
15238
486
14455
12729
18446
14285
10554
1754
21430
4431
11109
25692
25667
13698
16504
25729
4330
5535
4716
2552
20953
32561
8750
28997
3599
632
1160
14827
7544
7208
32615
6881
19769
1937
10398
15604
23124
27480
32670
5208
19257
21859
2879
25603
25811
11087
12850
7237
31754
7504
10029
26427
18011
11108
21278
13545
24801
14567
15489
3700
28682
4265
1671
4008
1864
13400
6014
26838
12612
5841
944
28066
18816
17536
20735
13068
28685
27562
24573
27015
23081
24610
20339
19499
2023
8945
9066
30179
9888
6092
26421
18555
2391
14531
8535
1852
16286
4286
1849
22681
7675
30862
20189
21392
7569
7037
10109
20201
10915
9713
15779
15447
26104
5889
29534
22456
14142
22281
3705
7169
28331
25161
30226
16549
12571
16187
22262
13681
24400
19886
32169
11606
4131
4231
29749
27081
4807
8524
20191
19135
24807
32306
20225
18627
25998
5122
13371
18548
13186
16970
18836
5600
12232
29735
25973
17659
3919
8759
5828
12073
32122
9657
25838
3962
5181
19289
2378
21370
25452
10030
29581
6410
743
14348
15327
16132
22151
29608
15976
5926
16416
3277
17937
32579
21884
20357
29560
8140
5661
3614
19721
13989
9188
15625
28585
30676
27931
13983
12862
30047
4414
1993
26164
6847
19126
28708
23501
29190
5482
1001
20004
23291
1832
18784
15301
13195
10297
14667
16168
25088
31221
23348
9307
26796
26218
3856
6688
17853
9304
7584
575
29926
22925
8241
7515
335
27973
8406
17101
18311
5907
14346
2657
4859
22820
18667
22941
11971
23684
19098
17080
3632
12115
18811
30524
13094
21069
6576
21896
21990
11826
25041
2036
30744
11075
2870
19315
9580
7464
13304
19146
3385
3555
9377
12856
12980
3573
19401
20904
26444
11192
10377
32743
5302
25566
4490
18546
28857
15056
496
2583
20845
2392
31195
27217
16907
30674
7959
15239
26828
5498
4947
28409
20502
15195
1793
26563
8505
4232
17322
27592
6730
23794
15355
2632
4587
16172
11997
3604
8379
9936
21040
28011
13754
7584
4681
22924
2994
4716
23883
18016
8794
25151
3619
30489
2721
9623
5707
332
4275
10291
4652
4076
28330
31753
24898
29679
5597
13076
14769
20907
13647
6475
13149
14921
27091
27317
29477
12433
3106
7517
32114
13435
7729
21447
27660
17649
13716
9059
16792
26209
22105
4721
16863
22701
32478
26711
13140
5321
13354
22620
17959
29589
31367
29935
20478
1852
8068
25573
24997
20104
1572
14058
21587
28061
27733
2334
796
27565
3235
21236
11295
21275
2061
4920
23797
25464
5871
20413
12363
30618
216
3472
14681
25969
30395
14152
8633
2308
12435
27471
9287
201
20389
24751
31081
7498
6633
19170
13075
15025
27739
23197
24197
24616
19521
24196
4094
1902
4580
15315
1
16413
306
17455
19169
4035
31782
26962
23183
8472
24113
28276
23080
10902
4961
101
29531
13523
700
9326
17846
3987
30698
27491
2846
3496
12301
4675
14718
7510
8663
3187
31530
10912
17152
28605
3271
11279
12953
27376
9090
6124
939
6884
1608
17670
12270
6389
31850
17657
6391
5428
32446
26172
15582
12871
18343
813
5690
14596
1413
21176
16771
6828
11979
16000
7051
8624
22998
26397
361
3851
32734
29551
2245
29790
7637
31922
18246
15038
11528
17388
22770
29568
14495
9431
27153
29934
31086
30263
10708
5395
22855
5141
21485
19804
5442
5243
5394
30467
17891
20427
24106
18809
20074
28675
22375
24014
23292
11489
6360
24184
7582
19392
26222
20209
13531
20445
4678
14401
5876
15871
15285
22268
9227
11392
4415
5297
18370
24096
7037
10244
30052
1128
445
15124
23074
24014
8609
4696
26964
16809
14858
25398
26241
4912
27989
31673
16819
20676
24005
9395
16663
8291
22783
8025
22893
27498
18779
14593
10081
12285
25886
7724
12731
4360
21549
15618
10962
16566
29822
25963
30996
10814
23058
23562
9398
8100
10385
29276
26896
2670
16842
25773
3649
23610
19628
29134
28383
893
7513
911
13860
18387
24517
10091
6873
1345
21144
25022
16450
16082
18014
7030
21496
20312
8530
27957
23486
14080
12875
11175
6139
31106
10001
12771
17426
28078
21584
21103
7451
29300
27142
18941
24266
31475
8307
26345
6424
24374
18888
17710
6617
28341
13624
7938
17356
32504
11334
31118
15119
5882
31323
14907
12846
24887
20297
27703
17173
4093
9559
2787
6281
16923
