18515
11817
7901
2937
10052
18384
13065
31044
11105
21659
10299
6716
26744
21245
16744
6589
14785
32030
11624
32677
20602
2815
26583
24808
12094
20097
17735
17872
1433
27122
22980
29599
17645
27017
15937
6834
21342
21701
3910
28523
23147
19305
22491
32031
26122
12202
20209
9181
30352
3993
21965
13956
14992
18653
4676
9469
19314
7084
6035
10001
29993
4815
16102
29592
24430
25028
28700
2478
8412
6932
24182
17279
5935
28166
1550
14269
20893
18275
17264
13226
13954
9429
13268
21126
26059
2849
18490
2553
32124
418
18746
2025
11378
10128
22739
604
20808
13503
27829
30067
23818
2757
6180
26910
802
1307
17049
26606
32233
17531
30720
23234
4125
32103
21942
531
7035
28561
8904
10423
16901
12667
30877
25126
8395
5300
14715
28047
25133
335
7543
30170
24650
16607
21046
3291
10607
20165
9566
16187
30058
24882
2663
30553
3707
29380
6471
3549
24982
23573
19212
19458
18282
691
7967
24307
6636
4214
541
24366
20674
9689
2409
7975
5070
16690
18573
17245
9343
24287
13269
299
4345
20301
2110
19685
4326
29513
11971
24983
4007
29797
12089
329
5837
25804
32767
2518
22331
309
15261
3534
27237
9253
32118
14964
5739
16061
32752
11611
19624
20553
19179
11035
22228
12002
20039
16248
2857
5388
27880
8043
6278
12160
11299
32566
18562
11245
26553
32000
23091
29863
26529
12093
11106
28777
19677
30829
15973
220
2064
3126
26627
2180
240
8422
24162
20458
18969
705
23252
12768
11159
23197
15053
32219
28180
10011
11975
1910
31276
30025
22279
5164
22329
31709
3865
29383
16376
25673
25768
242
22155
10360
32177
32063
16781
18065
28285
29230
5727
14679
17751
29960
18264
4802
26917
21622
28317
8072
9721
395
4303
21680
31034
25934
7390
18436
30150
22130
4951
23464
29846
32629
19457
21843
6788
24745
30195
4302
5925
2366
15970
32662
11
9693
15358
5833
18155
13348
16550
19282
20579
8075
4414
30351
18665
879
29377
4152
23813
26190
4706
5296
14786
9055
5349
17803
25220
31458
29487
32725
3743
11382
11358
23699
10641
19258
12688
19235
9506
23559
21216
5908
3481
4200
19164
14136
21055
18860
17080
11499
21164
15767
16574
27162
5437
26897
18146
20617
21196
21027
13086
11211
19627
27074
18674
10940
11834
26033
5666
26612
31394
30384
20736
16230
31290
25254
23181
13115
11356
32393
2031
7247
13894
1494
10732
26375
11254
17050
4016
10114
18629
8328
24706
12191
25133
20668
10259
13911
15514
22712
29512
4349
28936
28344
8326
15
21828
4093
20788
13998
7627
971
18896
28342
12009
20857
15027
1081
23342
30438
14161
5496
19327
28037
32758
16752
21271
8923
22720
13614
10191
10232
4195
8369
7471
32427
23510
22964
9014
25850
10039
3649
28581
11771
11395
18604
29022
28291
31673
10211
5585
16737
23783
7429
5064
30305
4285
4262
21555
3559
27920
12006
18796
23654
25366
23289
13250
21472
15859
7413
5622
22436
11460
3217
20615
8410
15590
24024
15654
1772
29554
16544
4551
26200
28849
31341
14403
21137
5417
17033
52
1679
13931
14339
15552
29865
12019
641
5645
16244
13391
3324
31875
4839
3738
9389
27795
5207
28374
7506
9011
10055
30120
28066
12228
25986
23780
14690
21950
15724
3074
20585
26290
20746
16194
4131
14157
5999
10149
27843
28475
7377
7002
7237
772
8777
25715
6850
27367
18473
26396
8639
20207
19047
2668
19499
3743
31182
14387
22361
19362
31655
32593
2091
16719
18237
29519
23380
1614
14785
26108
22859
4850
15366
345
27772
11503
29194
5566
12685
31859
413
25205
13921
4054
13548
2102
13572
19197
4557
16171
15189
31713
9481
19705
29150
18169
28354
28137
24505
29281
4225
26521
7732
6739
8523
2288
24575
30344
17006
13875
23195
17956
11453
424
9825
6605
29923
15598
18673
23909
14176
17420
4999
29000
5562
16399
1401
7284
16426
4404
30752
21950
8359
24341
3893
26777
7211
12479
26326
11996
12806
4292
27858
20262
17568
6256
24754
29073
16714
13491
29124
27108
27336
7976
2326
29524
3643
3613
4778
24580
13105
19461
18975
19309
6458
15960
29393
5727
1120
22471
27488
29834
2124
29163
2233
16968
25163
6187
17859
21129
21784
18785
26235
4606
15100
28235
27017
7898
23808
19062
30937
10225
25963
7370
30165
11380
27145
22176
1137
4531
10976
21394
15045
19197
2343
13794
11876
411
10722
5351
18391
8744
21012
30145
10764
23498
30740
20181
8335
2077
23131
27464
19777
5734
3132
19687
2256
5169
12924
16554
7746
8585
5758
2248
11517
9156
4024
28573
15667
25718
23980
17762
32528
14962
15044
13314
31461
18411
22735
4606
1637
24500
5857
24570
16220
31242
11558
27360
26457
805
15182
12847
9512
17956
26747
30586
8373
12193
30951
1376
27100
5144
20878
13144
4634
25635
16892
1357
9144
14384
20576
4014
31293
32431
30627
21187
16581
555
8635
2458
17111
1534
29569
7719
23386
9243
26286
10754
10507
9050
32568
27703
11760
8890
19428
3661
28192
23996
30021
7049
21617
16370
3999
18777
20964
11833
15611
3019
23323
7104
20559
3495
28397
9221
17856
24811
3523
16146
3618
14737
27143
80
11284
7878
15920
2754
14642
8621
19885
7555
13953
23821
26478
30739
1846
26513
28977
13653
10856
11292
26451
2957
23541
2279
27168
28301
19783
14279
9289
17244
4049
5466
1265
19641
3546
2462
14075
30595
25309
18720
2941
3979
15500
8265
32716
4228
32190
25496
32033
24558
4407
644
7475
6352
6567
29035
22086
7276
27489
17367
12316
1376
25957
57
9886
20667
29807
12581
28147
9876
1796
23998
5704
29109
15997
4046
5611
16048
8697
21197
2645
20486
3409
22757
2962
29435
16491
5711
8421
2624
32563
32464
15882
14050
1934
18569
3767
27595
24035
18948
28956
2551
22666
12103
25492
15576
1620
11043
18869
11600
11522
6516
19249
26609
6732
11781
25088
5735
5001
32680
16994
31083
8827
26781
32462
16173
16472
11660
20129
14532
22551
20338
5269
12049
5009
16313
5731
382
16636
19073
1389
3072
10410
20916
23923
28075
32648
25179
19704
6303
8261
2152
31475
8061
31577
28001
19153
14971
4832
10722
15489
3746
5597
9238
27649
26649
4453
20204
8155
10196
14850
15356
23714
9336
6763
13093
10092
8306
9634
27792
29849
24013
26802
3670
23212
19596
28187
12869
13625
10835
7077
6046
11845
19713
2969
15732
12438
9615
24313
21694
30690
28898
6154
15870
11063
14538
31067
11128
28034
20580
4600
22190
23204
30034
5592
3006
31390
21796
14971
20794
13897
29749
8320
32490
21703
24282
14311
8999
17057
30115
24511
32196
3732
17536
24339
12174
3183
28234
19232
1137
12572
17083
32265
32011
19204
6489
10259
30265
16056
9862
5583
26834
23888
10384
23157
24709
24651
709
21334
20813
847
457
4152
4690
19686
26118
25737
28079
3774
14703
29122
23676
11896
29372
4125
2978
1759
2101
20759
24567
28516
31048
1765
5725
9710
23770
2957
27683
23177
4596
25587
15055
22528
21023
11535
15548
15946
27073
10856
1724
13920
24155
18993
12411
25397
13351
16944
7655
30844
26180
12703
8764
13893
14460
18546
2690
7751
18071
1119
5349
24309
20514
17751
18572
9805
13376
11937
26654
19797
16784
26206
9769
2637
7601
10600
2062
22449
20393
17604
28745
2448
3089
1264
16116
7747
32699
4132
3979
1841
12649
379
23431
22147
5580
21947
21792
29497
6118
17486
3704
9190
18420
1333
8499
14569
21434
12868
13559
14720
28906
16446
19290
11395
25095
25487
7765
17690
28526
7418
12480
27745
5927
10013
7637
30049
16047
16003
10823
11608
7903
15676
2715
22402
10165
17760
29960
30030
12825
24009
2277
10032
25613
19108
15671
21514
13154
7576
11462
3279
19063
28407
3764
27086
13266
15384
28266
32606
7528
888
24296
8111
22036
3546
24365
23800
23036
26150
28674
1320
26968
2125
15461
15650
7890
3508
10545
21327
22849
20858
27987
25432
20294
5660
17237
27819
29257
23517
26013
5568
29828
7133
7601
10046
3675
82
24262
22304
24817
20324
21320
10867
22260
10604
21665
30338
27742
26972
2140
21853
18956
12348
511
19910
31161
3181
11769
20123
14903
23990
29247
21112
24201
16823
22013
29690
9415
7931
2918
15020
10914
26200
19624
4880
29787
24802
13217
23068
22141
21366
21547
18568
31813
21438
24626
19284
525
6717
22260
8208
29463
17150
26904
8799
24995
12122
25998
7536
19656
21933
15257
11056
27458
11425
22757
8438
4741
25155
32634
27434
2531
8872
11956
17331
22325
18113
7825
21765
16589
16294
8212
18368
4146
13593
25437
3327
17594
551
9422
5774
17209
25745
21074
11363
7166
17028
3412
31033
16868
15605
13805
3991
18696
25827
14820
7099
306
30344
12888
17232
22044
21115
8325
28391
9920
27521
1119
7504
23259
320
6129
18262
26961
12461
4611
11735
13994
903
14409
6308
21907
30133
12090
14720
8791
9538
6198
24675
20373
12202
8733
19797
9863
22604
25288
5096
3938
29364
9045
26322
20421
11379
26742
25404
20842
3030
3967
31807
10307
2195
29751
31704
11523
24267
27778
14409
12122
19488
1676
25928
13019
13545
25725
901
2791
29770
26374
14228
10407
10642
28840
23104
14677
18720
31042
3585
9486
28642
5340
24089
12562
11056
5749
16518
15417
24774
26383
21764
31369
12420
910
4240
27729
26034
17415
5883
28008
12723
29064
11844
6852
24182
21716
20596
9023
32548
21339
30761
5397
22880
24479
26697
24863
23578
30284
188
5888
32193
24913
3091
14715
27340
10554
1727
16341
28175
15713
622
12230
10228
11926
6849
2667
24837
508
25890
1898
14804
19579
3835
27640
14540
20950
22416
19376
8523
6555
19940
24942
6325
17178
24534
26676
26032
26245
12912
13529
3086
4506
14281
17049
4243
4023
9408
26201
9589
26339
12631
18675
31800
17897
25469
6937
16842
16227
18574
23829
31923
20487
8910
12592
7367
23301
12709
12836
18605
30093
20122
22936
32665
15959
18965
138
17685
28207
24767
11556
8042
13805
14606
18721
11474
9054
18601
10192
2502
25220
32148
13200
18042
12292
17563
10287
29124
14594
12388
18289
31926
8286
14615
22697
10464
17429
1806
21824
4001
21772
1688
2030
13600
21864
21233
19442
20611
14303
9331
27929
8189
26303
8783
38
18905
20857
4120
1700
22295
4436
29639
8587
11592
28689
14674
22684
2018
4486
11213
8721
349
23579
21893
4963
8534
7071
16742
29271
26673
14868
16096
23505
25696
17116
12179
16263
9841
1698
27132
5022
30118
990
17802
28190
4585
5871
1635
32220
9866
32092
25071
21651
27267
7418
20712
10734
30643
14404
15380
4674
20622
11899
16397
4590
26505
13033
9409
505
2535
32518
2779
8782
7533
1858
3470
17258
20246
19793
24914
5997
10603
10036
29838
23071
8180
23753
20511
3671
19651
3349
7836
15492
23009
26360
9126
1022
691
2552
14045
25240
15563
11023
13683
4487
2749
10514
13742
16268
17372
11468
15797
2903
18249
6224
574
22623
12361
17305
19334
27574
4431
6604
25759
21190
14872
25709
10087
20974
19590
23810
18670
25328
13291
5856
4520
25360
8023
26606
6819
23610
3511
4560
11073
23404
9145
20464
26562
17257
21547
13604
25608
29664
26065
30014
29585
12956
10981
12551
927
24776
6335
26271
12760
23518
3838
19400
30966
4155
28677
31599
17703
11261
2897
19972
32600
29513
3818
9083
7967
6317
13748
32340
10601
9777
29725
21156
14576
24630
22549
9926
20570
25243
6525
27951
15914
17552
18717
1779
15319
6081
26348
92
22820
21268
4447
21174
30060
21229
10791
20506
3289
20843
16380
30722
26192
21954
25321
28404
25324
3841
31641
4674
6481
5244
141
27328
14563
15573
26228
26012
7188
16285
19761
11127
30386
5715
13850
29568
6041
31650
7393
4790
10996
19135
13665
29915
23816
21157
32125
16706
14925
31629
21424
8138
8797
28855
27806
2597
8659
9491
31405
8938
17641
16164
17082
23787
19077
30839
6326
26360
356
12756
7770
21821
32126
2967
3726
21503
25974
21570
28588
32295
5752
11819
536
2821
31727
31828
19674
11391
11514
26468
30876
23348
21401
6869
30252
9851
21901
17064
1480
15518
19335
12640
11532
30251
21612
10489
11510
3396
25030
24957
1720
6321
6823
31691
8019
9050
4439
6337
23068
17115
9820
21645
8195
28039
31615
27499
8704
10144
14462
26315
8752
1634
617
8711
11900
7762
11712
192
24086
30628
20660
1952
30835
16225
19738
18614
25197
23579
29459
20844
27531
8102
4682
27554
180
27549
22406
870
31207
23250
28918
27650
21680
22979
8409
13543
18912
20929
24530
3094
28520
1991
2931
10157
23163
3534
25247
24667
31335
18142
26475
26020
7681
25042
1764
13055
6859
32111
12395
7545
12335
16458
14902
10701
22395
9897
31075
4543
15588
20531
28047
31771
20564
9253
20736
10247
22482
2780
28144
318
18857
31857
13572
19136
4015
1808
20539
13571
6110
8004
20493
15377
4245
28229
8688
24401
31229
21258
32126
10230
30142
29984
10524
25356
15388
20822
22965
20412
21287
21357
4375
8042
28839
26505
3199
3953
14918
25977
17631
14702
7353
28286
22671
29337
23209
19425
7270
3958
19585
8359
1903
11146
13836
5831
30530
13945
27962
30190
21765
5662
6972
14548
24791
7038
641
21411
30758
30018
29515
10659
3102
19373
15209
25809
31857
19266
19558
940
1881
8458
25938
6479
11562
31564
9997
15236
11743
16820
3401
6397
6781
18926
5358
2116
23663
2965
25118
23950
4180
1669
10651
31350
4038
8893
17912
23603
22600
31012
8451
25121
11465
27548
14673
31163
11390
16551
3636
23542
9448
26869
26866
29050
13598
5136
2360
4306
31008
9786
7113
9343
1603
21100
9567
55
14018
12703
24789
20811
2298
29075
9837
13793
1998
18742
29820
14069
23106
29754
29842
14410
17828
10694
31173
18141
30067
13389
14613
1119
241
709
22543
390
31987
3634
30058
12261
9821
12487
1504
12458
22850
17643
20139
15636
17105
58
12799
18602
16808
30972
17504
26012
15597
16965
25664
27997
18588
8421
8746
25260
9767
29520
2606
12814
21484
31165
8019
15688
11480
26127
3105
17941
25041
15109
23002
21013
6790
25520
12203
26651
3699
836
7217
28266
27424
11149
8898
18484
4299
30737
29480
7371
1820
25804
29193
19859
19254
9647
23550
21533
27000
19016
17904
30316
20506
31721
9522
2920
12343
10638
16829
22934
24387
8331
14093
9842
13989
1896
6156
20189
18993
19906
25057
31308
5032
14910
11792
30656
8143
28429
15171
20093
17392
30495
3964
15100
10821
28801
16510
24365
10083
6085
22394
21802
11393
19245
4915
8171
17550
32142
19252
5587
10940
684
26797
23573
1082
7003
18159
3245
12070
24910
7229
23565
13514
12110
22130
9272
17279
15737
19598
3948
23858
14151
4169
21237
6440
10726
27487
1514
12460
32728
21106
30940
7480
20033
31205
6869
6790
19247
2732
17414
19925
24809
2913
14700
6657
19192
27116
1262
24765
26441
20172
11140
31101
15482
7830
30216
5107
9745
950
27861
406
26975
16968
2472
13612
18767
19761
10790
11952
27462
11113
21206
15150
32721
24465
7227
31676
4733
13084
26397
16689
7681
3494
21198
14627
23231
28017
31329
10891
17590
31835
27108
23998
4435
11058
32476
4743
15860
15704
14019
31194
3564
9678
8683
19883
2932
29717
13686
2989
7157
2231
30130
13892
12252
19434
13391
1596
12803
6815
28481
21985
1304
23933
22734
21593
15315
781
15171
9889
29307
3932
30855
21453
8396
10321
11909
13644
21312
21656
21462
19407
21475
18025
6457
249
10018
24244
2392
23929
6138
24884
23868
26687
17784
20470
14253
25253
23743
10465
9399
25560
7743
21789
28815
24963
21740
12949
22939
1073
20892
4795
9559
5109
17805
8146
13776
11551
3347
2010
7712
15589
7063
26312
16274
11015
14059
1086
6684
27725
24048
5962
31747
16245
30909
4945
4896
20345
13066
14433
9096
25757
20306
14904
28488
32338
14536
8365
25610
9597
30945
5674
11704
20071
17052
15018
32119
29658
16658
10299
19990
15896
11274
19117
23853
32711
19639
3686
17120
5952
28805
29733
5189
20677
18685
26177
4796
5430
15586
16894
28369
3261
3568
9072
13408
32653
27919
23954
766
18767
11962
30450
25933
26666
4813
29396
15727
7988
6473
11579
29416
22582
24392
26699
15109
7905
9619
32436
28558
2428
18647
31981
6072
28460
18978
18281
17682
29585
19384
20014
7446
17763
29571
5174
15957
13302
25453
5923
24276
30057
32477
25792
8922
12138
23689
24797
3409
6097
19954
15671
18140
21694
20822
12164
24433
670
3553
4372
30477
27374
28702
6685
9633
29359
27535
5519
13904
8718
5102
11910
2983
8358
29517
12248
12187
17783
25873
1262
6386
21962
12570
32267
9728
12394
1228
32552
10213
28804
19954
10348
8742
6860
16417
26807
4132
32027
6842
15616
6583
25112
8156
1674
4337
20387
27609
6030
9180
8860
31242
5181
11512
31187
4570
18010
7180
12083
21612
29821
24561
25109
10037
31857
17036
12406
14841
19919
27940
30976
19906
12358
8114
25843
25352
31613
15593
16696
13683
19987
2155
9002
4302
23608
2956
11816
28826
23004
25889
3881
18664
15
6634
9732
24082
7875
4609
19041
16877
18874
29496
11461
10464
27151
6174
13512
17175
3330
26385
27538
31698
527
1793
11008
3777
32230
1621
2985
29035
25083
2248
673
4956
5443
15167
24339
30042
10542
16852
19838
24273
15454
30682
2901
31637
6328
25770
32346
4329
19649
13508
30032
1969
3168
25930
17666
26251
28771
18910
23860
15485
19164
7566
20091
10917
20897
17243
25522
22984
10742
1490
1951
1415
19386
465
19702
1490
13234
17915
27668
9856
2784
26449
5996
15414
8117
9874
2775
18758
13506
23125
15826
26657
2906
17361
2685
7647
6455
18378
9257
18553
32491
22279
21452
27531
3621
29898
27400
12829
22567
9965
8878
5113
31483
14216
25733
30294
14191
20894
28520
2149
28663
8638
27754
1092
25980
13692
19797
7688
20086
18530
1429
25529
12880
29850
26055
3727
5177
31684
13846
21279
11755
1838
8624
1638
24412
13079
26428
12109
19100
7967
17967
21495
10357
22234
26503
21525
10969
28505
22116
30482
17037
3302
31536
13823
16062
1769
27599
27692
30747
6039
5858
21249
12077
16882
16819
16868
5114
14114
31984
12998
20465
26035
8906
20162
18123
9843
3187
12376
20496
24919
5493
23469
17378
5491
5935
11193
29868
15011
4287
8699
31727
15500
22782
4027
23431
31327
8980
25679
492
32704
22021
6836
13529
27074
29178
15558
26983
26785
24648
32565
3286
22025
7646
5267
23869
17496
8547
13567
9145
6705
28449
31925
18656
338
25657
11177
2839
26077
4546
6476
10125
10234
11783
21406
14341
8683
31498
14955
301
219
15828
7085
3024
11381
18828
11785
19596
31065
29246
3703
14829
6346
20253
28155
22668
18085
29402
9639
18674
32575
20936
862
16944
4275
24318
16124
19327
30370
23598
2317
28629
6892
28626
31251
2139
8143
22206
9080
11508
8216
15992
5543
16487
16856
24170
26546
31626
25016
11349
9312
9342
26887
15435
28710
4206
19042
27824
1721
16835
31762
2215
12665
11590
17989
12208
17903
9308
14707
21963
24326
4706
16507
3119
2006
9439
19696
23496
24258
19229
30791
14351
24420
7795
8778
7698
22754
32019
5428
22012
5472
24512
29327
77
3543
1997
16985
12140
24330
32535
15311
9048
30874
17307
23504
1400
12001
18382
32213
23956
29864
15909
8562
4792
13461
14977
2150
25517
3918
4284
19567
18501
24690
11857
20735
3516
22370
19023
8667
27470
10409
30021
8367
7820
10273
1644
24545
9995
18352
31961
7256
20175
26901
14778
5226
15008
4301
26402
28273
5784
18242
16910
3173
8819
9056
8831
28761
32755
28387
25691
26420
9113
19781
22434
29988
12673
6789
27128
25061
20884
27670
10494
25446
13014
9064
23870
25996
17219
6653
21507
12958
17095
16674
25477
5056
23635
19886
13992
12825
5248
26425
29818
31439
18302
16637
26431
15422
20921
12280
11538
5509
2859
32738
8760
10476
8439
5186
28216
10555
10267
11739
31623
8078
9928
14638
864
8660
31641
7419
10747
23830
388
2207
30173
22
31556
21011
18387
15250
21499
17931
6228
16151
5583
31306
11428
29691
27705
15791
10812
19192
26358
14665
25424
6217
712
22877
28658
9252
3143
4597
28086
1151
4717
29803
17823
18239
10109
2271
4543
1504
21023
12037
24062
22908
11755
32153
20437
23859
15686
8590
18661
6174
19934
5821
9246
18985
16697
7176
1338
23517
12587
11220
963
12783
13373
14386
26357
10469
22237
4347
3657
21380
21716
923
10044
1528
7418
10260
14194
7858
3000
29482
12183
18304
12183
377
4715
18153
26837
29280
31250
29075
3461
27559
15975
15234
12296
21933
27297
23487
26607
17700
3496
30352
3273
24107
29136
7167
29124
17056
13307
15923
12591
8442
18542
21605
12108
32657
20889
4763
23188
3248
7145
10211
13150
21483
20189
10846
24910
24933
22917
5158
21123
18899
2418
17770
29580
29454
18622
19615
21201
21780
6749
16956
14563
22443
850
11552
2761
30363
30337
2800
26072
26208
9344
19690
8510
21364
29583
6954
1489
15434
28588
7694
3963
5545
29869
19151
25324
19761
11037
17739
22567
32020
26810
20214
16850
22232
12687
10821
6153
19070
4728
28542
3979
2398
19589
23034
6689
23316
15971
15200
14669
2356
11019
31204
29484
7217
3925
29710
29953
15376
29042
26429
12969
10455
26163
20219
26819
3671
19381
19166
7369
14814
10191
10356
3814
15211
2343
1493
7379
1862
1185
21799
30005
26225
8123
11430
6218
7552
11544
23210
31396
31053
4803
6536
6684
24878
19240
22056
29666
32478
21432
12807
11508
31046
15509
16716
27348
8948
15024
31
32340
8871
372
9972
16334
27332
25466
7741
9636
31137
25862
9242
14277
12660
19699
18792
25038
15567
9935
13521
23341
7812
16590
4376
32080
9307
11075
1059
22856
30406
20441
8780
30988
1467
8471
11670
8750
14558
15794
10632
7202
20039
6937
21010
31073
24604
24006
441
3540
31352
18895
22101
31310
58
28304
25638
15514
25182
6591
7751
17946
21062
24215
32765
2887
20137
1589
28321
16716
32540
30117
17515
8539
2040
16666
12645
24222
16881
29444
29322
2204
3359
17016
3522
6768
10018
4217
21631
29522
25797
1846
19623
6557
19670
17085
25862
11758
2402
16917
11175
19114
10667
10947
18068
31722
22951
16141
15802
26780
8495
24447
23385
22982
15307
8739
779
27588
1004
9437
4954
19825
14467
25892
9956
8204
20428
26883
24790
10644
26120
30315
1750
30088
27691
11394
10647
4119
12106
2712
7016
10410
18463
11473
17861
10225
22159
19955
26952
23814
16855
18153
16754
19258
31249
2026
9063
7375
12287
4942
800
15270
17471
14292
8
7794
17260
25920
25145
3627
24643
25848
2311
12800
30558
9491
16139
3825
6466
7262
27731
17291
23444
21373
27281
16182
11795
29882
5443
9122
21937
11467
6743
16891
5795
18305
17569
30020
11125
16034
29840
29734
8671
5885
3490
17364
4835
10975
4564
10403
29061
31214
21088
11150
28610
5734
1020
31487
1132
29166
3752
29488
26481
2232
32151
27741
11341
12653
29969
3408
5617
30528
2231
7647
1592
6
2194
25232
24351
23054
12071
24172
18821
9669
151
14158
23955
25703
5234
16636
10729
24205
16901
28298
14524
3862
28821
18108
30169
14731
21516
12007
16264
13963
8835
19623
12756
9410
19203
31875
32033
5710
2607
8155
1238
1188
28385
8369
24238
31008
15732
30120
22817
24788
31355
27126
19501
1674
4555
17160
13317
2675
16633
23750
11721
16009
17665
22149
11048
10909
20665
18821
25659
21194
30168
20425
25895
14395
9795
15296
19808
31265
32729
22759
12013
23944
10417
15358
28260
8815
13374
6124
18923
23283
9331
15838
1529
20752
18244
308
23874
14931
26467
4382
7796
404
2882
919
11581
571
3829
22911
1910
30805
18489
32265
15573
29912
20194
22202
4880
21155
22603
25143
15736
31342
28071
8713
10452
12398
22875
233
32281
30547
2125
32761
27890
20888
31952
25661
20364
18934
30837
7919
1696
18973
586
19664
21592
29424
21033
23696
31987
20955
2128
471
29303
12161
30372
10068
29276
8902
3953
4349
21359
28005
1397
19329
18122
21756
12019
4376
6644
15124
31391
18596
1504
2421
8190
7278
24292
4925
13747
22272
24100
20620
6512
12874
26431
30123
23301
31542
27693
21967
14642
3303
2730
7340
2755
24708
14102
15772
32318
18141
31456
25836
24799
25748
19352
7203
5864
24940
27772
26465
13284
28724
18986
4413
9572
21935
31094
3637
30947
3276
15
17906
25865
8756
19426
19236
11398
6340
19414
15288
22888
22601
21039
7190
5512
27502
30946
12915
32485
22902
31115
16023
20765
14647
13345
31756
13390
21518
6485
17212
28907
4729
23991
10438
11331
2266
18203
9257
22880
21896
26552
13989
26635
8175
20208
11794
25562
16616
20877
20772
1516
920
30933
16934
26856
17924
8536
26683
24153
7923
4069
19230
15467
15693
18461
21905
23111
28662
1904
18642
22029
12950
5028
7298
3288
11727
3569
14946
13072
4298
20486
19708
4221
8037
17601
12023
8952
28039
16247
11546
9370
32503
15350
21238
10011
18345
4025
22212
23520
1841
16735
20437
7894
24597
5849
25255
11823
16158
18043
21628
24285
550
2363
12451
7397
9385
27849
7601
8560
26583
21736
29981
15318
30840
454
19129
5973
31649
15425
16505
14118
1555
5918
5533
25236
11493
1188
540
14311
8593
29815
26854
15141
12792
15294
13722
11043
8082
3631
27183
28886
30924
25816
28403
13805
24562
9448
11416
1234
913
27275
21459
9279
26858
13868
17820
16180
18190
9876
10926
21935
17062
8817
3202
7500
31703
11083
12244
14608
13719
23940
6433
18433
3489
15311
15139
4716
1124
416
9367
26110
26579
20053
2522
12408
10420
2519
15108
27196
8803
2175
1080
19378
14792
27185
16129
13136
2391
19211
3926
22433
11018
720
2466
31151
14052
16624
27124
2050
11901
5651
15229
9409
3470
18999
11226
5829
12921
13789
9163
22780
29890
25511
1118
23721
14850
26194
15687
18310
11596
3413
2223
6601
25901
21030
28134
7904
11492
15427
29433
2276
22885
2694
26144
16708
19887
8995
16715
26791
20222
619
10870
20010
1502
22002
30369
8571
28535
1101
21680
9231
15149
9616
8924
29064
20799
7312
9577
26436
4737
13441
9744
28944
32008
28311
19374
26558
24627
16983
8284
14295
2586
26233
28147
12272
17480
10393
12185
22355
30707
22386
11424
26265
23673
6737
