8276
15386
7428
7376
15712
30159
27912
19558
4110
17804
1501
18388
5955
9248
2697
2688
6359
32071
11185
4150
7220
31466
31080
2177
16878
16797
27946
14772
14789
15121
24764
19629
21053
28832
13502
13777
16815
32070
13297
4695
28615
21969
13382
30926
3190
11712
9142
16899
21624
27540
26187
11328
5736
20233
23906
21959
29296
4762
4837
9586
2481
5510
23636
5854
10286
6593
11896
20881
2537
16527
19587
19598
12925
14106
3872
13702
32028
32197
26109
20697
6806
15209
28016
20060
12099
11139
7240
30185
12940
16612
28134
27224
7229
12405
6637
27808
24845
6690
26365
31835
10728
27234
26542
21328
29727
27386
27960
29519
5276
4920
10802
4249
29516
20722
6795
27949
8994
14401
8639
7510
31375
2520
4941
26302
2883
11824
11675
22155
17672
23696
8060
2907
6053
15473
16862
27274
21378
14160
25096
27679
1468
30166
32688
16051
22036
24410
20507
10751
26592
15566
6338
26863
9595
13214
21573
4854
1011
13933
6717
31762
5795
1291
19566
7554
32070
16287
18993
5999
26296
6055
18134
12326
4079
7869
21991
9541
26718
11908
14851
7530
30070
5970
10001
23427
20800
5894
9644
27305
13395
15332
14482
22278
21908
26238
11002
19247
16979
9958
31439
25834
7042
10614
637
13990
1432
27401
29591
18610
4373
25665
22724
16368
24079
21941
1965
15932
13656
31608
10599
15419
449
3511
6278
29660
26946
13598
14354
3685
28809
3134
5749
17107
1661
16138
19987
13265
12864
13763
26018
27901
9822
1035
18809
4838
2392
18023
32646
24056
7625
12791
30403
24827
19945
14323
2676
22470
23755
24491
3765
24511
7993
5417
13603
16867
30719
15528
14714
19931
28026
24132
3237
27697
14456
2382
8301
23781
25887
21204
28825
4825
17375
23222
24170
15813
26124
16360
1269
27779
4695
31009
27174
24492
2575
31988
4780
2940
2405
31813
16177
6328
26979
11309
4608
17757
16642
30083
11294
7794
30809
32595
3655
28244
29376
26478
23125
12037
6031
772
16178
30446
1898
7836
16370
1983
18719
11728
1534
12326
14849
1215
19816
31930
23686
30392
7159
20412
9288
18282
27768
27841
22550
13367
19382
21492
32735
10822
3020
21825
8016
32621
18920
16193
20237
32023
32499
29064
3151
6881
28156
2352
21980
6338
2203
6740
2435
5123
31415
4021
28888
1535
27169
10254
1301
21834
16736
4872
15186
32713
10673
27460
19847
18316
677
4309
15416
7917
15492
32331
32506
25045
7003
11618
14279
5139
29129
27873
24340
28307
5660
30797
995
18031
11943
617
2728
19589
25032
5620
12120
23506
23160
11314
30223
710
25712
29559
24727
12529
9097
6517
28736
28617
18793
32498
9599
23825
30497
18415
16716
3313
30857
14489
27586
7497
4025
31076
24689
13380
22039
26056
1325
7493
17867
13290
23047
13008
16479
5427
12917
24554
1152
16988
12570
30550
32208
11908
2048
27905
20828
32311
31506
18738
7677
26447
189
10215
5084
21823
31418
26659
20428
28936
32322
21722
14567
17293
32502
2950
19792
16255
27468
32151
16439
21251
28678
8761
14410
8189
6107
11759
22664
648
5312
7974
2776
19839
27143
4406
22560
1452
8836
27196
13214
31792
30842
23896
25562
28724
24276
22273
14284
17809
8181
10337
1684
15705
25281
20987
17046
17061
23121
7105
622
20879
6467
2024
14595
552
29218
4310
5581
10670
7429
8057
28226
7737
18400
3314
17864
3044
1904
24481
5250
18800
19783
28635
7910
19589
15765
24253
19102
17315
1898
7956
10582
32026
21466
14200
6781
7812
14483
11954
27301
123
307
884
8407
25361
29469
17042
18025
14530
13177
15483
2453
7907
15670
5319
3215
25910
3297
788
16189
11471
9147
12343
9707
16629
6420
11081
10299
11083
28705
31482
22565
13695
11573
24504
20423
32240
4867
30605
977
31034
2024
20250
19457
24506
29485
23377
5
8853
3191
28266
6847
4846
21730
15913
21563
8786
12447
11778
1718
6131
32527
27640
21649
25784
21761
19043
6299
23964
12260
15716
23064
12824
18029
7859
21339
30652
20769
28228
13779
10391
2685
13974
20943
13808
32274
18934
16971
2733
9902
13359
11948
1104
8371
21092
24725
2468
10322
15382
15368
31102
14072
15423
4925
32706
18738
17419
23627
1277
31269
24370
25768
22028
21408
3999
12428
3188
8666
24722
13384
28640
2030
2137
20629
19112
29750
26561
26033
13027
4212
4770
23067
6934
23294
10687
23584
28525
16698
7781
29487
25900
18892
16264
10251
31849
1508
11555
29235
1568
32077
11902
12020
23494
2742
13362
30567
599
12738
6128
3405
3805
6698
17568
20748
360
12656
2602
16858
9602
19176
25262
17900
16068
16898
5663
22784
4767
24211
21349
18608
16367
17522
9077
19512
28884
15309
4348
24179
17634
19641
3273
17240
6448
39
65
16314
9443
30582
22976
12485
30343
23099
29816
12354
3107
18092
18125
7118
29433
27449
5174
20679
27901
27716
12033
8749
29319
12913
27652
9909
29039
22798
12723
22213
29272
11793
25638
11524
4944
10356
4137
23392
17962
31599
17348
12224
2599
30958
23833
27757
21388
6903
29284
20613
12213
15852
13838
5768
9693
14728
31375
8599
16844
13577
19910
13839
32611
29342
31117
9006
22796
19416
28490
21917
3272
16496
6743
18808
8938
1144
24374
7715
10059
16060
26101
26825
1360
10309
14534
24789
18720
31069
15929
7202
24250
107
2044
1405
3125
26730
18067
8149
23306
3438
8200
22048
24267
10020
22154
25579
21700
22455
8631
20945
4638
4385
22397
16247
27054
18580
19393
15587
11467
16424
9654
11611
9931
21690
25604
17113
12192
29143
11534
15967
9762
24592
30785
26053
10662
13269
9045
3637
30966
13384
5134
1970
30838
22086
10617
21789
17533
27598
6524
6793
13257
3082
24451
16826
26954
27186
2868
11876
21410
4867
2178
7934
29146
18590
21019
19780
9002
5266
20379
14919
21130
7144
20796
15465
25162
8512
3572
1155
4322
22297
16593
11433
4760
13616
263
2456
24906
106
10746
19885
8956
16584
2072
7569
25633
20063
23031
659
1300
13011
18647
18398
24461
8997
24013
29030
29925
27880
613
17
17817
17891
14633
21668
29933
29581
19474
3641
14430
29080
15658
17558
26429
29361
32091
15353
9185
8578
23275
4457
2277
1681
2716
17372
29252
29206
31722
14553
7443
18926
28920
24382
9395
9076
18413
7523
27590
1324
19754
10916
27442
15315
16773
1499
15319
23851
23825
29686
12374
7185
25043
18062
1080
20586
14094
9486
32055
4586
29638
15974
19667
31399
30409
2845
4277
5281
27655
12711
29999
8834
13457
7620
19233
895
3618
14642
13115
9086
29074
13065
23625
10911
30117
21117
15556
26900
9534
14977
18962
21081
25124
11297
4423
20285
28149
4691
7923
2573
17471
19450
11804
14751
10423
1256
32719
19920
2715
9043
1951
22523
13254
2991
9436
8938
5599
11118
18519
18817
12407
20459
9752
7298
2910
32756
28870
3191
23017
9702
12514
18531
24032
31163
14097
8727
14293
21710
30150
14890
24633
8677
27092
22184
3695
1702
17225
32601
7118
32160
3090
20140
28807
19366
7829
24457
23704
7216
11590
9625
13803
30419
4033
5560
8952
15569
9520
23040
26788
17547
32072
13296
28770
18751
11425
21271
9543
654
28881
8474
31873
11054
3511
4800
8987
32275
18638
760
4870
29863
19011
28071
2158
3240
30095
14979
27191
141
28535
15815
24598
32631
14744
26934
10739
21101
27863
31460
26370
15777
23761
17704
7671
30776
19133
10351
12666
13704
808
24939
23380
18555
18474
28353
29203
23124
32339
26889
19354
26320
19981
4826
30639
12338
26808
21134
25723
21333
24916
10741
18622
8408
22406
30130
7784
25671
3349
3629
24415
10885
30640
16668
27046
18492
32106
21168
6347
20202
30285
19245
9406
19438
26645
6626
14065
25766
13164
30647
5333
28483
15319
22047
10168
5247
23296
32113
25420
10953
30885
15105
29072
4835
29498
30031
6177
12408
388
4415
2023
5455
4076
4970
23015
30666
14854
10894
4821
25455
28214
10886
2785
24239
19382
21427
10931
7798
11856
4163
31875
20640
6270
2518
469
13981
20122
30159
21168
14052
29501
23489
7986
31375
19221
12253
1441
12907
15572
25133
19003
28331
29086
13354
16179
11996
27391
11446
1070
22612
21095
1531
7797
25983
8939
32412
11841
20753
10647
25721
32256
25037
13659
28420
26977
27752
19743
28445
1953
10658
22483
28519
4354
24272
15805
8483
4428
22702
18606
20504
24832
15937
20664
19029
4986
18144
19726
17699
22135
13708
11766
27671
24348
2468
10347
15097
11998
17145
13168
16784
5105
31232
19903
8485
19647
12222
17177
16240
22754
21790
20509
29012
3651
19294
20651
14697
3606
12077
15184
10023
14559
14658
13633
12728
28770
31141
28087
24561
32410
10360
15116
16611
9622
16672
19917
9563
251
10024
29785
16784
5905
27066
32337
6944
6802
20965
27031
10407
1274
13139
22063
15485
7564
26686
4879
24171
21216
14781
3786
18102
31407
7826
1931
29746
24962
18997
10271
9706
25468
2749
20432
8889
804
30917
1317
31914
10969
11039
3788
6031
3397
28946
25076
378
31386
10228
24970
22527
14866
13369
12870
10420
13558
23970
32716
28861
10074
4244
4565
16841
8404
7172
25153
16881
19317
18377
17259
3282
6385
2224
19418
7502
23445
15606
28684
10250
6222
2667
1320
10038
23867
694
15306
2062
21030
20885
3579
16692
23700
12762
18276
28661
141
10128
12524
24619
32681
3413
15867
17269
17580
16203
30967
441
7794
5277
21888
8688
26174
6957
9908
5442
26210
908
21148
8017
5653
2281
3344
26951
28704
664
10580
10335
30973
20625
18334
5582
2000
29861
13210
12086
10921
9240
19351
29356
267
12863
12219
10421
9420
14509
4233
298
10426
27341
1759
159
28444
18586
5768
8372
12988
16875
24374
29810
4509
23721
4872
32168
5149
22228
29342
30952
17656
5599
28067
1102
25533
23117
7533
5173
15501
14025
18432
1418
20875
23175
19203
23220
3606
1476
24544
7500
2881
12322
24491
24558
26269
26102
9409
30325
27932
22475
22639
22447
3606
27442
29133
25922
15413
9545
32104
25632
12654
5816
4044
1688
30945
2725
20286
27975
15719
9652
9287
11678
5427
28135
8863
9308
10246
7010
13612
10762
21193
890
16876
12350
25969
28095
1835
23617
26601
11966
31560
23290
6915
19077
7496
28693
32070
743
24693
586
26416
21238
18856
30466
22166
16005
19267
27594
9056
65
27243
23860
1714
12273
26689
9979
11471
17370
27687
14329
29097
8611
16387
12760
29288
4479
16970
26830
19534
3593
31805
13681
1351
657
15100
18486
15532
12408
21154
12642
15231
18321
4917
30543
20312
24867
29362
1165
981
24635
27347
21603
1067
10509
7358
24976
19069
3731
26130
21501
31857
22897
28827
5342
4620
7859
18000
14818
15871
3909
20237
28099
3383
2912
7208
6404
4955
16840
18641
30807
8522
975
31199
13120
27230
31332
6218
23586
3346
26939
15571
25114
17279
11974
10003
11392
1063
19533
32227
13650
2917
9277
21821
218
11194
28077
5150
11542
24092
740
27838
4985
2044
8010
5322
9665
32479
10283
5542
17808
26276
5570
25022
17682
11798
19002
26868
2847
17077
8247
24825
3208
7930
20156
14321
498
5869
19544
24329
8415
23742
9437
30778
4394
11048
18825
15590
20215
18273
13626
26573
16862
31178
13745
12865
30154
26700
29603
18070
16299
24169
31951
20245
12103
8758
8915
16160
7794
27072
16847
19020
28748
29225
7976
12380
17325
4880
26153
24517
7481
4847
21506
31842
20336
16841
9213
31933
2826
9547
3850
28817
18731
28243
8845
32760
8597
4116
27235
21422
26074
5544
3685
14582
25778
24615
26877
26000
15047
32309
28229
21954
589
15283
23333
5726
9325
18701
12345
1639
10379
1876
11034
31454
26915
3735
14217
6409
6474
3712
17165
32448
21821
8918
4121
12960
3207
21174
21301
7720
2917
5849
21655
16716
9312
4600
31357
5873
12255
31940
1744
13118
26605
22153
16982
22049
27042
22461
13756
4805
13722
15503
14481
25883
14942
27229
11341
24161
13599
20591
11583
21377
8090
16673
1916
31832
10137
31232
262
5992
21310
12416
23131
30053
2151
1658
11247
11725
5187
14551
29519
23612
21850
3815
29339
2626
6609
18797
25798
12354
27344
17088
1126
1143
28028
8712
28052
12661
23557
7050
9346
10353
5810
17745
31393
17136
26914
31782
4323
12462
22613
14636
14579
29287
9390
22653
639
5701
32136
3802
9812
26421
24276
23793
595
19618
22562
7400
31812
27474
15541
3005
1642
21458
31774
12833
29564
14415
21696
8351
5104
13475
11862
8105
22979
9850
16624
20917
19886
10135
12956
4275
29731
7104
1412
3222
22884
19866
4252
16129
6252
23392
2697
441
32045
28241
9449
6714
18442
27946
27259
9627
18336
8994
5163
20601
7054
9709
1057
12238
26126
6582
4016
26890
19527
23626
24295
6421
8269
10551
1331
19031
19277
4537
12800
9917
14068
2784
29179
16133
22891
15198
6994
31821
28426
25902
29725
28899
30491
15343
1857
19331
8238
10006
29523
8744
16672
21995
9243
13220
14010
5440
9098
17218
5424
10555
15680
8920
17361
6408
28872
25091
115
3563
31045
22547
17181
22488
3928
9961
22693
30453
3526
30843
28385
32549
12860
2947
17543
12559
5348
2496
2356
16164
18041
1611
6697
7879
28378
26268
17009
6755
22303
14270
31338
13237
18983
6544
21571
7681
19524
2226
22698
20326
10399
19361
22314
21066
19477
28627
12420
2463
1520
32617
15599
2525
12215
25057
14909
32279
28002
21512
23742
6389
11415
24254
9489
17954
24499
18527
10718
1590
12881
16491
98
24295
6617
12287
3830
1095
9181
17296
10657
14057
8179
32347
10743
23163
21908
27380
16541
21788
1121
19146
9074
15453
24237
1740
18252
32633
22213
10283
27657
10036
5668
13635
2912
13106
4747
31011
20683
14043
5675
23888
200
16973
22104
2470
7356
7459
22179
10858
2715
2443
1278
24389
29858
23526
24208
11423
11392
29114
31625
25102
12799
18446
23720
14557
27355
5555
19758
21018
13596
7857
2923
26441
13948
390
4872
28113
26443
19955
25858
29248
14886
3781
19559
30563
961
9716
10387
7008
12154
9536
21389
16278
18132
11069
21964
30189
20807
10509
23579
100
25072
6515
31734
29438
26171
13096
1714
18627
21587
29847
11018
31275
25154
24167
14909
27395
8635
30715
7606
27877
8630
13818
17183
7521
181
8076
17846
2922
10029
31965
13992
9850
23547
24712
15324
3515
2019
5784
26940
4202
1532
6045
10771
20011
29000
20969
4817
18088
15936
31963
12772
4097
17607
25550
10728
31821
3104
24351
1686
23668
194
18064
6104
11272
26661
28103
12933
23171
16599
15146
17512
4208
16844
2074
21901
19426
10889
10304
2358
13578
9566
30999
19268
17213
29047
12775
8633
13728
7127
3116
32464
19259
891
10541
4270
27100
2608
12662
25819
4986
32634
17871
31398
312
26977
13744
10101
20373
10573
26953
14014
7395
25901
6423
28307
907
1573
134
9356
24950
24143
24057
4933
1420
27093
30294
18173
26768
273
19560
29463
3079
26947
6178
30435
18448
20836
24184
7778
21369
8421
5618
9305
892
29467
3723
27970
18680
11651
22453
17344
29985
8319
28997
28121
21018
5463
29557
23965
26290
19927
28178
11524
12850
25094
9911
2969
9338
5228
428
2419
15434
7750
13494
10053
1462
27618
28284
3086
10193
22753
25858
29301
18786
25610
26967
32337
14541
10060
19859
9633
31785
17251
22552
23127
13000
28568
12005
31460
3816
18490
23115
15238
24732
4257
4579
13962
10400
24695
286
24938
24774
20923
22044
25014
23158
23674
26312
11865
7235
26866
16986
8312
30825
29301
7509
1653
14700
25941
11150
16811
6055
22915
8610
19676
11054
6809
18284
17495
23907
1382
20890
835
9960
32556
26457
29292
15115
28249
5286
16167
32322
21606
26667
31749
14399
24159
926
25581
16178
8827
8065
21385
13772
11844
17669
11580
21947
32527
24200
8447
30453
29854
30921
9809
206
8943
4641
20189
29723
4942
30176
2877
13180
25706
10418
6477
26321
22361
7496
3368
27256
22695
13980
5900
30601
14824
31862
15488
12710
1025
2221
7144
24862
23439
21906
1909
20345
22595
27536
4971
5932
21603
32481
18456
10353
14115
14409
19203
14079
1676
16189
16427
28399
155
262
28470
1924
18630
27333
32123
13748
29366
26000
32290
5265
29017
26111
14431
25957
7927
23974
6353
18017
10179
7295
7859
19733
16363
10411
20760
640
30239
7449
8195
2817
7101
25371
21728
23011
21456
12897
17218
23247
6380
25873
679
29096
25407
24775
8174
13364
21581
70
22550
28378
7577
7632
11163
8936
22633
27425
17451
32397
22168
25819
32114
17086
29198
957
7034
30233
28184
17578
32218
9663
28538
8197
11045
26966
15733
21363
23954
15275
6813
31205
10193
26244
8027
18151
9726
16637
2553
16765
3362
2068
12969
1240
17674
4669
28736
16174
5812
30463
18040
8240
31379
17400
3442
17335
25093
18547
29267
14078
31026
4137
10052
5846
20819
28366
2392
25241
16734
6071
19009
3729
15386
3784
11844
15464
24923
18138
10998
10608
13422
27755
13258
1403
28286
11561
26067
7654
32005
31480
14973
11928
11761
5988
8965
5794
18173
13611
21171
2689
7784
14761
1322
11817
17687
4119
26804
3546
28794
14239
9758
23574
12520
15637
5132
2816
28617
4132
15034
28705
10204
23732
29896
13265
20430
23523
22379
24541
4125
26081
20035
11340
20170
11170
2007
28959
25728
164
26356
3315
19980
6067
1732
19782
9992
1993
15170
16549
19624
25532
24399
29636
21114
28492
18096
25921
2710
4018
21212
27362
31941
7021
23557
27103
20449
14289
21831
27827
21367
5966
1084
13464
30933
4403
792
13912
1195
19957
20955
27250
24239
14907
15402
9551
33
27978
22089
23637
28522
26701
15281
1626
26537
12767
3295
863
5644
7556
3350
1607
13197
26860
4721
19350
24620
32223
26820
16504
10635
26330
8200
27617
20660
15586
22440
10408
2061
12541
24127
3442
2416
1691
7755
2532
20375
26040
17446
19892
4353
9665
3667
29822
26125
10397
21174
27736
15294
27679
30832
29662
26425
1661
10242
5404
26022
26951
25556
27602
11175
27207
11176
26588
5584
25215
8250
6497
10865
1621
1507
15128
15462
19749
29930
27636
10564
29003
9724
26516
25713
31521
13955
19124
25878
27654
4144
303
28194
1680
2353
8747
1993
17808
21334
17064
1081
13337
13900
6807
23252
23405
4462
32744
14089
4516
30027
17407
13413
22654
30581
31172
9188
32363
7041
1480
549
22360
3566
29909
14183
15073
3549
13658
21981
24886
25496
15677
7328
20287
22408
18915
18626
1904
2695
2969
30438
10192
29474
21981
6536
20655
23295
9121
2474
25938
8877
15161
28027
9759
15869
4675
2196
31569
8764
8869
8125
25583
98
25148
5724
6463
20549
4858
19275
9193
11223
13045
24787
19752
15382
22709
26356
8535
8633
2122
26092
6111
27159
15268
30002
1713
24055
4393
15502
12077
26697
205
24000
28161
15995
13222
6853
14299
4221
24749
15971
20596
29607
8480
23156
9467
32431
28590
6131
28815
10805
8353
3118
11638
32115
27179
14967
15342
1601
2877
26511
18625
21914
30491
11167
28065
111
28001
27308
15023
32584
11182
27093
5132
9392
6772
17462
23413
23628
10369
14197
18371
8617
31814
21282
31396
6174
12234
3597
8603
32618
22229
7404
20899
10469
9802
31261
5488
12018
31167
9182
8303
17803
19499
4604
24768
26367
25664
4725
7408
6840
10945
27010
12269
23255
18030
5310
26640
23401
29354
28537
692
5598
17731
20887
30957
16748
14155
2
142
6095
9916
30873
22278
30202
12996
20313
4438
22606
2964
22367
27322
4067
26249
32308
18312
11908
15916
23969
32023
5907
9168
14007
21291
25733
27278
11569
10992
6029
3351
5205
5076
8739
29125
21052
3946
15787
360
30014
2873
252
92
23615
15584
32202
26864
17730
1822
14593
17107
25617
26644
29918
775
4198
741
5803
27052
4524
29826
13380
19005
8349
1321
29630
17573
4418
24037
4635
15835
1554
14017
8503
31190
15495
1674
22492
19330
17105
3748
4984
4076
5682
16245
1330
23518
30812
18499
17245
24133
25131
19464
27312
3198
21760
29900
5415
11876
7829
15903
22330
26028
24020
14129
13881
9655
31695
22021
3733
8207
6140
8867
26525
27646
10068
3057
22879
4925
20223
13467
1774
4035
26125
18061
12465
17720
18548
3820
4923
19038
14880
28090
29668
21504
26657
26436
8363
7611
16797
525
23916
27802
12358
27652
10764
5926
9291
13321
9430
10484
3437
8939
8333
18889
25835
22684
23110
4747
30109
31029
5811
14086
17797
12398
17915
8783
216
13917
32523
31227
26669
1491
1373
26770
20820
32286
11426
7054
16334
29394
17679
32288
329
283
2483
32150
24032
13120
15673
21085
27626
9451
1671
7156
19997
29281
7210
21265
24442
17068
18199
21381
7883
12735
25470
14909
5689
27131
10967
22227
7373
25305
21374
1151
16489
1433
745
2739
26516
16039
31124
29456
29703
29323
23848
25052
5419
8805
29072
6042
31279
3310
20035
1419
2656
23695
27726
24880
1538
31044
31104
6166
12709
30125
22097
29759
23076
6926
29557
24337
15203
23556
6580
22619
1940
26297
28041
22533
9903
1870
5858
24963
3965
305
20876
28298
20793
15294
10265
18420
29845
4779
20466
21767
5959
9881
26868
15106
7765
29412
268
15090
31282
7131
23322
7019
29569
30971
4142
32611
32627
10866
7869
14926
31438
1706
4965
5266
17290
31654
27960
15404
22464
3693
20672
14543
1921
7217
22966
8015
2314
19586
3512
13526
8036
22098
18325
7167
25661
8221
9411
28931
31668
25562
4083
17603
24882
28143
15248
22319
24043
12296
25180
10593
29982
15850
29237
14098
9151
1046
22653
14906
11046
7027
28698
153
6954
937
10148
7066
27866
1661
5196
4348
21605
23238
15253
6885
16532
25996
16336
13598
29715
12540
28722
14575
16381
13996
28307
22597
24338
3079
20296
508
7616
29218
7693
20774
22933
31510
3617
31502
24192
26820
11818
29069
11853
25391
14204
8929
3466
13152
15237
25727
3990
12760
29385
11343
2404
6021
15129
16313
8260
27574
14826
5884
24355
2741
13149
21353
18491
22869
28515
19267
2222
31161
14744
22866
16416
3786
3209
21065
25185
1082
8961
7315
32262
20577
19471
31127
27834
25171
2316
20385
23500
27850
11662
12273
26820
3159
11611
20374
23528
24167
3808
8005
2660
31920
31708
5350
24456
29586
26900
25346
16851
15885
21388
885
20416
10382
14856
23697
14915
23457
4078
21036
14936
19620
22057
3605
19422
31056
22037
879
32271
18983
17521
27569
24322
7410
451
18668
9825
18021
2511
26956
7922
19322
30749
28252
15531
25838
32102
14651
21650
11809
14971
15368
9382
24138
17071
26751
19018
26449
20291
16447
8187
22180
28464
2886
8385
7665
32340
20577
17338
3566
26100
20255
29150
9827
28995
26297
824
22635
6995
27218
11502
27832
1071
24715
1348
24785
2599
850
13170
28538
31700
17665
21629
3632
17687
10516
6407
28415
25999
22361
8657
7497
1043
19272
19704
13514
27721
5812
23231
13891
8232
7905
21762
5105
21838
540
18019
10124
30810
21247
9764
23533
25559
5240
28465
5916
21986
3735
30197
20606
15460
26030
23418
31755
19444
12652
7908
17787
6729
5540
29577
25241
26507
25313
21268
27762
8734
9769
12958
13125
20717
6887
8085
24841
12221
14993
14021
28740
31432
30898
25857
8151
8142
24601
19392
7559
30629
13307
6717
7673
23686
20807
9672
12213
19542
28016
28350
14779
21134
25199
29504
9894
31352
21580
524
18268
24081
12888
5824
15394
17126
10359
9973
4471
16975
30058
28126
21848
17294
29409
6841
21943
1548
7287
15533
24231
11371
10290
688
5398
11031
29885
16796
17060
16184
20316
13366
19039
26901
6817
24520
8122
5121
14667
6273
28284
5573
8556
22888
30902
4594
14074
20907
21465
15703
20991
13226
1437
28930
3234
22050
7258
4202
23784
1642
22496
22657
20292
16421
21872
31459
8766
24175
1190
7917
18207
8181
21633
25603
2235
4097
25474
2926
1459
276
24970
18788
9738
17977
18017
16215
14046
26827
1883
9181
5640
7209
7062
2705
3696
24269
29422
8815
29792
4116
6218
28249
25375
27003
24624
496
23931
13286
13377
18959
16779
3120
20138
29666
29515
21981
17600
5901
5312
26685
13587
3238
12560
11089
2695
32765
32221
17154
2988
14769
18991
1449
20547
24319
5375
4896
13335
24071
6260
24724
3875
4412
32066
17156
7411
2425
27507
15040
10749
398
14931
25540
3126
22434
32126
14906
22038
13680
5893
3
31753
30605
4884
7717
7097
25996
10893
17068
15611
29699
20278
6125
20236
30854
20008
2761
6538
7467
2730
16306
31323
30137
13961
21026
617
257
1763
1179
3556
3024
22682
9613
7604
1857
2301
6173
26973
11000
31327
12604
17623
11370
30248
3560
24533
10850
22615
16539
21320
27750
20536
6810
15502
25012
9659
25627
30900
1551
5187
10060
32086
12730
30623
11085
11765
10632
30626
1086
25430
419
25725
23628
22613
25614
20982
14291
5962
654
9329
3120
1519
22482
1881
23253
22397
31242
31874
27427
5247
11470
17092
11064
11729
11315
27362
21472
19622
31237
20458
10333
28600
30013
10729
3108
29167
8297
15355
13998
19916
14717
8693
13979
31244
10826
23093
32443
9721
27275
3057
24273
22361
10280
9382
17156
7786
2172
10524
11560
15315
25584
29959
32433
21286
29485
17964
9978
2713
7667
21132
23598
13949
32656
21745
7744
551
23963
12335
13068
26977
7515
16621
20251
7637
853
21526
28011
19894
22595
14610
16093
27457
15443
10215
21727
24036
15890
12076
13828
27373
10200
733
20607
8013
20340
14958
30110
1448
12610
17364
19890
5328
22784
6906
21341
2464
16633
32189
31577
8928
1262
2205
10694
24771
19026
25744
8802
12117
32183
26421
340
29766
27316
15280
20616
927
2233
29533
29179
24367
24929
12296
26625
24565
707
17758
19992
6541
18209
15377
23741
8444
31264
8566
23377
11112
9374
20031
13008
23812
31336
4932
27784
7944
10285
3687
22537
11449
27988
14552
26785
15469
8898
31236
24581
25485
26674
4102
29413
5989
7754
3968
21782
16704
14367
11458
13227
906
28688
29632
7575
13282
27363
9732
4276
2291
23409
745
28710
9093
25068
20232
7625
25339
12470
21872
15222
32135
15789
21896
28238
30776
26690
611
20294
17470
7448
17388
26357
8452
3825
6427
14872
23585
31513
20258
27390
21675
27667
8313
9261
1366
17964
7070
5590
29469
14432
14484
3268
16835
28135
20283
5505
9367
1127
30797
23760
7815
6978
21960
32017
10765
7604
14388
6980
9890
6033
13574
27967
30534
15420
17811
2824
19835
3492
11278
25245
17744
31054
6173
6423
26136
3982
8990
26970
20823
27880
19851
16228
22210
25436
5586
11003
24179
14569
3720
13325
25683
19752
14195
1931
5848
18907
17572
6907
16788
19764
31991
16784
21751
15903
24247
19069
19727
12488
10844
1078
23445
1817
4604
30806
27786
26575
7985
21328
5405
3554
15681
22378
27412
12808
5094
25826
30596
11368
24969
12827
32078
26023
6705
16857
29964
9969
21300
12870
9732
9087
27120
22240
31623
146
31216
16528
649
7045
5315
11697
25712
16733
31844
24815
31035
6191
6970
30739
18315
28807
6089
21158
23745
21002
3852
7129
4481
10166
30149
31124
30114
17389
23011
7812
20985
11271
26362
2459
7069
13765
31833
10007
7398
22488
3341
30939
9523
18477
30903
28916
5308
21480
30063
3462
876
20906
5329
13231
7874
330
21648
19564
12662
14977
18080
2728
27691
4350
17653
10892
27636
18350
32035
10236
15924
26414
31161
32006
32383
26752
959
27096
3828
29901
6447
3820
15195
6552
29765
22844
11029
28090
22116
29346
31498
32370
21860
14778
11768
14000
22653
26409
515
22686
26175
18945
14701
16084
8097
2875
13222
2774
357
20477
26415
27068
20507
4947
18725
5369
25902
8080
17705
18721
833
8547
2265
8525
14253
10999
27660
29873
28470
30123
30561
30920
18646
15825
13391
13488
30391
24181
30761
997
1421
24636
2123
31880
7955
31970
5043
10076
7750
10811
12858
27661
3796
18807
29609
13700
26143
16600
7292
18321
26708
14255
6363
2873
12808
15903
17331
2586
14931
26924
28960
23455
14987
21335
10578
6402
5633
2408
22184
18322
16964
31927
9037
5558
27271
11909
28581
16741
30429
20971
14089
14136
4500
1702
7848
15609
17900
3271
23483
13337
4053
11488
15771
2512
1077
22665
15299
3768
7012
24499
31263
6814
7266
15463
32106
3209
13976
15099
31640
641
24450
17764
10556
28570
11860
17042
21399
30500
19446
21046
11478
11962
17237
12370
3980
23932
17336
14802
14602
11177
15089
13052
12701
4178
24538
17401
18985
30794
17514
5415
13480
15333
16363
11903
4031
31383
22983
11503
23658
20163
29374
11400
18148
16230
2262
6130
25513
28428
23486
10394
31685
5417
459
21305
17910
20849
26704
5249
46
26097
21699
844
21046
8318
8195
22256
9405
12681
1439
17345
14534
23428
29744
18
9344
9232
27979
13110
13822
899
30314
31444
3402
8683
7434
11243
9833
5172
8379
28536
30684
13148
30632
10255
5451
3020
30165
23013
18450
26444
19707
3677
21763
29120
7947
5473
13396
7799
883
25562
21901
18360
4539
27199
30317
21738
2457
30404
14262
4830
8091
1291
7553
11725
21388
23797
31526
8039
31053
23325
9767
26227
24898
26937
16142
12809
22926
23820
26942
25344
7929
4643
29171
16525
382
26523
11794
8760
30670
20430
9970
20134
25927
14663
3491
28992
19336
19833
25967
23401
20915
12680
13733
1543
16229
31313
12252
1290
21458
30283
4685
15925
21831
24523
18501
16549
12702
13800
12553
13379
11048
243
28481
26307
8409
14826
8917
21156
17294
28575
10794
11516
28004
32219
24332
15905
15246
27514
32247
3345
4907
27468
12451
26887
12533
4359
3119
4062
21965
3693
26508
31698
12955
15179
15742
32752
16170
20099
24944
27025
7296
15529
20397
8721
10718
28157
12614
15405
715
27234
5844
22030
25728
22498
19616
32445
21099
5013
30520
7878
10203
5878
12615
11591
18236
8318
18656
14264
13127
16200
4763
30961
30879
7476
27291
13035
30892
16718
30895
16820
9695
12916
3147
21588
31497
18500
18006
10027
21281
3091
3908
20171
4621
3890
26042
13816
24897
8506
8196
20714
7150
14842
30883
32203
21001
24892
16759
5361
1534
26776
409
22800
26515
2372
13061
591
10550
23411
1054
26779
23814
26515
25641
4558
28965
2011
27915
21969
5774
25488
26345
22537
23607
31361
28009
20495
7026
14138
11720
22965
28818
1446
3987
25419
9899
11050
31929
15688
1311
926
19931
3950
19183
14397
12678
8570
3628
21307
7446
28430
26337
9368
27498
3345
25778
6657
1088
6278
12565
24344
3035
23765
7333
12570
17689
16253
27150
27037
21659
20108
24253
18083
14054
31828
10559
6919
8780
1485
1395
22283
7870
20561
22817
7031
23002
12821
3530
11115
27257
30224
3511
10905
21230
12563
12411
26142
6055
3240
31509
1014
16646
13768
4251
236
30904
30985
24838
5830
18371
5640
10173
1902
17264
21447
10546
19685
15582
4990
12536
17483
21428
2981
26187
12439
27381
25938
25703
24849
25171
19552
8136
8617
10755
24918
7134
25510
7868
32667
19754
24190
10992
23853
15571
9184
7213
25923
22251
10009
22857
9683
12454
12396
31049
28085
7961
5482
29597
16734
27806
27205
22020
31471
26871
12693
486
23541
25784
17781
14625
16876
7453
29142
24947
14882
29977
32380
1754
6213
26540
30408
26669
1832
29074
17336
27432
22192
3677
27853
14179
28674
24428
27857
3509
26043
10192
27379
6535
17953
5807
6640
8667
19048
3705
26478
10077
29456
19497
27923
30354
1112
7955
16447
26438
18898
7567
26311
23274
29827
25369
7496
32638
8177
4449
4806
12057
1106
21302
5066
30925
29892
25516
2081
20759
115
5973
16626
10329
18942
11614
7601
14400
13531
10751
11034
4347
21524
25068
7831
18998
21821
1807
9364
17621
10634
9879
224
3579
18317
29789
16927
20720
27040
27072
12138
5289
246
21735
7801
12716
18964
23179
20919
19555
2089
1154
4553
25896
8518
3863
24254
7339
5939
1772
13695
19589
15198
11993
10606
26824
22818
22845
17634
23426
412
7310
27284
15386
23354
15400
23347
31728
20816
25732
22917
20851
26333
16468
18413
7654
6939
11041
24210
22674
18058
19316
5216
13063
23815
1069
1505
12379
29894
15614
6779
17614
3647
29275
5030
29386
9676
18368
14979
31016
6332
28636
6488
8918
23601
6494
7553
28953
22040
31231
21809
7142
16859
1354
30964
18032
14612
9151
28502
2138
11562
7831
17067
32465
26525
29864
2617
12522
31312
4187
26042
29467
25502
20096
10911
10691
5318
14140
19760
17705
23139
25114
9698
2758
12153
8946
25814
32713
5537
27398
18081
887
8638
5504
21183
13036
15322
164
5908
28915
8875
7367
10351
6365
20293
11532
23020
3907
6669
22405
10944
11453
2615
28225
14268
28800
10823
4226
27002
19876
23384
16344
23906
3256
17449
3614
3236
32701
26173
15832
11992
2904
13510
6250
3262
25457
31584
24178
14070
31515
1463
22620
18660
13977
18236
17833
7613
6300
26304
2721
30127
24076
27926
27581
29228
29090
29779
10578
18300
2434
16525
11946
2885
31721
15205
22453
2260
24959
9951
13114
6348
13243
31616
20110
11660
22308
19196
31277
31981
13206
29890
10787
22706
5397
32493
9508
12775
21020
4579
19303
4772
6276
878
27485
16925
2962
13440
12334
21578
4077
10312
24677
10495
3738
2532
21799
15181
7687
7003
23323
18950
10637
13280
22224
1742
29441
27057
18675
17535
21028
9447
30245
13310
6276
7691
29089
6793
18584
8153
10702
14770
2269
10027
5562
3624
18840
3180
18900
6174
19919
32268
9475
13224
8561
22099
22917
31640
1455
23056
12095
30925
6967
14216
4268
30665
7383
13159
5662
8646
6321
23370
12869
18678
25022
21548
15883
21013
11417
20497
15802
3056
30849
4427
29655
8538
12897
8369
13862
29138
31752
20775
883
32106
21734
13275
22051
21056
2373
25995
31333
25523
9350
9201
15654
18682
10069
1983
15517
4650
1475
20437
3456
23342
12093
9877
9272
18849
667
19696
8257
32074
31832
32410
21759
10335
15301
10603
462
17552
28198
7468
24733
11355
2356
6863
13377
26181
30169
20817
20093
20360
21632
28387
16127
14751
10682
2763
5409
6721
2562
2775
3798
13539
19079
17405
21534
5309
12721
24186
31293
29529
26628
18467
5131
12714
22656
20782
16372
13236
21789
18034
178
18710
23524
24384
22018
16361
27872
2459
16655
12676
727
32651
6488
16157
27185
24165
29664
31771
17437
17626
28775
30589
29166
13787
20821
2776
11005
24363
31675
8484
30488
28250
25484
10127
19166
26873
18589
15229
27670
192
10509
31302
21931
32018
20849
9625
4183
7830
22262
9109
25792
16870
16508
8844
28794
17024
9633
2581
26449
2303
25512
4171
9553
9576
26815
21915
11608
27487
16801
28661
27311
21183
30743
455
19370
5100
23589
15740
21174
4396
13345
10372
19339
10557
809
9805
22547
32622
22933
2864
21848
7759
5678
19062
12669
18612
30550
1377
21172
31394
23620
19610
31197
20383
22909
32661
1641
6806
17653
25752
8619
7162
14405
952
19096
13504
836
14519
10762
23651
2175
4848
21476
2168
23657
18191
23525
20927
30454
25670
9582
20141
25576
9976
11880
29114
12559
667
12057
19967
23946
22064
29070
31982
8289
14820
31838
23830
17173
25107
102
12111
1809
18586
16136
10160
2896
30872
12151
16814
11928
787
2750
28821
8992
16258
13975
2561
22606
4716
30555
413
28057
22957
13660
25628
16442
25776
5627
2535
10129
23394
19080
22584
13844
26444
5260
1553
877
21678
6784
18712
28665
27150
17985
29837
2044
19553
5534
12198
972
16432
31351
18271
17983
18884
13256
29893
12394
17035
31730
12074
1126
27547
29297
12567
7258
25343
15275
25029
15498
10732
14903
19605
13700
10004
22580
3167
18536
25962
5584
15457
28170
24312
17707
367
8671
6644
14127
21517
4356
8353
10442
19744
31370
26334
7655
30388
14426
16537
32337
3938
4231
28809
30981
11065
8358
16464
24979
18765
31205
6278
21181
22437
799
26732
9975
7858
15070
411
29962
2773
1861
11912
24629
5166
17434
27546
18763
3206
21239
28624
30602
2730
11606
20188
20658
13350
11337
17927
29435
29839
26877
28393
5189
16328
8205
25526
7576
16502
8288
1776
16581
27156
29857
9565
12980
23925
17524
21639
1457
25690
8301
11622
19841
25246
2902
17002
6431
28438
14258
18704
30205
2252
11235
13044
559
20292
2866
3580
20749
17436
5153
7783
8787
7246
217
6632
30456
6119
19170
5328
3439
16180
11700
12012
7197
2697
9419
29775
16927
32324
26335
24522
11456
26996
7314
17533
20234
3182
8833
22302
9937
18322
14902
6468
24510
23900
29066
23642
17910
21578
27195
6104
16759
27514
21715
28963
5262
12529
9133
24762
11390
10441
15227
6938
7306
22844
21914
25308
22916
4291
20100
17119
7158
7948
29683
25655
11380
29285
25865
23187
14019
27469
10806
9178
1448
26439
2470
8062
9648
20346
23647
21615
21315
21052
31006
15105
21341
13245
12689
31670
31375
7233
16262
6001
27219
18031
28257
24994
27946
912
12091
24513
15900
13153
32547
6670
7327
6377
1774
6680
30548
1312
16914
30592
9169
8183
13672
26216
19524
10054
28917
24387
11269
8425
29072
10801
18367
16555
25855
8518
9964
11211
17226
26749
7419
18934
24164
1174
26394
460
12782
30281
13609
17368
7319
29706
14444
30214
17621
7256
17581
6978
10560
30175
29061
10664
16414
24224
8526
9347
7803
31698
12052
30340
9009
19446
6087
10630
11217
14677
24004
16280
17148
3931
11758
29942
24077
24739
18750
114
9807
8215
8076
26534
14236
11689
29225
2622
19758
31076
6418
30445
7407
13908
28555
8085
2495
24167
5981
13317
21123
19101
17300
23369
18161
17903
4450
1045
3023
17447
27179
27642
3688
18629
29174
7709
32454
23034
4460
22621
15626
19941
14989
26803
25209
11309
13104
19954
18247
8926
10518
21634
18422
17319
20420
22901
27841
6927
14622
16061
30360
3516
3677
22728
1006
12428
15299
24739
6957
16647
32625
3350
16571
23293
2521
13835
13515
18118
8567
17543
10012
28551
23774
29912
10400
27290
10143
6716
7585
10306
9790
13181
32091
18017
29251
19980
12052
29900
9807
28790
25001
23489
31812
29700
15566
13827
3639
12632
13068
19535
26037
24147
6136
14675
13841
28791
14653
3703
25697
29151
17300
122
16256
7579
14398
30395
3239
28287
22770
25668
15162
22397
27141
3624
28200
13968
2400
19537
21028
30060
8032
13635
16566
1733
4866
18314
27496
30150
5912
7857
20770
215
3025
13126
22987
16750
25259
32044
3773
15533
20354
18652
23680
29513
7107
1413
9045
10103
17051
5450
17633
27432
9396
20361
5132
12756
26572
3925
19157
8561
4382
18411
25387
16680
12517
11047
3481
25123
13358
31003
6940
28022
29433
9321
3880
2874
25067
7281
25782
1625
8104
27929
10560
23506
12488
24188
28824
27388
10340
30769
15002
29780
16811
32436
23624
20451
17487
28602
2434
24244
11317
7824
7386
25526
31313
28041
10734
7695
27907
27403
8581
23727
11932
8011
28848
24930
3614
29270
18358
10088
17969
27070
8553
18099
27642
7159
2463
636
14924
2241
10491
30001
17875
3067
5587
31192
24239
20478
15813
26230
8276
440
19042
26713
20960
1439
2339
24341
7827
22700
3745
9543
3156
19623
25245
26300
16549
2766
16187
14582
14133
10515
4368
31616
16911
232
5967
19039
20934
9428
20196
2813
27022
30553
3124
2708
20527
2668
15754
23188
21612
23054
8979
14317
9358
1693
9411
13880
28826
29492
18763
13995
18989
18954
24527
26524
10556
24624
24236
2112
18593
31923
19431
31499
18798
5908
12881
7257
27823
23164
19953
25576
30076
10982
16592
10785
30346
18547
7373
3204
6217
30274
18123
15844
27620
28771
6435
31369
19729
17445
19893
27302
9375
10752
28893
7951
3274
4627
4261
9450
31264
18072
29888
20659
1655
9218
32423
16953
1543
7008
5452
18816
27195
2176
26825
12645
4337
28903
7938
10449
16877
154
29885
24144
12059
1285
7210
18411
16643
7302
14695
28026
23324
20038
6590
24643
12175
17846
28652
6545
18534
1486
12446
3630
25905
28397
25817
17758
32760
11699
26469
26431
777
4917
373
2789
3108
25860
15201
5478
19832
22269
23213
4185
27667
25198
17472
19530
32249
22593
5767
21614
16574
1752
25073
29178
10577
270
17778
26251
21694
19468
4608
23374
32436
821
26535
13711
19636
15120
17279
10758
22489
19360
19345
13881
22584
4646
2473
14322
32338
16046
11819
18192
29934
27376
24100
29550
32761
21826
3860
17060
4033
23526
32147
25528
3996
9986
5648
18931
23901
18054
22687
17231
21891
20549
29943
14308
7170
12811
18351
18102
30410
16844
30582
8954
29567
18812
21297
32401
28598
26511
9049
18358
22490
1028
27754
24178
26975
23244
32259
25115
628
4825
9379
26966
16140
21909
25127
25583
16546
30112
31281
7514
18719
28820
27670
3516
103
9784
31669
28172
6399
527
7065
31337
4874
32100
23442
30204
12920
5215
27302
6812
14367
29611
20087
13560
27910
1573
13198
19613
8585
14909
31477
14604
27708
15043
23557
27600
5274
4990
17082
24
3041
22551
29161
23530
16125
7113
17426
32310
3817
18622
29054
15284
28464
22931
22415
24282
5463
22943
15340
8021
31711
7659
4356
25355
23853
25993
28198
10726
13064
8560
32495
4380
9918
5482
23768
20199
10323
17560
32670
30290
5011
15642
7457
15104
283
713
16860
451
29821
3274
26025
28868
31246
26473
30791
19000
3849
4676
31722
24407
27283
15343
17645
16052
8743
10181
18816
939
4431
1574
23153
19502
4238
14274
226
14227
3002
24353
23523
7204
2499
30911
22193
20753
18769
19609
9331
12971
327
21833
26107
26970
15844
18868
16310
31001
28519
26545
1219
1076
2893
10003
597
19664
13856
4369
32750
17824
28261
5030
6807
19549
32477
3481
16152
24197
13575
26514
660
14329
32216
2849
14124
4789
3233
791
32332
4546
17195
3745
12508
1429
11510
8529
31906
19282
7403
9069
9255
5662
32716
6460
24523
204
28361
10089
25699
32172
32067
10047
11535
8091
5043
7364
23686
3004
9368
26383
31842
11243
18178
21404
6653
7568
10411
13745
27233
2842
27673
29167
28884
28713
18739
9889
2357
15914
24398
17287
2863
16932
23764
28601
24080
8912
10582
14425
29846
31730
24507
9697
24592
16076
1358
3089
32046
19005
16882
9486
10422
5732
26421
26343
28884
25332
2886
31329
8690
29615
1423
20484
28168
7748
26098
22844
30273
144
10286
20779
20162
26622
26099
28761
14298
15396
5330
25120
21817
5181
27696
10806
30860
31289
10117
6966
12989
32194
3002
15325
2367
22886
27113
15986
12650
4383
4273
19855
16984
20403
3745
29274
19723
8345
23835
17066
9126
20543
18144
28374
29536
12962
28678
21023
386
27899
1087
12765
25023
31961
30165
10424
21302
7548
22219
23104
15619
16121
24250
23092
27210
30107
9844
14232
6058
10245
32735
2305
23174
5242
13311
29619
12748
9564
29428
13952
29662
17741
24904
13009
29896
4345
22029
29752
20657
24425
8778
16413
9982
31236
26094
23677
92
24701
7583
6397
15314
638
9628
17721
23466
5696
28985
22890
14701
30498
19824
9198
23430
10694
17567
8882
25844
21684
31354
23503
9529
21129
29715
26019
26774
21023
29503
19103
11431
30554
9999
13630
20570
7342
19473
18212
18611
28582
9036
3712
9079
22939
8006
13242
414
3978
16790
8682
6859
10241
12443
28832
23186
27389
11336
19909
7251
30354
13652
4126
5895
24880
3874
650
27875
11054
17194
8161
30286
4658
26160
4217
4064
18185
25811
19359
13375
8653
31252
2352
18961
7876
1761
1581
29232
1498
4889
15809
14248
6486
4084
17795
19584
31056
3718
6606
18113
7397
4953
28999
24644
29272
3038
32399
25688
3934
14582
12274
28570
23030
17764
24044
28809
14621
17028
28034
25876
7280
17577
18693
11522
6299
5511
28936
22336
15514
19223
29311
14165
21359
20950
9269
22523
16743
31409
24675
31702
12347
9011
10166
11202
15027
11902
15379
29870
24614
11928
23283
604
5452
25424
21445
17891
13648
29760
22968
24835
14013
23603
9216
3345
22231
21707
2765
12174
14250
15042
27989
31198
22909
22394
566
29896
7477
14955
14764
25048
19434
15909
16858
19387
22980
9920
22068
30589
1155
5820
22296
5337
12572
14293
1894
27842
17636
18087
1297
7198
11999
25798
2587
2340
30797
13877
19415
19696
27618
15796
25997
1075
4403
7766
7478
21648
207
20869
28995
31147
977
12120
23356
15586
4047
27924
8057
20822
7187
24917
6972
24414
3017
22845
28284
25910
2370
18624
15077
10398
7800
8011
4126
22365
10391
9425
9860
30604
21781
30942
14722
30676
15777
22321
14989
30979
9983
11701
22350
32636
30889
24351
19580
27136
27856
23118
2704
6513
13591
12967
29163
12621
10870
7835
24949
9071
14962
30815
2507
14861
4170
1326
11059
23261
11869
17482
25921
4144
21022
16229
7459
2557
3026
17861
1013
3058
20223
595
25677
5340
8079
17991
14146
25334
6873
22395
25617
32432
26534
16285
31099
18780
27884
16790
32215
8915
15421
18785
2998
30217
19887
21589
23291
29673
16430
19181
26584
15172
8446
31347
4875
6583
25033
13334
5561
26559
11779
24734
13758
14720
6854
7360
14123
25597
2614
12282
1258
7489
22243
1753
24838
27375
1522
25408
12385
24532
22745
133
7706
23546
3580
19845
12210
20837
6783
5353
92
7079
4249
1566
13378
822
25628
12506
4967
5082
3260
18735
12805
15452
3567
32376
16623
16351
29642
4720
7010
29030
3092
3210
28934
9425
14693
32402
30804
22869
10444
25302
28383
32484
11451
5504
15651
10489
1780
3913
7820
28181
5110
1437
29728
23029
31465
16602
5360
3560
12287
13310
351
24007
2665
4650
5112
26845
32470
6423
28001
18033
15465
17509
20104
30496
1539
11699
20746
2106
6184
1046
7204
30936
2268
28313
15704
10523
25721
31990
7243
25131
16622
32124
21501
11761
6932
11317
21504
13218
28491
10631
16449
27146
1130
15412
18123
30005
30536
32246
2632
26723
10
2133
2196
32162
28672
1716
26157
17077
719
13117
17296
3224
2365
320
22918
1624
4215
13039
23391
18735
7422
20313
17348
6186
21491
28310
7411
2019
19282
13808
24140
20063
26590
8144
8852
27971
29309
5674
9162
13422
9915
14998
30821
13367
26628
4189
9651
7178
31155
12943
32205
8913
6389
4033
2983
25656
29887
7704
14989
18575
15725
31092
18073
28364
23168
31507
6439
23696
25217
18350
19230
3640
17470
2225
612
13786
6439
4294
26953
12940
9036
16525
20582
18804
23588
32046
31793
9597
22455
21068
3614
27020
31664
3313
19166
26110
21974
4759
5441
18117
6789
5032
27334
14578
11757
32296
30046
14619
3500
124
19118
993
13689
209
20184
586
13107
3610
16849
32061
7281
1971
32594
24613
15454
22442
12067
11952
13610
17544
23091
2896
8660
6395
4200
25097
22342
9364
8736
27175
4532
25285
7543
15418
29521
29705
11983
26718
21786
210
14279
6940
2440
23253
13139
24015
8598
25257
22217
25019
9219
15999
16757
8208
23771
21721
23343
16474
7353
32613
29432
8466
12266
18060
12427
6459
22373
26604
20280
13906
23435
27594
14199
9259
13119
7853
21210
27408
1803
24407
32369
26839
9589
31425
31048
15622
17654
1787
23907
3152
23019
3186
711
22152
26328
1709
32689
7176
29081
26995
8625
31610
3745
2905
10316
13021
4314
7494
1384
7201
8947
19895
29722
10375
1147
15433
6216
24056
29721
29685
2539
3748
29058
7146
26157
11807
6696
2472
5911
18122
5828
1526
20331
12670
23049
30077
16401
30678
3247
6566
17659
17351
30936
19675
3877
22346
14341
21136
15667
29346
3249
827
6930
30041
29704
14514
1426
2167
8020
29286
31632
21597
10604
12708
2185
17106
30610
18647
29153
30181
30758
19791
25038
12984
6146
27182
7709
857
13753
25503
29383
28439
1379
9890
1105
22968
30589
4482
10642
10292
25201
28014
9777
1554
10655
3933
7069
29910
17206
5532
26618
26111
25116
20682
3342
19064
3785
18073
16038
13162
29807
18894
13731
18002
7337
24962
7701
25890
2671
23974
23819
4313
9620
20793
21541
22081
27171
26690
8691
27259
21713
11773
29803
17725
13816
30436
30167
4554
32149
23193
25990
11441
1694
9968
8925
1403
5620
6601
11468
27553
27337
18989
2424
15814
5568
6415
13815
16261
14686
12746
11
6303
22407
9159
13101
20417
25271
13988
6267
15574
12550
17823
6684
5425
9431
20082
3329
14713
20142
20574
26211
29064
28166
12725
5914
20653
21124
15688
5950
692
30313
9058
10425
10500
32622
2659
25585
6677
18303
19750
31188
25262
27614
27306
26455
20717
19427
9527
27101
23382
10455
146
31014
29734
11044
25719
1138
21947
17735
12190
9867
5894
8461
30331
11188
8717
32323
10853
4504
21009
23503
23167
11249
19525
16743
2923
21344
16445
15724
13591
30763
6804
23895
26128
14082
11188
21241
30221
9129
2239
19425
27438
25662
21561
1451
91
25197
17589
6554
2501
17990
16058
28355
14265
25227
12116
129
27116
18843
5149
15526
11445
1753
4048
24244
23617
7035
22143
19052
13176
21362
11481
21291
4359
27843
13621
12516
19693
18598
4757
27604
7389
9863
26543
25462
24019
32253
14045
25164
21324
21096
19360
24744
27801
25168
2997
18724
27909
10419
19297
20919
7668
15644
16312
7242
11096
29445
31917
21929
1501
7536
3241
26118
9436
4522
1085
18592
9001
22619
8158
20389
7544
3423
8945
7980
8677
17414
29594
2621
16752
5914
8581
20828
28387
20072
23409
30855
9018
26601
7116
20656
11899
4823
16567
13546
28781
31977
13875
17895
428
27664
21838
13789
16539
30693
29875
30657
20223
22530
11243
15598
29664
2217
10631
31551
11388
19663
23810
18530
18222
13613
9113
27614
22307
19331
19117
14573
815
29212
13278
14112
17426
29029
9356
6025
21530
32423
12207
3554
21928
19936
1349
15256
26918
30531
21738
10790
28272
13331
28222
12221
19001
1493
2697
7095
7909
24454
2651
31119
1208
27065
27550
11413
16897
20522
8328
27357
21924
1193
6275
30415
31440
2318
10273
31357
355
26715
9400
1150
5731
10613
7983
19354
15139
17665
2933
31517
29396
14643
6205
6615
8455
25567
25650
8196
25009
14520
12741
27826
14744
16470
4202
18067
15620
29040
15667
1829
7242
19793
16906
30886
13138
18002
11554
10088
28933
10581
18834
2598
11806
7473
2498
19286
7196
22149
4421
21394
16465
9465
8106
18062
11446
11896
16118
26397
9234
11119
2834
7112
12658
25051
3061
25109
7783
18238
20194
19247
29101
23596
11947
23220
10757
3902
17180
16491
18517
14170
12318
8687
27911
17280
24086
25964
6028
9771
9431
12925
31153
31995
3036
25864
17981
13337
18133
27397
16245
32621
32634
26769
19445
11794
8038
18861
31197
11235
8036
16149
10685
7701
7482
24498
16452
8404
23316
14508
27740
14730
32726
16578
12339
8279
17896
20074
19038
29854
32591
11092
4636
12711
20651
30012
4694
30788
12675
8290
21581
1333
20665
23030
14515
24896
640
16821
26136
32544
17810
27207
4571
10952
5726
27577
5318
2534
20211
7408
31479
28074
27376
27506
32735
8346
5493
16682
19731
14815
26000
28237
13432
12493
28543
3972
29874
3367
16041
7938
12849
24030
8316
5434
17036
32643
10400
2802
5189
2007
12848
31637
2566
21482
17975
16272
21247
11119
7861
13267
1243
15270
1374
1184
18422
26411
27412
24064
9463
866
32209
4615
29719
20387
4512
27746
18245
26397
20777
5176
14822
12894
6792
31348
10549
9084
28417
21242
19785
23519
13737
15797
7243
28269
7886
2455
13439
28821
6053
23800
533
10729
10126
13781
3045
17995
17539
23097
16252
12225
24779
6546
2438
10745
29395
23331
11569
21791
6709
26114
18124
8521
32348
23976
14188
24679
16066
1316
28745
8802
4793
25365
29611
8604
25001
38
13150
4832
24084
456
22069
18125
26482
22840
1151
7738
4413
14655
29572
18660
20281
15748
322
3790
5755
20717
31799
4308
30316
29700
8120
7415
4597
31025
29977
22468
25850
8062
15792
13260
25545
18884
20950
6075
11694
14250
21876
20187
11104
9465
5796
32054
10125
24550
12397
10455
8390
25827
28725
12268
15456
18786
21916
22982
15986
32446
24333
13062
22164
18639
30971
3832
30877
17484
2090
20184
13015
16156
14596
4729
25781
16229
12841
19562
16357
13806
7032
3134
29143
17489
20532
8040
24081
32753
8249
17356
29163
9850
28888
1482
28980
21366
4718
21966
30833
30320
31533
22701
29963
10474
26124
11868
28078
29478
4507
4243
2193
12104
18458
24120
16600
11050
25286
9975
7180
5515
17108
19880
15773
2025
3482
17508
17211
26442
24029
7872
31462
30235
451
26822
29958
11413
29042
12070
8358
1431
26677
12162
832
27378
2726
6550
20847
2465
15515
21687
30794
6554
4125
14065
31006
25034
1453
23795
12332
3346
14589
8894
3928
9320
22698
5741
29963
26439
228
21788
31232
4384
28933
11298
12548
31464
19671
29735
3048
19960
11802
8390
4269
381
10432
2167
8415
7281
2428
2250
31843
7106
7309
21913
12875
7849
13315
14558
31889
29589
19503
13950
26586
6756
3523
25886
542
20943
16705
20297
25999
12859
14314
1272
25473
17661
5093
24952
10788
272
29611
30234
3307
2544
22529
32573
10849
5923
22714
5200
12593
29
23447
23973
11769
12938
31023
18215
25485
9708
493
5366
2473
4764
7674
22981
2078
5080
20197
12044
17411
4887
9037
30433
12139
3299
4407
15569
26809
17110
10359
21446
24270
22299
12304
3778
9697
15799
6515
160
8612
10095
2896
23406
14497
22369
21455
2952
6580
17647
1925
12492
5891
30724
7541
32497
29210
23018
9767
22034
28993
18740
27658
31731
18642
30471
16787
8281
11997
25867
24241
2770
7882
12213
23298
28949
13171
11774
24186
19596
19864
12932
21650
13732
26220
31558
2068
18932
13017
16831
14677
32642
22231
23067
10781
20162
5877
23927
21683
32460
11251
5257
12139
19004
8643
8435
9653
12224
16339
12199
3100
7315
12287
20271
11575
29285
26266
7300
23959
2675
9838
1590
8935
16025
30788
17738
31490
15236
14126
14990
24718
14416
2483
15145
11769
8400
26303
22295
21977
15146
14968
20825
3782
22815
22893
6785
4284
11425
29274
28719
25379
5216
31516
11738
22502
2425
7635
901
8882
4433
1705
7640
27747
15822
16434
12839
21619
14683
4515
3108
23876
13689
7690
27404
13128
32218
8785
29357
30649
10230
23238
2635
27955
23475
21065
6705
28069
23150
14639
3340
12607
30471
19914
21497
22282
13
19152
5955
29877
30073
9787
5214
27805
2440
8718
32427
5492
5460
12131
29955
3532
1654
13625
14276
14133
28491
16672
15464
18706
8579
12658
20957
1119
10829
13848
1072
17978
17404
8885
14529
1467
23457
27970
4099
18101
6037
27987
24513
5668
28694
29071
19536
5619
4662
16460
29550
25973
12636
17928
2323
28723
8619
8266
20924
27974
12393
21863
9708
28380
26311
12365
29704
25117
19647
24337
21185
12245
7731
13189
28196
30261
11042
32453
29142
17301
14025
19263
12803
6642
11230
7368
28933
3724
3801
22845
12382
6692
18785
11099
11746
12605
8585
7755
13710
10273
25769
6236
14104
22979
6672
3808
1273
24037
27953
18793
13177
3096
21713
504
7122
18081
7165
32615
25057
6481
28474
25643
4972
545
19476
30640
421
4408
3010
31347
7740
11212
10540
27764
217
16821
7279
17486
15864
2890
7931
5995
6386
24196
10013
13643
6102
4622
25643
19695
23805
3073
4980
14252
14544
3824
32238
32570
22159
19385
26343
12180
5395
10441
3260
12001
27397
29947
22051
31439
32630
25487
5210
4502
14482
31165
635
8977
5267
3967
29330
24661
16927
14082
8668
17891
3109
5277
27582
17322
12404
19055
22195
11604
29599
6792
12947
5789
14022
25113
31863
12974
30985
14011
31465
6422
8343
32390
23817
6995
16082
31212
21933
26082
16321
25667
15688
1332
29627
10497
11284
25023
11081
29969
24785
15176
27390
25504
15683
30206
23954
6707
32187
5284
6581
24153
24614
17552
5960
27342
10388
25318
2497
1211
15039
11493
25929
7591
6839
32581
11424
7784
30339
18831
21518
419
28730
32331
9180
32184
29648
1024
15867
21578
14132
7477
1371
29107
17282
19225
4879
23993
20830
3592
29712
7214
18211
9662
4747
19014
12717
24347
29731
8339
29707
13449
7724
12353
19616
130
20341
16095
21451
25617
4481
8209
16192
8073
24890
1215
7381
27091
19427
9513
9183
24645
22257
16031
20451
30581
28545
13042
32253
1281
18814
27521
9627
32538
11136
3135
32657
26789
19934
21461
3334
24891
5319
15355
2768
6968
13297
16416
31887
29445
6522
1217
8802
30621
6767
17030
12985
25858
28266
2975
19875
20965
6761
17995
10536
5607
25736
1189
23265
20892
14126
6849
5048
6962
25688
11081
1323
7267
17265
16393
22069
1421
29012
8120
10839
16073
13423
26025
17137
6540
10949
13424
22736
16854
6291
30716
29677
31868
19310
5965
30902
23829
16822
1764
1451
12731
19825
25656
3134
17386
4848
9110
14685
31362
19541
30416
28135
10910
19785
29265
20507
9516
1510
5219
29703
14801
11992
26036
499
4445
522
29085
17537
16310
25378
7414
26908
22651
16160
24675
32259
26709
2994
20806
5161
29664
6385
1080
4380
13221
6310
2500
19465
11714
16327
10951
26158
20105
7674
11552
7867
27283
9279
24453
11862
25588
13005
25531
23035
25022
17527
532
20590
32345
13741
6755
11812
15050
23492
4618
11721
8559
5156
6848
27136
22203
7333
22724
953
19122
31802
22509
26953
20783
18718
12269
2352
8611
764
24757
5835
30841
17879
22779
5297
12509
6906
30203
24281
19195
1624
4857
24904
7880
8437
10498
20465
27630
7901
12610
3808
6092
4850
977
32511
4256
4598
12607
759
32279
28570
14436
17513
8113
16234
21261
27278
26672
3670
5576
9673
27602
28482
3389
21809
6952
19857
22957
12436
15289
23182
22975
4861
9818
20202
27624
27890
2459
13220
8701
17559
6705
1146
2493
9886
18161
10109
7669
9572
6119
9600
4967
22862
6399
32681
29869
328
23476
11880
8397
16187
20452
18575
18192
2131
9753
5531
26096
23362
23223
21507
23630
6725
23274
17809
18028
23150
7087
3341
14726
7292
6945
9007
8838
17012
25870
26108
24319
4405
4187
12182
6175
4126
13199
27055
31334
17350
4510
29145
26658
9594
32030
13904
29352
22057
5770
1802
31178
6256
8594
6150
11964
20891
24573
21765
25485
13422
16197
28776
23321
16189
6203
4760
16055
25858
1998
21815
20851
20528
8327
23460
27484
21458
26596
1608
29886
17527
17594
13226
18467
12242
29803
28939
23953
2973
5339
22962
19072
14334
18388
8428
31281
23626
10141
20250
20728
12360
158
27234
24831
4677
1990
24577
2970
28417
29528
22148
12656
9702
9583
14311
14112
2654
25549
15548
30323
16041
15470
302
32631
1347
11261
3591
22069
31202
7393
23268
2649
16853
8390
26228
21098
24658
21847
14784
15438
15691
7316
12192
23971
6177
16837
4670
29974
6509
11525
10865
12728
129
29447
16476
24614
15951
23389
22718
28116
11345
3808
9630
16191
31273
7965
26572
24135
16772
30317
21989
4934
19713
25640
17966
6969
15353
22613
21744
18414
16016
16271
9885
27915
27046
11797
21875
7823
5295
32691
28865
20555
7645
13207
20944
32465
28105
12690
18413
9796
27639
21393
6088
25041
2719
27112
14269
31652
18902
5973
24117
32215
6865
7091
28319
23079
29830
10772
27458
30256
27453
10059
5010
27610
30977
25697
25008
10854
4508
19698
9018
27023
20774
557
8257
6490
15514
30913
12763
11671
16942
6185
15153
30793
17220
3965
31714
20800
27753
16367
3261
20822
21177
27478
21423
16153
4898
18479
20068
22187
24605
31314
2072
6031
7306
26437
18541
18805
30934
2547
21128
16487
23130
24636
9345
12909
32173
6464
9548
7520
10337
14705
12301
27558
21456
29235
5566
4518
15900
874
25081
11653
874
32212
20483
24654
31633
4417
12419
22499
28450
26161
12053
1668
17225
9467
19254
9918
12101
26995
12505
22321
12798
28003
7177
13703
5120
21906
27071
2677
21936
30265
4651
19956
19534
4213
31653
19109
14181
28591
3152
5635
7973
17018
15819
23904
24541
20704
30179
28891
19325
1165
4114
10915
1984
31528
14454
25473
24107
3672
24856
20231
15369
16641
26437
17266
1381
13797
32551
29159
16949
6964
18738
16037
31725
8255
29490
9174
2757
4267
8540
8642
1058
29192
11604
22043
9776
2754
18546
1798
23620
27511
30690
12015
20132
1954
11929
6924
30495
736
11710
11402
11295
27593
13421
22492
16871
13579
28251
2156
8473
9827
7899
8994
31815
32282
18358
31825
23866
3387
19890
16362
1863
25254
29073
21778
24222
6065
26705
25763
24609
20940
25066
8640
1064
23825
21218
26930
12118
7920
20251
23857
30913
22537
28832
29266
21790
29497
11322
8844
21973
12600
16635
12124
5065
6698
22125
14445
2281
143
29904
8897
28336
23775
30049
6943
12066
27187
11679
22631
2817
14026
19651
29286
26980
5334
3148
6860
17115
611
8874
30847
2354
15366
82
10948
16790
20505
23426
26212
12250
6722
8936
24160
19800
8914
2807
16647
1564
16996
21026
474
1912
21756
6062
2044
2299
18246
23087
24464
23261
23084
20888
7272
31313
9774
707
11719
29035
3782
17677
10642
32119
14516
11911
19136
11987
12824
12487
8560
7021
29969
28824
21823
12929
6284
7743
26057
28647
27567
906
17983
28157
10689
14176
21742
6557
4407
18270
8750
12970
31455
23013
20104
27016
7318
29147
15544
26951
26929
25544
22068
9482
30994
14738
11747
18216
958
18417
16027
19187
14828
926
19270
13343
20201
32713
4410
18563
4599
26072
12360
31233
16376
11945
24057
21182
12869
31787
4852
20152
26198
18490
12199
32643
3441
1500
19415
23030
6247
18683
558
19727
13451
24498
30933
23260
4384
8430
28986
2844
3354
5508
19114
1426
25789
1474
10415
13477
28387
4755
3599
25706
14612
30810
11959
30618
12663
13760
10350
21466
32426
17144
11209
21078
14630
18903
25593
1156
8660
17213
22790
17268
22340
3602
12238
21827
4096
12883
24107
21177
2978
11135
7158
490
8234
13041
10513
6458
27990
3600
1268
10617
1380
8848
24226
374
23860
31424
7966
15612
16392
27798
20185
4092
21623
27334
11284
16383
23332
19797
16344
15812
7224
31207
13231
18297
25060
24441
31533
4021
3121
7534
25673
12006
13644
17297
19526
20576
28905
22164
28192
3712
2791
5706
18944
6053
24405
14461
7611
18026
5081
8527
22724
18003
14128
11353
384
30403
10776
21488
11123
22117
18759
31188
8931
21189
18114
20174
3440
6221
26548
17369
3565
32281
20266
289
15572
26520
27284
8055
5864
14327
28385
31210
25272
28114
22723
9550
22067
2825
9140
20049
30285
31083
8645
8958
2920
7748
24708
6228
963
28559
10570
12398
839
14109
857
9282
8845
13647
5211
28790
28228
31601
27333
21365
12288
27913
23858
29015
26094
949
24399
9369
23991
19451
17422
10111
8668
21476
20438
2411
28307
15237
18532
26853
5280
24563
16635
17997
13482
25021
1230
18568
30124
12833
20176
13761
12507
9790
11381
3486
19511
26547
11837
18522
17547
24660
13474
25527
4764
17732
32524
5306
17575
22710
15504
30341
30855
27879
370
2086
180
11410
1491
4917
18842
3714
8492
9651
18470
26322
22574
19809
7917
2923
23254
5170
7265
27108
10204
7678
25096
14675
19049
16348
22469
24905
23804
12924
27778
2198
13177
13310
16557
17061
21791
21542
18031
17885
19033
27765
19841
12934
16045
28672
10376
13959
12200
17319
27103
17499
3694
2845
20128
14478
8540
32474
30333
31575
6229
21584
2468
27694
25219
21554
16987
10272
24812
15595
1534
10829
2726
18326
18512
13882
11412
14233
19956
19202
29866
20575
28848
15299
19368
12777
24401
5481
18019
25905
30376
22364
9507
19415
18236
12503
23098
20972
14387
6874
15862
18217
6844
9460
11320
1469
2835
5497
16964
30992
6529
9793
26769
13771
13370
3391
8434
28675
11670
25224
11846
8764
27751
30810
8992
13935
6898
15969
3722
26533
26989
32276
22731
11953
10720
26098
19587
9501
7143
7950
1879
7789
24097
13449
20111
29995
28497
23623
20111
5294
2337
13628
24089
11473
24948
27565
781
25690
6864
30491
13876
29271
30459
32093
20079
424
4935
3843
713
23646
24758
6004
28860
4847
7863
28609
14038
16334
21369
10255
16231
15284
18333
8614
31444
19201
27833
13152
32274
30036
8707
28729
22135
2264
15796
12612
9347
15957
13060
30738
25576
31678
13374
15749
14504
24919
15414
7030
7453
10134
284
21064
84
22066
5574
21805
15154
25766
1161
22833
32277
74
21631
10475
3563
2406
4885
5985
1721
7392
13549
31978
27941
23183
15724
12239
28182
32137
15798
17808
3814
7881
26765
23468
8583
3437
6746
21278
15932
19276
5319
4964
21975
15590
17191
25319
17854
10503
29326
20125
12548
29308
12289
7831
2842
4929
30825
26701
6683
27413
21439
17564
28967
13386
18728
24855
8104
23975
8553
31954
4714
2683
20846
2256
16857
9201
3773
17750
6272
8141
4723
23901
14186
1951
9127
11612
18514
5198
7390
23508
3441
5499
22145
2301
24196
31292
19380
28016
29269
24155
12676
1357
12726
7742
28926
9518
16406
19846
6578
5864
7850
22834
18222
17043
32104
15381
2727
19791
22238
32338
22835
404
9668
16103
17783
20877
29593
1818
11432
9272
20541
5880
19849
26938
5608
1907
7052
1735
1377
17602
8909
27758
11667
13285
8116
16153
26417
26293
9432
24884
27358
19677
20163
1359
4988
30162
5915
14879
24919
26687
20411
518
16898
27290
27386
3764
24783
4470
23518
27247
908
10996
9587
17712
15724
26243
26965
4589
19054
8913
1225
13287
16031
23365
11533
13428
1197
8500
22745
24823
30374
350
10278
23317
23112
4193
13547
18401
8634
13877
5426
20287
15086
17229
6179
11989
10464
3336
20805
32019
15461
8615
23758
6651
22850
9236
6045
6999
1912
16132
14364
25605
16682
5641
15712
17167
32601
29205
27551
6322
954
20013
24482
28740
27090
28905
8377
21940
16338
25379
19902
24567
32596
31709
27762
5916
25147
9651
7117
31222
25776
13105
503
3145
32551
10913
6921
9509
4119
22090
5511
27351
1991
22761
13038
12886
23299
9096
7338
22359
23245
18946
10096
2700
27599
4915
14154
29523
5973
22276
9599
26130
26990
23898
10896
11099
10301
3921
15755
15362
17028
19751
30726
4689
12233
29576
6729
23188
30223
30354
22978
21876
19016
9560
5818
24107
6553
31585
15864
9653
24884
17332
25001
28141
5187
27312
14841
27452
4723
26111
1781
29396
30063
5103
15593
22573
29203
20514
21921
9930
8563
23965
19987
21892
24833
25175
12502
31757
8173
25965
727
11571
30029
55
7485
14543
22833
5273
20200
22474
4198
856
14912
19162
16729
17962
24433
25223
1964
23575
14803
5224
11317
20692
20325
3846
12507
20752
32084
28215
23029
1457
7704
29311
15068
28730
22166
27787
20969
7917
28439
17892
6090
3062
29494
10774
986
23288
1427
1249
28727
25231
19637
30280
21445
30323
14559
685
16303
11088
29933
16630
1332
12298
16781
28363
2197
613
10805
23008
11876
10504
13505
24664
21256
22028
7309
3973
1309
13563
11368
862
1252
28966
29565
9405
3183
26285
450
1940
13942
31060
24418
24918
15069
13155
10371
1284
2397
22616
2769
5531
27590
22258
29326
22794
5997
1823
23675
17290
29212
14590
24411
17029
16864
20745
3880
16914
14640
9926
31596
26361
29440
10263
24079
20654
14248
26919
22123
21156
7050
15894
22335
10028
26699
32758
3854
13423
5609
15579
25528
32681
28084
30877
18512
20303
15381
9803
20592
23376
7593
1464
4042
6055
24474
23297
11634
360
9760
12585
12710
24157
32655
31028
14166
31787
17472
1517
757
4704
14112
7110
26865
26431
9193
7413
20077
17077
26389
362
1481
30358
27207
342
13556
30893
18622
5833
25937
17611
26550
23403
15773
20848
27455
19378
10879
21542
442
18424
5955
21902
21764
3432
31031
16824
13363
10405
32593
19800
10853
21566
29054
605
5472
19611
12978
12564
17529
21918
3377
2261
17671
13999
26675
24606
17277
30072
28417
11969
16461
11463
11805
20485
16557
8291
14880
12685
7871
25426
5065
24629
18938
25601
17813
31116
10443
28542
23762
11868
12284
8892
30589
10765
5345
20441
4111
15896
23231
11521
19855
11753
17542
18702
16287
4937
18705
9033
7718
17289
30191
32647
26464
8044
11050
13970
2348
26015
26040
25424
13481
31739
18467
16637
27091
28407
17918
15274
12880
23550
6872
3568
5351
15806
3264
10466
27422
9157
24217
4737
1140
7223
21922
31483
6198
28870
30986
4968
24756
13730
11742
27709
12260
31907
16860
23572
24835
20583
24193
15655
6070
9821
21124
15218
25187
9596
27389
24088
4191
20730
17498
30339
25090
29903
31666
27130
29422
6964
29003
12224
4349
11999
28769
27460
15195
12819
31847
13491
15192
14989
3232
24804
5517
21392
10657
1173
21801
9802
6933
25645
12868
6432
2616
12285
31590
20180
18604
19871
6031
29098
12411
29365
20124
9663
5931
30079
9920
14302
28232
24634
17338
28715
29238
27632
2010
25859
3512
29147
28075
17621
16555
17057
10405
29282
13591
17189
1236
9134
12608
28883
15459
1586
20467
1369
2285
14624
21790
9285
29562
31855
29292
2538
3044
28094
5901
13782
22048
20198
21299
10104
12032
7650
4206
11973
17339
3794
24449
2580
8434
14552
27384
5806
23368
12883
17191
8053
29003
17956
799
27462
8203
3021
9516
9942
27669
28730
30593
21159
26408
2250
15218
24768
22957
27427
5253
29867
18237
15470
9359
10275
27084
6915
3772
4822
28048
15407
12965
24065
14461
30201
5301
21792
21758
17370
20342
8820
20561
11565
18402
2377
13864
5466
12943
10861
7830
29186
22451
5907
15052
20442
9612
3302
27493
6749
29073
10969
16114
25210
23217
2540
32210
3859
31995
15313
7215
20551
30669
8524
7136
2700
4110
31379
30946
31858
22427
4346
344
17486
31785
7573
2209
20707
2633
24096
31120
17296
15135
32200
4804
28171
21958
27293
31703
21294
21817
12135
1595
26012
13296
25253
2522
21237
14508
6353
6661
22516
12805
24548
16997
17968
10829
15257
15289
19318
1582
845
2637
10615
10699
14155
4950
20072
14648
26583
18186
19655
22011
19666
5622
8210
16891
21762
2850
20363
12519
5206
14772
16839
16650
25955
21789
19910
10743
2673
28735
4577
4868
26258
9791
7047
28998
30178
25369
15179
11177
26184
16919
27074
26535
1844
27325
1133
29599
2017
12496
5533
8231
14689
32575
25675
5395
28408
17347
13495
4400
4699
5808
8861
12492
24809
435
16168
10523
5088
20388
1474
23025
15068
11739
30839
26405
27010
16349
32567
13907
2262
32302
5141
11974
29472
10510
20536
14186
1320
700
16068
28314
21037
11362
3170
13286
12498
8922
20405
38
24579
1125
16618
20585
2376
16632
2042
16460
23586
9926
10877
9976
30829
27162
3821
15713
19750
6936
19883
28256
30553
13090
1774
8427
32496
20511
18932
30250
13607
1909
11661
13105
3079
7526
31825
2202
4538
20756
13881
22008
4922
14797
7692
28132
26085
21836
20900
18669
1001
28616
25954
20546
16407
16170
32711
4669
19987
11274
10331
26444
9736
27932
29632
25047
8701
5126
9392
10112
22962
12358
21962
22396
18514
29143
16815
27235
32516
21306
11706
31337
19285
6697
13313
24771
5171
14271
139
19371
7943
611
29595
17111
6773
25202
7552
20260
9496
24893
16159
20006
11474
2792
32612
29805
28555
26876
2915
29248
31267
21028
8967
28430
29338
9985
16157
6823
21959
1208
12680
7881
29237
23399
26039
6151
25186
25184
26673
22339
9309
2214
23473
26789
23828
21437
6740
25994
15154
8393
16590
28519
20139
28460
27204
2955
9540
16904
10258
24690
8159
8499
23228
16598
9897
8993
10452
24900
25925
20031
18769
24782
13234
26463
21234
32747
4261
26850
14828
1737
10018
17850
8531
2464
2426
20908
7106
2691
30653
10673
31471
25953
17440
27913
27471
17042
21306
13277
21622
24729
12688
9805
6180
25531
430
13720
31921
11064
12785
11243
23772
21161
30426
4587
17564
3906
26848
4897
5112
32406
16465
30345
14172
4540
12785
10969
2849
23908
16370
7525
32254
32494
14431
31994
24208
17089
5679
12809
22641
23612
273
29431
31427
30038
16392
19729
8515
15979
9681
24751
16500
6558
11630
15059
5343
18461
14906
15830
16636
22822
23258
15984
13760
4529
18028
13992
13032
21506
11639
7784
13720
13322
9759
18132
31687
12770
10269
6341
12666
13061
1300
15517
27683
29046
28026
24490
17451
7113
25909
6110
14210
10316
6689
8286
14169
21232
5159
9930
11972
3645
16489
18023
20054
5258
17730
15953
4771
7363
10653
12889
11646
19081
30270
14116
3724
12718
22118
30639
22480
19311
725
18500
29710
6907
26848
25271
22311
27727
3771
17378
6278
29201
29709
4845
4970
15068
2619
13416
17843
26348
14384
19154
2180
1656
20118
4102
2865
939
2944
24622
30612
20662
6446
13947
20486
31005
1770
12945
15568
26890
26910
455
22220
22114
26725
24292
10790
10925
9302
13787
13052
25964
856
11517
6367
14705
8461
15429
22213
14175
16486
514
30964
22925
18841
17718
28245
16699
4629
7369
17837
6762
17880
11398
26967
21992
1439
13436
17688
13327
30860
1069
4712
19091
4557
24500
9853
26219
14253
23568
889
29249
21554
29759
3575
27479
20985
6190
27513
784
17300
13608
24817
30143
30710
4722
17557
20808
6248
715
31888
5406
21359
18965
6244
28108
6277
27931
27096
26757
17639
29740
1871
22727
78
2770
12748
610
14572
16532
10609
2394
20070
930
14572
26429
21701
10611
19890
5580
12003
8219
31787
4147
17231
25079
2166
5562
17285
6622
23290
1037
21746
3750
9234
11028
23769
13562
26884
1096
16600
10529
29911
29485
10110
16939
9311
1261
23359
10906
31068
16697
23986
19744
9387
4474
15868
623
10387
28709
8308
20912
12376
24793
14380
28575
19728
1483
13806
10825
13887
25173
30219
14893
3652
4504
23079
24392
8954
859
20655
8919
29584
20068
27361
22750
25074
12408
28665
8847
4982
577
13826
22325
3735
24426
27280
13507
7914
29061
13837
20586
19995
24572
13083
32484
23233
16061
11780
20423
27590
1264
20565
9527
1563
11560
32088
27723
19012
26865
19386
8454
2823
12747
30808
26446
20327
23638
17337
31549
18504
8087
26274
591
1763
18480
13667
21386
24804
16097
17329
31706
19886
7185
18509
21513
17920
26685
8874
25853
22578
11612
27645
28846
30358
10167
18684
6797
4116
6493
6817
17633
30085
23261
29363
15622
4804
6736
28168
28758
344
27921
27460
21949
27168
29004
18163
12564
21465
12719
9491
21877
13815
11767
28380
5217
16130
10563
1958
28688
4998
7059
30618
11817
28858
26746
26236
4209
3034
10375
17506
23946
13748
17833
25946
21631
2980
13329
3596
3724
29925
22096
19329
3239
21202
28795
20226
26745
26281
12829
4321
22608
8099
1780
4504
24232
30687
25183
14655
17936
8890
29772
8773
1599
385
30630
13178
29625
19946
1538
26068
26955
9133
16318
15944
9283
24893
16281
17316
30694
14158
9256
28113
17677
30498
21903
634
8006
13322
7282
27785
9516
26028
26239
7739
28226
4117
18846
23970
3678
27795
16635
27883
4651
24725
6307
1797
30156
17532
19897
12963
26737
19754
27168
12679
24282
9001
18472
17363
30472
25985
19264
16743
10951
24578
15670
6015
12616
30025
4260
5341
5634
31567
8934
17659
15379
8572
386
9163
25779
30419
10306
21725
8118
1316
14541
19694
29806
10748
24142
12525
15309
25893
24772
10350
28361
16263
30108
21133
14884
26861
28437
10692
20701
17187
12289
14274
14980
12768
8987
1705
24607
21868
20530
7924
8253
7362
7289
29026
3130
13318
9503
9234
13541
9249
3455
18669
23372
8643
19708
24756
13385
1664
31994
12517
8354
16146
32599
27428
7585
16287
24648
20085
21582
6228
18461
30199
4522
11662
6541
2739
30032
11716
27748
27347
25047
31168
14973
6034
9296
23488
16866
17162
9690
13617
10723
31132
30703
20377
14371
8585
32031
1175
26859
22966
32123
17634
18989
12146
6768
25599
6995
11987
20047
11990
21774
21220
4450
31203
20244
1092
16276
4808
20108
23056
9635
9019
25061
2422
21121
7738
22358
17528
9570
27054
21852
1611
10914
18956
6540
29299
20575
28921
30085
10837
22210
234
18140
32207
22217
18827
3972
10080
1308
30412
19487
30048
23702
10241
9890
11743
16641
11850
32378
2652
3162
3303
24254
6437
31135
31087
12466
194
31803
32737
26224
26581
19347
15960
26598
21577
29442
25041
11651
18360
14104
22221
3516
23794
12817
7385
11237
24755
20037
31590
15992
26797
31295
14342
28984
6572
11885
30682
23152
9380
7288
2218
24484
10407
11725
11950
6869
17128
4062
14138
10789
17914
11958
17464
2797
25697
25467
18811
10342
5943
2538
10072
29398
13972
14618
19270
15390
29935
10225
27550
17186
32245
23733
5575
32184
18085
10536
21548
2976
3447
29535
5063
21285
16359
32163
9330
3827
16372
16754
31430
23717
26652
3349
22902
32433
27634
11532
2667
17568
4622
3927
15453
14035
23343
9547
29004
15055
5716
25098
20270
24008
30661
28879
31113
14709
27898
4935
14563
2806
6766
2452
21857
22723
4887
1480
14870
16078
29409
14805
9563
11180
12864
13604
10106
15750
15804
2608
1655
28067
32605
19914
28450
5653
27207
31315
31969
27616
912
19856
19042
10170
16229
10130
30203
17408
11128
7413
31443
10994
28173
19040
14117
13237
27406
8228
14400
11608
13304
28357
1796
29530
11128
22638
22554
11544
31640
14977
3679
29496
10869
22399
21699
6985
1101
22870
12538
14291
24640
7942
7771
3727
15823
2061
31357
12077
28126
19959
13569
18782
30351
15502
31117
8861
7205
26982
7986
15770
32493
23137
32198
23509
16081
121
30702
26489
17133
2886
22774
25936
15332
8688
2379
4843
15024
4073
26267
30518
27235
26109
29201
31657
26265
13355
23990
5873
8824
17337
32199
11573
27314
29825
20606
4845
19907
13568
26481
6578
30326
31707
29301
32562
5115
4076
64
11388
545
28936
30220
25954
26190
7801
22761
26731
7131
18248
29264
21066
17813
12236
6020
9416
3513
20365
16886
2332
14360
22291
8596
5403
23701
29788
32274
1343
15064
6960
8755
5782
25376
26557
12584
32764
17225
27594
6779
13679
15832
32653
22956
28382
11373
7412
29233
25162
26382
15907
24207
18418
23169
6964
9885
31898
4352
558
15909
30585
28606
9576
21859
14580
26414
2065
4429
11995
20811
29413
14706
10625
18801
6023
29015
28468
13512
31140
12758
3381
27784
3274
5186
2155
30925
9663
4427
14158
13922
25757
17489
8900
30881
19727
11817
13871
11495
15424
5183
12528
21369
32209
1335
479
25121
27167
14693
14694
14211
14307
30792
7407
28894
23629
8036
8744
22777
26628
25576
9024
16573
28755
17802
16737
31393
10587
25843
20754
10444
10779
24716
20883
7842
17073
23281
24831
10100
29296
14835
28958
3959
2926
7451
7513
3996
32107
20914
18053
29505
27308
21254
22836
7461
30987
16312
19096
19508
19887
4830
4986
27612
8116
7253
495
10984
5782
4496
13448
26249
6349
25727
7756
11349
13997
28216
30286
19558
21357
22132
4931
31217
19843
1694
5252
30361
19563
3209
30024
23893
21448
11720
4267
26422
14421
2558
22426
23883
2967
28701
15032
13622
16751
31015
18749
12317
11839
18678
17392
18568
2381
15126
2036
10195
30259
25833
2723
7651
31684
29097
16063
21946
19985
4243
11399
17069
13084
5595
30240
3766
8154
527
27229
25822
7241
54
3343
8767
6405
3959
17904
20061
26111
25063
14064
32225
4276
9126
14856
15022
16702
2457
12154
3625
15724
3383
29021
13112
565
7243
32480
31182
26632
25652
18281
3391
11953
14830
26096
18581
6731
15659
18685
20339
13184
26919
4619
5281
14095
948
11678
1466
11657
27447
4443
32484
10010
16289
9784
17325
30374
170
6022
23418
29248
14549
13057
11711
26151
25477
25622
32343
32426
31747
9542
17206
8181
2423
26308
11211
14342
24472
3708
1035
15885
5466
12377
3382
21557
15696
8795
11916
5032
28266
3622
1613
32068
29043
6931
31395
16128
26180
9553
4465
2589
25730
27848
11829
24820
695
12791
9055
6693
14479
24982
16792
21412
10354
3467
296
23767
23184
408
8
27788
10425
29513
10870
28556
5840
29570
30870
19479
5309
31695
14534
14399
3593
20369
30303
11784
26233
9613
17941
18836
5534
8504
27316
26056
24375
30194
6411
25730
21001
24331
26717
8049
14193
14273
11705
24235
9688
2999
5735
8973
31507
31840
5197
22920
13483
16216
23615
28484
4832
5134
26408
3332
22388
10140
3396
19361
20450
10891
15984
18677
7586
1792
2273
15459
4821
18779
17897
11139
5189
29258
7270
8567
20692
27427
19275
32524
21972
19231
3228
1497
17646
23657
9815
28276
13417
26400
10418
12537
339
18677
11570
1656
25388
481
5270
9158
29514
13230
4105
27926
28129
6614
13754
8220
27601
12685
28861
18769
7689
2379
30970
19511
8330
5517
17696
11440
23742
2226
986
3822
9568
30141
30745
3283
21829
1139
17145
14626
8483
15225
28957
16344
4879
17819
30835
5594
22705
18956
19254
6162
19248
27167
17709
22206
16763
6680
7598
20317
433
25664
22468
16860
29023
6879
30003
1903
6184
11469
13117
9458
24217
4480
28642
10951
26318
29080
1926
23370
4528
4747
8992
12837
32434
14205
24506
14789
1978
4546
12110
6109
28070
11645
24040
6897
13337
20961
27256
4864
22575
680
29952
20423
29056
1568
6928
30752
6491
8401
7330
20598
23951
27825
7799
17674
30302
30259
31059
2245
13587
14678
2764
23222
6220
1729
19671
1223
1230
22841
26935
6880
21737
23191
3887
10997
21060
28873
4063
819
5054
24831
19909
5006
23645
9413
20698
18132
28032
1782
1858
4050
14426
9201
5958
11974
17082
21732
24402
12362
15914
26916
13770
2669
31688
14853
18293
27196
3230
13427
3378
18325
20076
3810
13438
32019
27146
23734
30206
14899
15281
12055
16535
14570
18354
801
25156
14016
20883
24968
9731
27080
23700
21917
5221
25760
10645
6362
18414
16628
11057
12795
14036
3896
15897
6552
26136
13363
20508
21742
951
21071
24900
31999
19326
7997
19997
4077
8959
12979
12822
3018
3135
31036
25839
19866
16336
12349
1373
6101
39
14620
7360
2
5330
25857
17816
16063
11088
19916
20374
15108
9275
6772
11813
17751
22430
19746
11489
27223
26930
1425
32093
14739
20016
12710
3551
7765
14980
26648
26256
26031
7615
15764
26987
7836
4114
10891
10274
20029
2742
4357
29666
16704
15200
29220
7328
10788
9114
6765
19681
16194
3013
7965
14729
3692
6292
12338
21442
9232
7969
14693
26644
14415
5340
14546
14334
18552
10491
10281
26651
28412
3489
9596
17833
23305
2250
24253
29360
17173
16919
16427
11332
26743
8673
4917
7681
23772
31551
3829
11132
9172
11144
27275
10862
20115
11117
23306
5047
27486
29735
24611
9246
4347
26413
8035
22348
11672
23386
5587
4842
27042
29229
658
3746
6497
31271
23791
25840
4081
11024
22407
7300
19789
16652
9964
3840
2672
31800
438
7626
15924
17717
3176
26580
27502
9269
30852
29447
26117
20072
22787
28576
3704
23955
10515
29535
27871
29171
31798
21482
20431
19181
21908
18588
30715
4054
8051
19325
12306
4520
27366
7090
8879
30439
2846
2644
23871
20601
25455
19140
27379
9807
13424
28056
22500
16857
13654
20349
23054
22994
29067
27008
8230
3647
18834
14024
11924
813
8915
22935
15594
27747
24367
15959
9615
24363
14680
16401
12870
5834
27147
31394
1898
6915
19265
11015
1001
24729
6685
27075
608
28185
3967
32139
5617
22191
27427
5419
14609
27642
5071
5956
21959
14281
23797
29014
23490
10000
13987
17461
19012
4232
19608
1598
551
26055
30023
14451
11719
17424
12507
25378
6462
883
18832
9405
26045
6180
20761
7718
31735
4742
1891
17384
24619
2033
17084
7744
21865
124
12398
10579
30758
14365
23096
9074
3907
14567
28918
19557
18546
24099
25123
19714
12596
32573
5608
13006
29366
10491
4620
8682
3623
18833
1128
12000
6272
15420
3701
8409
24849
27238
3473
8867
25144
9311
29543
28763
6225
27048
8668
957
21707
20769
29502
27319
19342
11992
19408
4802
6506
8393
9153
10468
9125
9380
11379
4431
27195
10512
14957
23260
7587
7214
31032
27811
31585
29802
28654
7505
15016
22513
13710
513
12125
18334
16864
7534
29014
30025
7162
7511
18245
11369
29749
25484
8669
29099
23311
23517
21619
27526
12455
15594
15136
25698
15980
26649
24528
25721
3249
10468
9608
8292
28912
20669
20180
18505
7812
20561
24008
20774
23112
10612
13957
7172
24700
70
1391
5245
28845
15265
28570
275
8310
24743
9075
23396
18124
31895
7177
15047
29018
16634
2198
31724
16490
5026
28751
7133
25307
24528
30956
10495
22986
15140
18135
12389
18411
4746
11481
18920
30238
20373
29954
19462
9594
7836
12811
29315
27897
21020
763
25361
9251
24459
23200
27353
8481
10693
28769
19993
15688
17663
1345
27636
8737
29139
10000
30519
20472
13980
12931
32350
26461
2645
25444
2611
27901
5092
12886
7396
13311
762
17787
17162
15211
10538
1701
578
27865
20656
20847
1954
439
30858
31728
9503
18509
20156
28721
6766
27337
11057
31037
2844
27725
29807
3208
983
20124
25716
11055
2031
24948
22476
11870
25910
12502
21176
22155
15815
7511
2908
9688
27167
31182
28475
13771
1723
12492
32733
17004
24677
15355
18666
31111
25791
16970
26804
28671
5738
16011
25841
32050
21643
22290
3857
28973
25118
5665
5217
20790
7726
3193
1552
14657
7230
16758
3182
29380
4942
8786
68
12515
19019
1521
12393
9522
24184
13360
24135
4641
7314
31066
12578
16972
28857
18245
7517
12121
17660
28347
13721
14095
21921
28307
24360
16303
20326
26431
1297
3301
6635
10446
5431
13164
871
2248
25551
9487
14123
12408
31926
24426
27432
7351
23115
5426
19282
1964
18649
8837
2780
13440
20481
26588
13494
16962
141
25157
31547
24665
12517
25650
20716
22112
17078
29114
20482
3911
4648
21252
15802
13588
5384
16218
14334
15506
31876
8709
18160
8268
21699
6258
580
31122
22158
5084
12339
22833
32225
19672
20350
6408
18444
6818
7288
8878
2266
3568
16347
25112
24031
27914
13870
8970
31132
12013
18767
3468
13006
26036
12896
19411
32446
24523
24036
5050
12443
14785
21343
18550
12662
17685
24869
7066
30690
26013
1485
16778
24597
29385
25656
7702
19676
11894
16957
4921
17425
950
32198
17173
28858
15376
26783
32399
31080
3000
26877
14979
15529
2037
24260
16203
32428
7978
31537
20683
7808
20429
30170
6039
12226
19540
1404
11182
21731
23352
30149
4074
27909
32466
23185
22227
9395
11387
32419
701
12754
1584
32517
4324
4578
11508
6721
25003
18339
5523
13809
23646
15038
23574
6165
21703
13222
6978
15888
15429
18764
10269
25906
27345
31356
13
8022
26260
23348
27879
30764
26953
18624
9934
3691
32151
16462
20662
21026
18700
8275
24051
4704
13468
7424
6684
9896
17326
16621
26435
22079
3394
27170
16487
15622
24976
11792
17681
3879
18552
11928
4956
17907
10656
16403
23728
32743
14718
10277
32201
12078
8859
15196
8932
6194
13347
24669
12448
2900
28138
30162
28946
6544
22555
22013
17832
24890
5480
6066
7895
6281
22073
19982
26293
7574
1763
18138
6612
554
2554
88
17454
4307
17177
23619
9372
19967
29413
655
11676
17216
32447
15396
4381
7931
20282
25440
9629
32101
3685
28070
29211
15590
29783
3802
596
16589
24501
17696
6082
25322
31695
20425
20186
3800
32538
18635
24103
13694
15073
7248
20383
