30219
25047
9317
8035
26135
16192
16961
11295
14038
17239
399
14787
2600
19390
12882
8759
7815
582
13924
19259
9222
30737
19168
18082
11179
13328
29709
8734
16432
1744
5545
22101
9404
2196
4806
4995
27795
6529
28260
14371
18604
30988
23537
31069
2096
30751
31173
16757
26642
8352
11570
8381
15454
24718
22372
16325
22575
10004
25494
27118
242
28538
25435
32304
12524
28589
5879
4115
30316
28699
12488
6099
23995
26539
6291
26326
162
4812
31901
24669
26801
30080
8889
7240
22106
27734
15325
6139
32197
21591
29158
24493
31628
9796
9535
28587
29616
3685
12572
14742
4262
7963
25394
29202
7798
797
29489
10706
15466
15493
26579
4635
14581
20251
16775
180
5402
13665
30653
4286
7653
17586
18747
12836
26353
9196
14305
25774
18881
5884
1169
32030
27790
12689
12614
13612
5208
8936
4054
16000
20043
21174
11509
35
10566
22778
14582
19578
2269
32071
649
26942
6080
16406
21781
14641
2256
14772
23438
13847
101
26296
12215
20425
29368
8648
30985
7549
6167
26285
30428
27340
8236
14370
26094
10835
4224
22
3784
27363
22541
30134
15123
15430
7743
3721
6001
17851
491
15652
11519
23419
15946
31830
19427
726
12508
30922
20076
2141
1719
409
30730
31837
31685
27540
6764
11625
22337
16046
20662
28415
28671
29569
16173
30324
28956
21267
30850
9117
7756
9053
8737
20713
8148
13438
7993
15874
258
14930
2005
28086
16475
28378
4094
4593
12063
30024
5250
13780
17374
22157
31240
32175
4268
4456
29123
22738
27054
6970
10863
25423
18568
1690
4065
29583
3151
31321
14061
4250
26675
28154
422
23431
7437
17814
17022
27405
15673
18952
18384
14539
26986
6501
26676
15671
2981
1980
16100
10136
20307
15818
285
664
2674
16172
5127
3077
9791
27886
7051
19471
18745
5795
18868
22871
25319
24083
28813
30131
171
19708
25155
2574
7764
26723
25563
3217
13894
19915
27753
3752
2855
11651
4730
26002
3369
27577
31311
2581
29977
6145
29751
18581
16863
14443
4966
8449
9500
15412
24707
1795
6492
21077
24081
29097
26357
21793
7583
8194
12953
25475
19809
4215
2687
11485
28034
4313
16089
22925
29862
26974
9031
6308
10702
20793
6765
3532
30621
26463
15726
16775
21038
31824
19518
27686
30450
5210
18408
14948
26078
26703
1127
24572
9612
30554
30070
17981
27314
8090
18537
19644
32090
10768
23064
28476
23678
31644
23537
1822
31037
16387
2308
3161
26227
15073
15202
17335
17241
28699
2785
22542
23746
1475
10102
23099
19331
25719
12283
9020
31811
24946
21300
23999
1269
26781
19740
19961
5865
2985
9674
19317
5925
8284
14
29984
1739
1353
10848
2774
10524
29056
873
9605
17042
22494
21466
6080
27520
20080
9617
26643
24337
5729
16046
31284
30370
1808
10886
30245
17276
17074
29145
22506
31565
5655
22725
3139
9465
26196
3747
23239
16292
25346
16020
29823
20554
9916
31342
22642
26969
22576
13867
29115
4874
1916
13325
5870
20944
7364
8901
25853
8307
12361
1142
27395
4060
23789
1490
31082
1830
605
29387
4908
31139
4466
11862
25630
26685
31079
12977
9336
15194
4861
31018
11182
3233
28984
12739
2521
29550
20029
29064
7877
9959
17764
19434
10110
24398
6170
27192
14218
19067
15602
4110
5414
3093
7845
17639
131
25094
22830
23545
7117
30026
19357
22995
1184
24747
24852
21756
18257
30974
667
28123
23731
15088
8907
5331
30277
18316
7034
3348
3190
25551
9740
28160
24665
24989
9789
23603
1528
19425
15049
32204
12487
18440
4635
826
11880
23561
28956
16076
25347
21988
11835
20624
10263
27995
10636
24283
22432
31344
10831
1337
4830
9229
28721
32637
27599
1573
32605
24019
25569
19029
28704
8296
25180
1482
19407
25978
18278
32606
19990
29497
26720
2570
5824
8451
2774
1930
649
9198
18375
14354
7223
31988
18949
23707
24593
11700
15076
8592
12060
8828
3444
227
10719
9108
31484
19367
10875
12443
10356
24397
13842
15891
4417
432
23089
25917
22794
31554
32461
27557
27570
20862
16317
15147
24453
25215
12237
2152
25024
28430
25455
1212
12605
3693
12063
31206
14558
25442
13792
30365
10927
17353
27943
24671
29487
1766
576
1574
20154
23450
20863
24498
923
20566
5209
29104
32076
27727
31484
18074
28376
1636
2359
26146
19734
7296
773
25660
13308
23940
9137
24347
7527
17450
23890
18083
9516
9609
24042
22516
26246
4586
9272
2764
27050
15915
24270
14995
1183
30404
16956
3234
1745
30832
2391
7123
27807
9859
1025
21668
10470
18697
27359
26118
2178
18487
3857
1130
22769
13612
28805
18991
17323
4604
19487
19021
2299
10330
24099
9085
20912
9009
5550
2010
10028
22222
26505
20888
1226
30285
21727
15280
16908
1080
8731
25693
24144
7462
7284
21491
8520
9664
11322
11319
21532
19649
24443
1821
26163
10048
32663
18969
30264
20859
8648
11199
29407
27489
1872
17859
26184
19633
3435
27741
11234
26736
19848
24148
16345
29828
4482
22083
7871
29125
7515
15004
29254
32682
22656
31023
28904
8518
25635
7580
28583
31028
23829
30191
12257
25501
14801
16011
19131
7759
19514
1150
14530
31373
17466
7587
27760
32180
643
15670
21332
8599
18283
20358
23948
24071
20400
29680
21715
11393
31086
15121
12325
6036
16144
24710
21555
18745
4651
19620
7282
16910
2882
8287
10453
6364
18891
31635
14267
19768
12476
22976
15159
28227
32585
28365
14071
15478
13043
17354
3902
28558
1367
7602
9767
3195
9510
12241
22951
26877
21397
4886
1772
7710
11616
24363
12173
10992
11241
6776
22876
32693
31512
13613
24033
6749
1012
14275
27891
3401
11253
11690
12561
19705
29258
394
15503
20310
3687
14758
29972
1590
31392
19875
9774
19966
4527
16563
30898
23578
29188
19566
16778
12321
19253
15996
19229
24713
28778
18656
13428
4378
26241
28044
20763
7533
14282
2711
22889
17854
17082
27339
9713
17663
19970
30282
26885
22859
30663
32080
991
17598
13088
9370
28706
2571
3965
17764
6722
3959
15888
32620
9890
32014
29058
2311
11342
19729
2068
25014
20136
29912
22652
30105
29394
16681
32437
24222
18226
30682
20218
24719
17521
12435
17247
11120
29558
18827
31148
23987
12389
7632
28522
23050
13616
7233
8021
18942
31667
13532
18828
29098
23506
21981
29002
29471
19741
159
2570
26880
138
20623
15614
23891
379
30773
16786
9485
20239
13743
18038
11731
14794
5879
9198
18213
24288
20077
32480
27446
11306
26142
2955
30656
4555
17366
165
26691
9367
14338
1118
21952
28475
27989
11098
15269
18019
12644
16122
11214
29703
9409
13045
23800
20436
6590
16568
16175
15048
1759
6335
30967
27369
1594
21673
6249
18891
8821
17982
8326
9995
7983
20931
7767
12893
8276
19271
2629
10849
12273
11985
2252
15687
3617
7057
13089
12902
17331
20679
20696
490
29788
13973
24228
30343
18054
15236
5721
28745
10965
5833
22675
3138
4664
16135
18756
13535
12819
1485
25965
3061
5318
23381
25505
10961
23415
27243
25408
2229
1783
6446
166
2282
11036
3668
2882
10624
30112
4425
12377
344
29942
26421
8393
1821
8115
10452
16269
32379
20937
18934
9091
19731
2709
14029
7069
13742
9235
7750
32157
17450
12404
25535
22307
28378
22107
25989
24895
22953
9672
13792
11889
30125
32453
28338
25860
29971
32407
9000
14868
27132
3884
1265
24384
18510
6280
16285
16653
11138
19644
19179
10122
22769
8738
10328
15756
10911
27727
25122
8564
1277
1825
24563
11365
15308
8309
8292
30508
3112
1436
17934
18416
1785
17833
902
2630
32481
22826
11501
20717
19741
18133
9688
1550
4057
12861
31417
15487
168
3683
26499
15260
6180
9264
18480
8533
19784
20959
25258
14469
20734
20615
32659
1890
9245
22255
12915
27188
6197
20049
1713
11535
15129
7814
8365
3387
1221
27735
24467
3639
29984
11404
2941
28904
476
30437
31561
6756
17320
7979
16042
13675
29685
1818
30292
31285
16957
25253
23763
17993
26291
19963
21647
20286
30826
21023
29526
32411
3733
4826
18926
29310
22779
32604
1478
4328
9114
22149
8323
19856
27120
978
19101
94
2687
17610
26356
18756
3017
24844
21979
14773
18927
4402
8730
29089
5479
9960
27787
26541
17642
5480
13941
26098
9416
16234
16710
16120
13740
27865
22884
19129
21448
14224
11638
16445
16795
4786
13131
2203
29985
10329
21762
10403
26222
12791
21454
2835
7792
4689
2198
6210
13521
3314
6227
8560
204
4791
15863
29131
25177
20482
23719
11257
4340
4731
14642
32333
11357
27727
27308
19362
13952
17421
26497
20008
5614
31384
4998
6966
25692
11366
9527
31570
23646
13188
15238
25470
22273
20346
20898
32081
7479
11248
30942
3029
8449
2204
21983
23725
6241
32270
8459
17928
18889
14779
6423
7839
15391
7425
1079
3828
27600
27336
7148
29969
21220
22433
12085
28623
12903
22090
5673
22357
12418
24597
12710
15010
6052
17274
11216
31819
11252
11277
4271
29176
15681
27364
30245
18660
15821
3075
5331
3098
28878
27048
12142
5643
4733
2006
22214
27422
577
15349
16373
384
21407
4870
25094
30267
11631
16118
4387
10405
5361
4541
14835
2180
20297
17424
17592
11057
22008
23078
20752
7780
6837
7260
28805
1557
1206
29389
4188
9247
4327
4845
22710
29400
26999
4875
32393
30390
20870
3350
5247
21432
32725
11275
2642
2501
5281
32090
25221
22144
5119
27247
17043
9788
7301
25921
337
23480
25415
2059
7674
12909
18879
3766
27289
16051
2922
513
2862
14644
26550
7209
1887
1281
28253
21588
899
12216
724
11212
16340
10664
16575
27787
14291
30082
26535
6985
3748
9994
6769
5102
25648
24682
20489
22815
15631
8552
2926
30419
12677
1331
14396
31710
21637
27499
18713
27022
16105
7100
13521
2074
7823
25645
9651
24522
17331
22719
11615
13180
11712
16003
13926
46
22765
22644
5037
30267
23102
22878
16844
32393
31077
1630
6464
12194
2086
7061
5647
20434
3020
30531
14658
14943
22341
8255
24988
10594
3352
2267
5793
22428
21412
19652
4732
12844
3732
4400
1502
23798
1554
15374
26802
28455
13520
12707
2359
26359
24489
12865
19596
13709
4543
15533
4711
18005
30929
20994
26663
26977
32280
16792
6055
5875
29497
3064
27707
12624
4763
25593
3843
20763
5431
20573
16084
5326
11021
30780
17944
3799
29840
23834
12697
7818
4435
4788
19056
961
4778
29954
7427
4284
506
21428
22328
15295
18028
21984
17804
16350
15274
2781
20145
31530
7676
27312
27781
1860
4467
17838
24289
21504
1618
17988
22953
30162
5394
17656
27078
18654
25300
32081
12420
25910
31277
26000
6610
29257
20903
26016
22007
182
19477
5980
7495
6437
12020
28280
7163
167
15777
597
11099
13742
23538
28530
1400
19598
19521
12112
13538
12679
6852
31377
21659
31167
14693
14332
2882
1750
24645
31421
15549
14258
7436
8858
11771
4281
16242
8567
17466
7225
4013
4857
8711
3342
10843
30857
23446
31427
27968
27769
23967
11650
32525
3391
18026
28547
12751
30751
19724
22296
26464
29422
25389
27888
17287
13800
5498
9425
8529
10050
6744
1926
2997
31992
15050
1256
29085
9790
19789
13121
14680
1499
16008
24879
28445
27251
7271
14805
13294
14581
10166
22863
29296
24658
24150
26451
17011
739
13290
10212
30052
24412
12496
7063
6063
797
19840
14036
2911
18466
380
17417
32599
29571
18469
32181
10234
4345
1510
7374
9131
22892
10286
28248
25744
1551
7019
29088
518
26010
20310
13937
29937
22647
11777
7256
26441
18705
7247
22220
19603
24453
10652
29275
26327
31035
7930
19756
12908
25755
17875
1095
8971
10233
17901
8143
28789
2423
6763
13903
6322
3447
14308
4090
25273
15916
30743
29449
26962
26838
16575
23058
6319
26705
19332
31229
14952
12312
29249
9250
31985
9870
32109
27331
4822
30012
31796
30437
19447
3323
1275
20270
694
8131
11521
30787
23473
18307
978
10831
28279
29242
20815
21804
13018
26256
5191
10170
25386
29750
26129
12584
5387
2481
32213
21908
16207
23469
2790
29596
18898
4780
2881
14301
5599
26982
30623
21057
22307
21484
10647
18561
26308
23041
10761
6968
30482
9875
20137
18046
16914
4897
18994
25649
23658
23630
22506
13206
963
31814
8663
25435
16527
6811
10633
7716
8258
12680
24143
16728
10646
10119
19877
25084
18933
19652
29058
8871
5700
13098
23452
28404
8144
23508
17261
27564
8748
4606
6056
15057
24995
18933
26467
28792
25726
16215
22644
21839
27371
6019
6688
32182
6229
15929
9938
32354
13642
18304
30697
12852
30708
5539
7035
3736
10917
30245
2659
32763
27277
28500
9226
19615
8485
6198
19709
10448
32530
5237
31731
19669
6872
877
19937
11945
27821
17674
8878
7864
2715
25721
18724
3159
28322
22820
4906
17153
12389
23677
15934
20578
31391
12776
20537
21117
21830
6975
14367
21770
579
19848
2221
2220
15861
29622
9733
11637
10195
8502
6508
6012
9306
5838
9375
23234
27794
31633
13310
12262
14592
26806
4943
30069
21362
14006
23278
9380
21079
14022
28321
15438
2393
7842
1799
7878
26274
7317
19871
14953
9013
13937
18931
22506
17335
31244
11223
11489
19512
27011
3703
12311
23759
18585
5524
30380
83
16489
17646
23273
14936
28213
29713
11639
19381
18138
5372
19919
30633
23805
22278
10864
10198
28474
26720
24712
22981
26539
26373
3980
32588
17894
14972
6383
9889
23295
26506
3253
13645
17971
15420
17879
17195
17814
30224
25338
32463
20727
29115
7388
22846
4290
30615
23162
11523
20464
3752
2324
9501
24268
11633
15502
18918
6813
11179
21921
23045
28167
9350
25076
4108
24195
3580
161
22260
9391
25581
1825
5911
12172
28070
15319
16792
27650
509
20858
22438
5633
2217
13114
13743
30945
7987
13255
18397
26462
21206
28962
26611
2761
22833
1881
3499
14843
23623
5532
24428
19225
24075
18716
1667
19207
11835
25471
31333
16650
19140
27145
29361
20445
24258
30645
31440
9273
27472
25867
9379
679
25918
28899
12850
3130
22417
6480
20260
9099
11259
23068
9069
15777
20812
7058
4519
13950
14223
6510
12674
30277
26729
885
19944
18888
13208
18460
18663
23727
23170
13661
26841
12475
5083
31196
14373
28107
13772
21192
26768
31827
10677
22512
6760
24484
23399
29398
13816
25847
29165
24337
11982
32731
15330
1488
12712
30541
13340
9606
25914
4172
26175
13697
21388
19253
30972
11352
1222
31473
20454
440
20007
14954
29079
1793
654
2331
16285
2554
24719
4615
31374
18776
19710
7885
13693
1779
10091
18998
2844
30769
3120
16208
10107
5055
24941
29659
14805
15541
27748
16803
8070
6711
12740
997
14244
9845
23542
7480
22969
24057
8785
3683
28294
18023
17551
24804
29135
31960
12557
1315
29215
16454
26490
27741
7539
30032
17127
13980
9954
29715
21249
6702
19797
9400
5607
4815
27003
28878
29424
4294
21809
6523
6214
11345
19180
29132
12129
10417
23759
30455
7742
32180
28668
8352
23466
23509
12662
13910
23347
2349
12260
10390
11195
405
9897
10661
23013
19651
15634
22641
16980
22936
22760
30309
22019
27699
20894
8470
5370
22591
29083
18451
10947
20276
13305
22650
9785
8504
6564
8742
29707
13343
29797
11028
4037
6499
12654
18797
11150
27856
5614
10455
24638
29138
1602
9076
4519
15708
22040
11714
18658
712
4817
1985
10255
10824
30907
13773
24678
25111
30943
10095
24912
17743
22510
20012
30614
21466
7277
3059
16080
14897
2135
31471
15747
19858
18427
13423
24840
19733
11735
8838
2415
1568
2400
9375
710
18483
2915
30853
30086
22795
6046
7155
18065
25330
6789
4687
274
1705
22828
17694
12068
18370
5785
9360
2652
29001
12618
26190
29080
13015
8123
20971
27720
10591
19396
23472
9395
27494
27247
32220
28440
9945
28165
22078
24852
1297
29420
17124
23543
19693
19486
24819
11870
31128
26906
938
3002
20582
5357
9445
31918
20217
9675
23021
14818
30799
28615
25264
16671
23781
18571
22413
22446
25689
10545
5942
14590
1088
1725
5013
25261
25880
3323
8315
4905
5218
5163
14471
1451
14260
24924
15033
28815
11840
19170
5069
24812
3754
13530
5368
3404
9420
7773
7186
27551
21399
418
19584
15230
5210
28645
20955
5239
3571
16921
24585
6318
2298
5512
22501
23196
22334
20574
23622
7295
22845
19275
24432
4453
16696
13445
28210
25142
20675
12402
19029
5111
29663
17375
16754
25208
7726
29836
12283
12255
25905
4365
31388
26209
8032
18712
9813
5601
27208
13658
6408
13127
19882
29556
571
1731
3203
16166
24113
30521
20771
23128
1961
943
14780
13792
27249
32234
15717
14601
5658
12541
5856
6290
7485
13768
13362
17394
1656
5197
8748
1147
28085
575
30200
20550
13962
12746
6348
10855
4964
14698
21919
17208
6874
3277
11954
18285
16589
16345
6491
4780
1456
19131
16956
29133
28282
27101
32265
19061
26388
4627
3626
30933
3094
5909
12009
8319
17139
21872
11375
31717
10038
10368
32082
26111
20964
31696
3504
26438
5700
14972
2777
9614
6408
11317
28342
10962
15041
14119
10114
7624
23460
14072
31307
30913
1089
25761
19736
18237
22618
8287
1195
28810
27817
139
2425
6492
24899
28598
28970
19267
6722
12709
19835
30683
30691
28768
24928
10167
30539
3605
32291
20810
2334
12940
9306
22575
25301
14953
18694
9599
5234
9225
4035
1120
32071
18969
13155
9454
27447
31801
27328
1799
10208
4675
740
13185
14448
7191
22048
23421
5531
6558
31031
19711
22282
15514
8745
6325
2129
20911
1011
13650
27189
21523
5186
23431
4815
227
15754
12748
3643
19172
29916
8600
8702
18816
3347
21829
9926
28380
22779
28157
23823
25092
4041
12604
29828
30290
31693
11022
25386
11863
28486
25873
135
1488
21245
5392
19174
18207
12997
26759
24118
26682
30367
9980
22235
23741
30613
28340
20816
7022
17980
17818
29743
16349
16194
18180
11110
9108
32403
31804
480
22753
28765
13846
7716
9923
15454
8526
9411
25638
3786
16176
1258
25765
7243
12674
22599
15589
29543
6948
29329
12658
29085
10869
29589
11108
26341
24765
22375
5849
8006
13599
1476
30717
22223
14214
7121
28395
12599
11348
31366
32767
22820
16902
3099
3026
4089
11965
20885
32756
1985
11973
30633
8302
12335
4213
2154
28300
17613
31364
8598
1884
25353
18759
32345
16155
32418
21840
13787
32356
25621
24563
28775
8173
4360
3555
21512
2778
17645
1850
27480
13625
13357
19290
8438
17045
20621
3145
15202
11988
5805
3252
9237
17713
18043
11375
10134
27017
3770
16081
10086
19763
28337
20250
11599
26176
24424
22922
19002
2866
21303
1247
29160
4128
2863
1500
22907
23959
19271
11241
4926
7430
31672
135
6608
20011
9129
19177
11207
5419
6271
28921
2512
26830
11165
22211
5778
19190
22541
8694
30274
6750
21419
4128
7917
3965
8328
28434
2801
31374
27646
7625
19997
10031
30940
27906
32020
3962
21354
4421
408
26986
29628
21151
5576
18010
1180
28422
11779
20443
18691
11276
29771
19977
5180
21496
20146
31652
29475
19269
3504
6889
25766
4523
12616
11219
27733
21668
11836
7286
10241
6281
8404
20537
28654
13229
20422
10267
6628
2043
12319
25930
30678
11164
23237
22660
26169
812
10308
7541
17559
11149
16642
31955
17155
15203
27344
13012
22589
701
27172
26436
6591
23173
8849
12910
20596
20437
18524
16700
19419
3081
2786
4152
6341
15603
6074
23121
10929
19432
2310
4730
8843
1728
27152
4831
16261
31700
8642
17289
341
13095
5654
22343
9952
18961
22365
11103
11912
9812
27565
19511
17644
5449
19055
19107
4169
23355
12958
5734
19924
23019
21435
21335
15462
32483
14574
9369
20516
12116
24136
28170
10481
18968
10629
1628
4324
2816
4447
21004
2222
3202
9875
8200
19822
12036
24736
31811
18535
12384
7477
21995
6967
26898
812
20570
25687
14028
24245
18968
27740
17690
8689
13067
27478
31244
26381
6713
28560
283
25097
18790
31606
21750
8420
28090
21185
14710
8127
1393
26300
8080
18818
17749
29915
16495
14321
31184
14565
1212
27446
18309
8036
24971
1874
1267
2842
27892
18800
11322
1007
16652
2622
24060
8590
6147
21475
27880
26005
3175
18835
2812
15171
11199
31015
6517
12359
2930
1642
31694
20524
28714
24789
6396
32475
16795
255
30246
504
9349
19170
29383
30538
15556
29554
9767
8382
18837
18704
18064
20607
32243
14689
8421
14972
26261
6086
18582
20260
20008
11745
23241
9402
27742
8242
11606
4779
28184
8080
13396
21597
20585
21978
24172
27820
9255
23736
11546
28209
14400
25618
29078
17536
11428
11787
9484
5885
20825
27510
5849
2799
20505
18698
8881
21997
10214
30667
7284
14929
22186
3110
18116
31200
14829
18660
2764
9042
6191
17762
2019
11475
27737
29242
18419
16354
12539
16951
25476
2011
14758
1774
24056
22517
16639
7049
23337
22282
15809
7167
19237
2351
32224
18119
1541
21765
23607
7223
24013
7403
17007
27705
9295
11691
28729
10607
24666
17584
5303
13984
8643
9461
27759
5754
31890
17600
19247
12471
7361
4614
27525
6725
9417
16492
32703
1800
7262
13299
16580
24977
19138
9831
2433
21668
11656
26297
3965
5040
27026
22408
26251
11457
3632
23527
6667
8916
15864
32544
30671
25756
8808
28437
14492
21525
13273
19438
15733
23463
11209
10506
26226
11045
24123
25386
6590
10668
3978
19291
32404
5321
9937
9743
32668
6276
21754
270
9528
3632
7772
31397
11946
31760
21882
25653
14821
3582
26590
15461
28624
9498
14407
27817
16316
25000
11374
13996
25990
30575
28772
31623
3680
32386
19003
25891
5279
11547
6453
12771
18067
19403
29610
9865
24824
15569
32089
1232
20706
25327
9117
6600
922
8241
13043
25869
25060
4487
30305
28956
15780
27873
30794
2206
17348
294
9341
19664
8033
15990
15590
20225
21136
17557
800
28179
14131
8930
17251
25548
30582
23171
6627
26811
12705
20355
30054
9923
18450
22265
8100
18864
12884
1960
6543
12408
15008
28924
28971
8376
7111
29153
10383
2163
31211
27025
19003
24266
14545
28130
13106
3365
10649
21051
5894
27991
18025
19340
13735
5595
21549
18650
28953
19069
24047
1381
13637
17066
12745
28074
30809
30995
23833
19540
11283
28238
29162
10361
15761
14354
25401
6154
19724
5266
11790
8411
32043
10382
5826
19485
17449
18913
17539
28100
2243
13616
5693
32735
17726
15229
22190
4855
29658
24435
2925
8976
3856
15152
5968
9978
14289
694
14527
21783
11951
17226
27171
31930
22639
7653
31076
13221
15076
22522
24160
20503
6885
28118
19770
17450
20338
3504
27943
1432
20254
399
26129
253
7568
12879
1257
28349
22918
3752
22135
20798
113
2954
4305
11331
4118
15272
28053
2153
19267
3854
19609
21259
18647
9590
18774
18130
23538
3906
23595
21311
23590
31390
19853
27302
21304
32477
26992
26899
10458
23353
27293
10155
21159
17670
13007
3473
23852
28050
29556
27360
12870
19145
9364
11196
19312
30995
21773
18278
29205
17868
15387
32026
11571
19867
6155
12615
29974
8821
24583
22326
19242
23490
27264
9956
9449
7303
31013
9559
10574
8429
24542
29446
1242
21449
27627
14444
9838
21367
11303
7768
1471
25398
15580
29475
3245
11068
9354
4989
30423
16211
32168
21399
17828
27748
9411
30425
928
2404
29126
20193
22663
11987
709
23350
18081
17434
6709
8002
23185
14245
968
31043
32300
1583
722
8661
13562
1834
26849
25081
10191
12498
15034
9692
7704
18052
30531
12167
13772
25010
24271
15621
23602
30825
29997
8299
17931
32380
30436
3665
29828
22059
3869
16365
19881
11414
2071
7657
15230
22576
13644
9905
8605
28405
11809
30944
26564
17788
19172
11161
17204
21602
19627
20025
32494
28573
26648
25094
5803
1835
8818
30955
27509
24023
3149
2443
26540
12832
8552
22679
23514
20164
32583
16295
26198
12820
9320
13685
10539
3793
21909
14701
30753
4176
14965
12976
5950
31912
20943
11407
19020
17253
3385
10172
30005
29600
1211
4533
2525
7413
14489
16098
11964
5474
5964
13855
13589
17771
9467
31031
24364
28227
12688
32624
19150
17186
19975
8283
4494
3084
11890
2900
12605
12003
13372
925
29933
10785
28439
1816
12946
24441
19499
8868
601
14436
23663
877
31107
27389
17427
734
6199
28108
17796
27252
15635
12278
7829
19664
24769
25689
22279
28354
9195
31312
23133
7669
32569
11249
16312
5415
8137
25302
4393
8340
26645
20462
29569
30691
31602
21612
6308
12301
26613
12193
10791
22137
10451
9170
1650
28999
9547
4042
3265
12347
31370
26111
6249
1965
31918
10192
31377
25952
16150
5574
15206
10559
10010
21520
28315
9722
15227
15599
8893
27637
28975
23825
29615
22091
10502
20698
15419
11300
5937
15940
5810
17976
16347
6386
18970
27436
14613
15442
27568
1001
4305
23240
7212
11830
10610
22755
4953
1502
16943
8247
15138
29602
9403
5544
15182
28187
13680
6245
23635
2837
5029
4671
28163
13652
11186
11829
10827
2063
13063
29633
26518
32473
9651
9393
18297
24470
16667
10756
32552
5936
31116
4506
8733
23480
3016
24173
11235
28507
3348
26390
6179
32496
13217
26902
26203
2103
14103
13875
12230
11982
20143
17889
6298
31965
21028
28082
15715
14506
11562
20740
31345
27081
7975
30634
6709
24045
8990
14286
3035
32288
26191
13640
4338
30883
10676
25540
16336
27460
14297
4033
2694
19946
26830
20376
21335
14349
2364
12363
2514
10383
28048
15312
3223
21778
12152
15660
28792
9752
31039
24991
32218
5738
22536
12327
6686
20039
12078
15968
7413
557
15624
21696
28961
25762
15883
3545
18759
4939
23362
15747
32001
14197
8392
9362
24926
31750
28432
17451
13085
26958
25055
6980
23189
20032
19685
25502
19435
31708
16264
30227
21300
22592
4206
12825
6339
11383
2936
5161
19011
13190
8646
26937
16450
11262
13285
14631
206
4678
9953
11308
4863
18597
23846
18943
13392
26106
23666
8971
7917
1304
16893
9958
10486
30674
19485
8229
18900
9361
1146
21011
2001
3960
19972
11077
19569
3199
14540
3431
2012
17568
17894
8069
8988
10783
17698
3223
28812
1997
28674
21037
8738
28070
13018
10726
2320
18593
16923
30171
6692
21716
9545
22944
24756
28487
13683
8686
12212
28886
2029
21968
28556
17424
6879
7563
19729
10825
11073
7943
16223
32558
24358
24944
27108
4966
8980
622
58
23270
25613
10145
21528
219
7687
5283
8506
7931
10725
2176
5645
13725
23882
15445
17233
32259
17806
6412
23195
32622
14675
26652
5300
31254
11229
19819
30342
10884
21773
4762
4500
6249
13791
20842
16463
1146
24665
31612
8512
21275
486
4688
22413
1240
22798
31121
5181
18097
20547
23626
5308
10480
29492
15277
1276
4454
59
5169
26387
28563
5572
20589
28845
22541
603
25300
15636
11165
28185
17453
28233
8753
10253
17662
7387
32089
22940
30874
21689
3887
13433
12536
29206
17530
1395
30079
191
29361
24559
25266
11196
31207
8619
29090
14691
16357
27550
32391
14342
5608
4223
27606
9571
6072
21888
8882
951
12632
702
1514
23098
7864
7782
4976
2629
12141
17352
20935
31731
18199
17124
29829
31919
24243
28423
31487
24404
27131
7196
17684
23370
29903
17002
30071
18380
17153
10382
9284
16199
14783
29911
29558
14690
11033
22333
31553
4340
17470
1021
3486
18509
13831
16667
24362
15527
1387
31019
15766
9951
31638
28178
19143
318
13535
8594
6749
30636
23535
9802
25161
1431
25625
11166
6547
17080
9772
19882
31952
11710
10162
28027
27706
2897
12469
29345
17217
4960
17289
11970
3137
27706
14297
16370
24617
12231
23411
21667
3270
27088
10743
22693
11273
16063
29337
32730
29746
16517
21044
31435
28937
9472
32180
29832
30345
22376
16588
24009
28461
20358
19064
19626
14967
19546
18089
14335
11777
12411
616
11996
16389
4402
8193
26523
31748
364
31499
28864
17460
14684
4093
10757
8359
6370
3640
13951
12007
27657
7154
25719
30182
13156
8431
20517
27220
22911
14197
1170
3224
32186
21588
3897
31780
28187
23846
20090
6941
2158
1114
5975
2671
30627
13646
31490
27800
14182
32094
28168
26106
21479
26880
3046
23494
2647
19955
16568
17301
15464
24922
17990
31619
15771
15376
19706
27344
11307
10864
27375
30865
4193
26209
12506
10937
21286
8382
3967
30054
14607
4258
30565
31904
23612
15367
29923
1775
15308
10119
13093
18475
3985
13834
24316
7912
24119
13795
9234
31144
3390
21836
19594
32386
13006
22645
3523
9503
9883
23431
6338
3333
28635
19347
8935
773
7773
13934
24561
24317
10048
11203
31899
25632
27702
31860
25745
14626
21061
17524
11377
10059
15127
30884
10451
9108
23797
22764
27040
2086
9535
23015
31955
2735
6172
24600
2317
5477
8631
8761
8029
9180
5434
23454
7578
17859
21825
21068
261
29356
22718
18181
8719
16816
25473
4329
25453
1369
11186
2094
31242
10818
3583
14032
2615
31963
17908
24464
2704
17785
20608
30854
2477
23310
26757
18197
21724
11710
31958
24929
12690
12759
6853
27272
16310
21808
14288
4448
13917
4214
8019
6544
27851
8591
592
10250
10799
13639
9201
21853
17107
13224
17152
17164
986
26023
12246
13183
6098
21381
5733
18125
14988
895
30571
18460
7690
17747
13101
6129
605
24064
26928
6896
7570
27485
17332
8583
18339
26365
21481
11694
21452
9015
4827
13482
22743
14475
27480
19063
20715
6907
8334
1726
3546
7992
24383
24699
17113
9894
17138
8821
8600
29949
19505
27209
23184
10019
8123
28122
9021
5234
6711
5412
17330
10334
5175
5917
20451
30467
5398
15902
22417
23190
4105
22097
22331
10963
7460
2231
24302
30044
3339
4872
18015
6647
22266
10074
13560
1490
15271
24878
1906
4621
4449
25066
4676
28812
31170
15104
9566
11228
9993
10694
721
10319
12372
39
30799
7064
9218
23928
19732
772
16606
6110
31918
31359
20730
13956
18974
12873
31480
12126
24861
22552
29662
22510
26323
21428
24649
20401
24609
32245
21375
8395
23230
23898
3050
14774
31205
19176
2424
14615
19994
3494
24391
80
7400
31945
11706
8371
16748
12670
10782
6556
25822
26485
4411
26328
14138
29861
26042
20338
13642
2326
18283
23308
27154
27841
845
22178
24231
10320
27979
24244
5802
16494
24645
29716
28845
8110
21073
10647
18137
10821
12231
30844
23491
8381
11525
17100
24418
4469
12693
11476
16178
6285
17047
16170
31756
6570
4224
26075
27162
25891
16714
32621
2689
20291
13803
15032
4384
6227
32053
6500
32054
126
2149
6277
31716
2764
18286
10956
14336
5092
25748
17302
22074
23859
4896
4469
9050
27153
28261
17978
3035
7760
21357
23438
3735
9692
24899
7260
1324
16696
22561
32754
8762
5034
8143
1825
3549
22256
4245
720
31992
22190
5364
4001
19586
3013
10596
5180
27245
31412
12279
8602
23867
9075
18359
1724
10335
12343
14851
706
31648
23515
5842
24794
10564
17136
12461
21335
3020
13206
19874
11969
16385
26956
10834
27177
23444
29054
7576
19553
20506
13469
5518
14734
243
28457
18579
7511
14958
11077
22830
3110
936
9166
27336
322
11791
11266
6975
23332
24597
20645
32463
22424
16495
20038
9396
31652
27092
1336
25353
14781
32488
5800
7849
30212
19273
3155
17235
2518
26175
31237
3963
21194
12132
12095
17245
2118
14152
10176
6750
8574
24709
169
11186
4204
10180
12825
7782
23017
5496
24661
914
5127
9179
2486
19773
25845
18323
5132
31451
22717
10671
115
1546
27385
4924
32342
29014
24736
5552
7589
20532
12796
10468
14404
10260
12750
24789
16304
29976
13497
13892
8437
22434
10246
7109
16432
3796
4404
21496
9675
11870
28557
16972
14286
6216
19900
31823
873
7164
30181
14880
27647
5294
1640
4254
10203
18157
25872
8233
20510
18743
22856
13882
23989
8745
18362
20765
2809
28814
20218
14398
5813
28064
29915
6143
30462
17463
2258
17133
15284
7073
25936
20047
1018
10355
20915
12663
31080
7043
27518
28694
8163
32635
2071
31423
5546
2455
28778
27560
31717
28081
29761
31611
4072
23255
12882
27361
21894
25177
25135
22953
2561
31898
16132
6528
3248
6040
22284
25482
2081
18072
10127
6052
5320
18077
21241
15803
22962
24239
30536
14151
11303
9400
8251
32289
19938
31260
26527
25810
4651
13329
1640
1627
29139
17142
26505
3315
298
9031
3527
28921
13411
22368
27124
27546
9933
10358
11820
11216
11733
25063
2181
13274
28308
15519
20986
11778
9224
13579
27768
1793
9931
13097
2663
14184
17809
13008
16416
3382
23289
451
27127
31473
14407
17913
22894
8044
4069
3524
15856
15606
22579
24581
9552
20085
4409
2602
26242
26335
28294
17074
18488
30242
4393
5545
25891
12698
18092
29178
6049
9449
25210
11282
19574
1392
5412
18966
21259
22215
11412
19182
21219
24419
9446
28859
18236
1058
12933
29404
12405
2010
21008
9582
1650
94
19439
20826
167
17808
4744
32421
20074
30956
20959
26161
25552
6954
6547
27297
18350
13738
2827
13975
26947
29463
11418
8200
13582
21820
26939
25994
3173
27770
20163
17732
29132
9972
29978
18361
8787
14682
26890
2862
18982
11781
7112
1701
15724
26855
4735
8594
7304
7949
23792
29703
3393
28372
3115
15147
30437
14073
22849
10316
28318
9291
10838
28246
13219
28768
13843
31476
9631
23625
18213
17532
4692
22490
7707
13643
5495
6906
8332
27569
28885
10664
23721
26237
21783
30348
21328
25183
5442
8717
13949
10275
5338
4424
8610
13552
17983
2531
30410
31055
10434
19337
7683
22893
12853
30210
31970
29251
3108
19251
3927
8086
13458
8602
32410
14818
31531
25451
145
22705
12544
31115
26727
7990
21112
14708
19807
4376
2736
27967
16917
16324
19629
24908
5898
11323
22188
22655
17874
3577
25774
3350
6297
18186
21201
13842
27589
8190
27755
22407
3322
30067
20605
17773
1588
8333
17304
22784
17995
25744
5149
21659
23434
19879
28281
22521
852
27315
10954
1932
15568
21332
30710
18038
27033
29806
29054
25071
18489
23514
18430
32210
29833
15761
19342
29577
23433
797
11547
25480
16791
26731
10812
3423
28409
22515
19948
29181
27653
27704
6586
6760
25543
30606
82
16469
31845
31282
12733
26608
1612
14423
8155
3893
27000
13065
22274
7680
30219
4435
17320
3124
21618
12752
969
28655
17260
31713
17936
8454
32445
7436
3238
27874
10801
23742
15263
8069
13871
1660
21656
9231
6350
1852
18302
24256
10162
21978
19224
2816
13163
30774
11837
22559
24022
4121
25955
14181
20794
20298
13295
24524
8911
15526
10035
17945
20937
31703
27299
23401
15843
26936
6510
24439
21429
17630
23244
20519
10714
8590
6830
31871
10120
1695
24213
31802
13357
11494
19058
22277
12630
27925
2120
26230
31426
23518
1467
11020
30881
22310
28297
32426
1486
15827
4366
31032
8753
30209
7968
30427
4421
17388
170
27749
6061
7802
18049
1047
8821
12396
27254
27235
22901
28995
27273
7240
16409
27837
21880
24370
5597
26822
9636
5760
4420
16950
21941
1689
21220
25202
29334
3456
13847
1759
5349
5544
7898
9783
2475
228
1799
1439
3421
26443
24922
12566
25980
3185
13191
20408
13490
5432
11723
28813
743
6205
28674
25663
12882
32237
12054
1110
30915
17201
26679
3339
10550
7465
25397
19392
15153
7398
32130
9165
14892
6623
15910
15419
32431
26672
20263
8735
30293
28130
19719
22388
11951
682
11424
28269
2321
5540
12693
13960
22160
21656
16789
10011
1813
15115
3446
26001
26375
13895
31819
4844
3164
26934
10887
3248
25942
7498
10414
2742
20217
16677
17087
120
29744
8369
22234
20777
2181
25547
17195
28000
6452
5554
9459
1755
27103
1413
14972
15807
12346
22406
5014
23155
31903
31677
15025
9371
27084
355
13823
21343
14920
20198
32220
7144
31459
17326
616
26538
4022
298
8219
25514
3323
7008
18896
21062
16384
7838
8986
10550
17811
13000
326
31235
20422
21697
5030
27420
22856
5617
22271
12879
2247
26071
19281
26077
22471
20609
17532
13870
22052
30144
6516
8845
17139
24342
1359
15889
13494
24911
12009
27844
8117
31146
28286
19253
1732
8113
9960
1959
3990
12838
29974
19221
9167
17471
3720
16080
19069
32237
19614
30671
16429
16120
5214
2313
26035
723
28299
21018
20275
24915
31229
22540
25262
15144
30149
24204
9706
27787
29837
2679
3015
31417
13341
26920
21280
16773
30334
30044
888
22960
5679
11992
23668
13970
2165
5136
6843
10770
12086
10606
8371
24302
443
10720
6658
15938
24858
22772
12652
26673
10155
8706
4630
21106
5226
10695
25352
7085
29066
32057
17766
12868
23401
6475
26386
19381
15666
22429
1484
22690
10122
26589
17547
29482
18264
15106
30077
26999
11403
16088
22539
1323
32503
9780
11183
13068
5781
26876
24293
17885
9088
28530
7114
31728
13014
2521
4429
6780
18495
8218
30220
29463
32627
31381
4949
16752
30213
2926
5075
16367
23673
15504
27806
28036
1172
29560
590
26417
20570
19960
17243
8103
21209
3255
187
1429
15021
1344
5931
21547
28236
29214
18323
23861
4309
31515
999
28299
24708
18417
6074
22061
14192
14216
11385
20331
30058
6062
31585
7832
2761
12919
1412
13764
18321
32308
21243
4275
15135
11021
1367
12994
6820
25423
20195
2964
26832
12556
24707
2936
13669
809
10914
4858
13265
17735
22757
7363
4137
18061
29959
30857
2408
8138
31632
20762
21141
9921
16210
8786
8456
31868
2149
10259
15427
14727
8154
1525
17069
17799
22335
1480
10263
10085
2193
20954
750
8663
6035
14999
29518
7928
2406
18882
21930
7414
20953
2001
21122
21752
28681
27483
5192
8710
2516
11821
18558
21547
5644
15873
15812
10687
10281
7657
22845
30329
2857
21055
16926
7075
590
606
22908
23704
29176
2591
3689
24353
2856
26993
7908
5976
27042
13973
24948
24019
11879
19434
8945
27585
8197
24037
7359
4349
9961
1148
19525
27773
13569
25334
31050
7283
31708
27619
30935
20611
32283
25597
24602
18175
59
6821
12742
5142
6265
28588
3897
26888
30027
1431
2143
17415
27540
31983
14773
26788
20222
3292
14725
3125
1767
24305
12769
7973
30550
30393
28038
27932
24163
7628
27014
28735
12344
3757
1687
30567
9990
31524
14833
25977
6869
4539
26992
7261
5872
6993
22024
8150
16157
4265
29400
24291
18465
24712
19712
27306
23588
20886
10769
25625
9512
3900
14927
20294
18936
8902
22330
13748
17803
6176
23183
8117
31324
17155
6319
3021
6506
32184
7217
19084
16496
3556
20747
30111
9594
22121
25776
10631
30750
28249
24997
3525
15992
787
16989
14951
4485
23965
11049
18277
13226
32552
575
28587
10297
15922
32637
11386
23127
11048
9537
26121
21201
28712
1538
30698
1053
24120
5796
16827
1665
975
32044
6914
17750
14568
30585
654
15024
15721
13059
6299
12458
12397
10453
8615
24594
29575
4205
23105
26095
25879
26518
9285
4452
12565
31028
9831
29293
13910
16645
16644
14475
26563
30817
7187
22390
2226
4415
32088
27391
14307
21067
32465
1464
2677
1696
2705
8782
28284
22389
12149
31719
22511
18220
2188
23994
23809
14905
18391
25304
4978
32608
28517
17576
13668
18070
7226
28810
15484
21352
25399
18698
32532
12956
23484
348
6262
14209
12452
342
17635
9588
16277
1813
11597
24759
7134
17083
32015
22876
15267
20082
10881
25273
15378
30148
13231
18306
4029
16552
21894
8140
28798
7771
4381
27377
5007
6124
2711
1381
13796
12954
29788
28880
1713
13916
8275
8420
31212
18131
24596
12466
23013
11384
29854
5433
5452
14025
5521
1986
16519
27802
26967
28772
2646
24305
24888
22352
18610
14534
23774
24661
21619
25372
27433
16857
23669
31840
7537
7381
12696
24714
2005
32690
26320
19448
10984
2971
20898
15828
20312
19113
29867
22198
655
8554
18650
23901
30323
22628
5151
14051
19765
10498
32401
13340
20718
70
25440
10087
1578
12500
9565
3226
10846
17997
19426
10344
28979
26193
18491
19231
1465
6587
25415
22699
9181
11521
19965
32496
28640
15990
24562
555
21335
8813
12179
29361
17114
10942
5994
16586
13725
25266
15144
13978
24211
5949
12390
21845
31325
1954
20323
8160
19586
22189
847
25968
20986
10247
18864
24643
19568
11221
16308
28058
10863
16336
20854
31357
26350
14216
10910
7882
22616
2693
32096
31056
13815
28452
5538
27535
13591
20688
1472
24080
18929
27504
25985
17847
18520
30872
6693
5610
16419
12556
8181
8801
20791
15690
20702
13855
11953
5439
22542
334
2399
7230
20349
12078
16870
1349
5199
14665
10958
29466
2405
13096
17851
31047
6719
26882
10073
22438
31298
12589
10243
2806
9722
32465
31511
6104
27438
15072
5114
5674
10463
30816
20893
13236
22768
15645
31136
18549
14010
26804
15863
6465
24403
30674
6851
27200
6641
9219
5904
18995
4996
2694
12297
12909
29738
14173
16580
31443
9320
15999
9275
2873
23003
22335
32637
583
135
29009
23949
21078
8678
30867
12657
23860
2730
5826
25157
23691
11781
6044
818
29122
16496
929
20651
18438
5772
29973
12495
16477
19287
26151
19888
25425
6374
12515
20317
516
17708
16601
8338
2379
5194
28237
8629
13982
19973
28363
5214
29317
30127
11037
25304
17106
19307
15864
17945
21109
17566
3692
8496
32215
27212
21550
1907
13074
12668
6713
8738
3109
10343
12239
16713
689
9033
8122
9058
24900
12234
10290
31738
32263
3501
32003
27574
6232
28593
11205
14753
6858
18045
20076
1507
21686
2447
8441
30449
4406
2701
14408
27844
810
20162
16548
20702
24212
21942
18442
29607
24647
4524
21207
4558
12378
13099
12499
27488
18817
2728
5004
21101
26063
12660
12762
16795
18464
12785
4969
26844
202
9874
18608
15960
1870
26678
31139
20137
28776
19055
5285
17442
15415
25261
5646
2672
13581
16944
24381
14826
18198
16674
2377
11990
5279
8223
15934
3765
27270
8778
13132
1463
25311
24658
16080
30227
13591
21495
22232
20718
7921
24225
7451
17054
16657
6356
14532
4413
6591
30566
29023
6602
25952
17841
32156
285
10474
7991
10328
25100
24997
1253
8842
25559
28707
9119
19216
22797
10356
29892
14969
29888
29912
32319
27687
18885
28331
14994
15672
32441
12260
20157
23157
581
5007
27768
29699
20988
32292
24588
1190
7917
16594
3174
15453
30206
15971
8066
6284
18785
688
16974
7959
19228
24410
10824
31070
21927
29556
29581
29286
10339
6428
20957
26414
22118
5199
5547
17159
14795
15257
7503
27605
24542
3780
6747
16869
26606
4048
3187
20763
24177
22688
22226
11215
5186
18882
26776
2209
27422
29282
19305
18298
3641
9741
32759
29922
19942
28607
27398
7544
855
2412
15722
27797
10498
5702
19861
29414
2949
14870
20882
24920
14284
29584
25561
27680
20336
10270
30196
27452
20781
19697
30397
9749
13738
20196
13956
19272
19258
7831
14945
5122
31779
718
4385
3068
17253
30131
9252
9286
20039
13791
19722
21690
26555
23264
9964
1535
16029
14395
14725
27709
3848
4021
13848
5624
26483
12024
7014
20964
26556
7199
5264
12912
15328
27482
1683
2096
126
8251
21064
11200
9998
22904
24438
29491
30313
17667
20315
9536
30211
5083
9777
20428
19555
16329
20525
3278
11991
14548
19753
12464
16250
12710
3631
7438
13423
32164
7806
16982
29953
21760
18060
32346
31185
11394
27093
1560
32100
30024
13378
23365
6803
26119
16165
18276
19564
594
7794
19658
24260
16962
31596
10945
13888
7199
20681
6305
2861
32236
20155
8681
32590
31994
17372
2499
6738
28288
15460
4643
1875
25357
13980
30399
28209
17620
4796
22043
9006
10330
32084
21661
21624
21231
29131
30597
22858
25656
22959
25283
1889
23867
7535
27667
11248
16986
5306
24452
6573
29202
15821
23786
20799
14157
25118
22373
25021
32744
14303
15476
11079
15843
4790
17656
957
15849
24343
10816
17918
6869
17658
9524
14030
15548
14501
20891
29627
18148
9305
5453
32047
5677
28998
7067
9496
13185
13867
998
32607
12422
32303
32677
460
8104
25965
12685
16372
31255
32080
26147
30600
18046
4508
14770
30605
16734
9353
21636
30518
12865
9607
8463
5732
23308
2465
19085
8066
5755
112
24264
26486
10885
11974
11400
22721
6811
19088
13814
32196
24862
30039
30362
27600
20043
31970
8464
8586
449
2179
1755
21976
31848
18355
10001
23208
28616
1443
17290
13588
10140
4823
29884
9160
19759
24418
24270
30213
20381
17755
24533
29507
14156
11335
26565
2705
13272
16561
21230
8888
29213
9482
4032
22841
29775
31602
17233
5927
22474
637
29523
4442
30011
2362
25868
18086
8724
32373
31014
10833
14808
12585
28071
14231
14465
1402
20518
25600
3780
17379
23728
3170
3839
19063
4046
22012
22139
10422
6108
9833
5989
6393
28921
7266
470
12679
29879
29496
18068
23376
15262
12529
7712
17677
10536
9113
16172
26324
31705
1114
28828
6304
19293
7076
16443
5499
2833
27522
21722
31864
2655
5856
12137
20447
5946
15802
16505
3480
24880
10902
17671
767
15883
22110
31236
8156
24243
26431
18206
29813
29487
29401
30871
29109
14940
24170
30814
4285
2342
20105
2208
22305
28803
6926
7432
11792
15159
15902
6177
21696
31183
31270
23855
999
30895
25287
29388
8946
29795
12261
1229
30736
32346
25030
4919
13713
24411
27232
617
12541
5831
14035
31583
14784
1878
9758
28715
1058
30803
26522
8320
6461
7976
18616
7905
187
25254
24374
22133
2737
31977
30930
13303
28519
11168
25880
18959
1121
13505
24778
6121
23021
28103
14710
1383
27208
32284
4515
3247
9518
22698
1145
19196
32391
13917
13401
14977
4763
23766
14263
9125
19779
7040
19749
15766
468
8714
3534
391
31092
10254
23360
20379
6357
30023
4169
8627
28785
27064
4709
3153
27332
14571
30585
6002
26333
12633
6309
23374
21811
31518
23395
21118
20361
2342
16374
2573
23991
19464
19752
6274
26732
2887
12586
11937
20236
9622
29143
31366
2706
18455
31080
23946
21986
6288
32038
15018
5766
19818
4564
10911
22712
7811
26930
26693
20584
3599
20615
18846
18661
29122
17833
26312
27186
27564
29079
21890
917
15590
2548
6701
3504
2095
14561
28339
1465
23231
4099
17122
21946
3782
27829
761
7042
15563
2490
6944
8105
30815
16849
30920
13435
3724
32222
11260
4268
641
30301
29767
27347
21096
1538
10652
19941
188
20376
21413
5006
25141
14333
23251
666
28734
23028
6474
5238
1273
31233
5156
21094
27258
15842
18227
22328
24147
22497
17093
17487
691
5283
4649
27448
4236
23936
27347
19873
1705
2964
998
19591
4646
2937
24782
14288
2709
28082
24888
4694
18824
24030
30516
25007
7792
29055
29874
23539
25066
11128
29149
30081
32246
1946
10539
3609
29255
28086
22385
25312
28497
18252
22135
17456
26056
25938
7188
12235
10624
30609
30792
32611
13079
29423
27997
16096
30303
24293
27941
12296
8075
11561
1623
3271
5993
20050
7783
24775
22329
25822
5074
16227
4535
8346
21439
30618
10759
2355
7138
1855
13596
18700
8248
29099
5705
3011
29409
26287
6608
14299
30576
14500
470
5951
20319
31484
21863
21741
8521
3365
29690
11922
14615
2699
2129
12065
10991
32583
23697
2054
8063
31982
18728
22180
9258
21419
17090
2464
4806
26820
2150
31951
18866
1705
4867
19669
23760
29722
6526
18985
25139
6649
17424
31829
27249
6668
28999
8474
29598
4189
9818
16848
25014
12689
1108
8451
10422
4065
13297
12506
17641
15369
31204
2491
8094
6808
17480
22847
12157
20920
22360
25016
18688
12639
31003
5823
3966
29600
31465
13619
22716
22804
18261
12478
8640
31950
30042
10486
7136
28268
330
30678
5759
440
27235
5607
24012
10724
27906
1860
25160
4477
24376
23330
3062
22647
7045
20750
19061
11240
26063
24926
30990
10183
10783
26928
4031
8824
14097
25760
17427
32006
18930
3636
23682
1039
20082
20078
31097
24095
15157
29496
11855
31048
379
28892
13228
23026
10679
9953
30218
26917
20074
25808
22281
17538
20633
6545
15596
20388
27614
18079
1924
19647
30881
32522
24759
29362
19621
27658
12091
26760
22123
30270
18577
26983
11102
22914
4164
13079
12596
30011
31416
31647
4741
8757
2419
26142
23852
4521
23670
29883
14120
30243
27016
30699
25185
27833
19253
32168
4497
7007
13864
22485
24487
1215
22748
27196
10682
4898
32093
14822
16683
30379
13860
25786
19158
32196
8174
8591
23948
14849
24249
5990
5265
26563
29009
30924
22698
31840
25441
19452
14054
20068
32079
14733
8369
24893
21157
26200
7729
30193
25332
6792
19552
5352
11887
26144
6323
25323
20427
26993
244
3268
5037
653
11245
1837
4482
21629
12964
9352
16729
12542
5414
14356
643
28229
2270
9622
5579
18825
12586
31206
16979
13289
31891
5698
4269
371
18989
12027
25071
30413
16240
2632
29994
25213
11613
2457
3908
5180
21013
16167
16917
24268
9929
29679
19246
29473
14160
15884
23648
14425
24798
31036
14684
17649
17742
18846
397
10135
19929
31845
631
3036
1392
12174
23024
3365
24061
31460
11110
29104
4635
2204
11575
19373
25961
5380
17307
28997
19896
106
28777
7634
17458
23492
7263
13188
28613
11481
8933
12861
18133
2668
29771
2364
13523
746
19878
8934
8168
29003
7349
26080
26649
17122
1031
31939
6911
8181
22180
20636
1034
11880
15240
6266
7602
8981
30861
1670
25385
10294
13088
8118
1335
18731
14799
16137
5409
30455
20975
19813
21013
13312
14233
29482
16188
24713
31083
11087
22434
8333
29114
17345
18589
22905
12466
22484
15468
27775
26563
18605
26139
22766
5865
906
21385
27843
3325
7975
14799
18296
15968
14349
29831
23182
9588
22619
18866
31400
1992
9816
10615
10500
31550
1473
29127
6183
9809
32046
26885
14935
19125
25159
27177
16884
27660
26277
27360
13488
4825
16564
23715
29606
14916
23384
10757
21826
23925
9614
26584
8324
491
29846
4511
10667
18620
9044
20053
6571
4961
3165
432
29072
160
12361
21887
13015
26894
20294
934
12007
15541
1274
14559
7701
23125
18376
9900
21009
8453
23091
8552
15116
18051
2431
17254
10089
1600
21384
3272
10649
9457
4608
12897
22386
7861
28192
10532
846
20681
10976
28296
16476
28478
32374
29680
27416
2899
24968
13166
30683
24752
27399
25840
27697
32341
14557
28068
2713
23442
32596
19639
12424
6136
18227
4360
279
9474
20289
31210
26165
8240
22397
23969
21106
29331
26024
5886
1431
7133
31994
21250
7156
7406
27706
2749
6233
2237
30842
17980
12570
2127
23809
22701
20942
5899
5784
4201
11188
32658
11511
27637
5370
24781
14094
28692
10206
27455
24678
7733
5156
2042
25741
8656
19669
16288
8128
7344
21784
8694
24189
14107
19734
25053
12863
22010
7132
21950
9660
24102
7651
10346
23511
28316
5981
27178
313
9418
21422
2936
14203
9552
3482
16248
22931
14070
28873
29575
32529
13280
15428
15211
23314
27682
31232
29256
11606
4342
6665
20988
10926
27392
17736
22305
28902
11023
29781
13616
10060
28897
29341
26655
12232
26354
6963
16078
16339
31489
25352
19045
6253
16674
5890
30180
21990
17211
11950
23588
19687
25180
16975
23073
4446
3658
13630
19805
28297
19230
27343
8351
22491
30221
26038
24968
13569
13558
13215
18433
18339
29579
23693
9331
14743
27014
17928
27914
28705
22437
3397
934
4837
15369
6212
25350
24304
15005
25753
32742
14519
23702
26645
18585
32073
4256
3681
14891
19050
13277
9319
25911
31505
4094
842
887
9904
2001
28673
30873
23431
7624
1907
16252
4914
12298
13740
13893
8915
31062
17039
11580
31497
7165
1955
24540
21890
17654
2829
6371
7278
11116
26066
13858
7576
20072
26689
11475
3549
1366
684
12903
14549
18050
1456
23970
7822
31602
19472
24624
10273
1257
28261
11467
3998
9009
6309
32061
3929
27878
29164
1972
25905
1725
32071
23330
13522
1672
32337
24797
11449
31106
1
13152
20758
29814
10373
31829
16564
29840
31303
8578
17319
21015
11511
5850
10396
29448
14743
10650
32182
17054
25209
28630
22064
10983
31595
13266
26984
23549
1647
3704
19374
24272
23090
5166
25693
17194
19893
11219
5382
18336
12093
32083
10684
27188
15876
22967
1354
27357
22505
10392
18031
3543
17521
21752
9480
24424
7647
7665
13732
5012
6958
30093
24141
10325
21723
29154
14605
31743
23750
7729
28144
31135
1038
11271
12286
22598
16344
28246
22556
27533
31396
8147
28926
6371
2665
81
1171
14104
23339
26506
17293
6609
786
2594
29204
18196
19596
18691
14398
11060
564
6353
15307
1214
20983
7462
11481
14257
23226
28553
7028
14235
20161
32492
17180
25050
860
2359
23535
13080
29104
234
24176
28832
30524
2812
31244
31249
2675
21730
16868
12781
28807
23739
23329
2675
24505
19772
4680
22197
21601
16861
16637
4564
21385
29691
4495
32240
9796
8380
16457
26108
11493
30343
26985
12896
26469
16052
18437
9697
18275
32610
8551
11736
7144
32739
12271
12394
1367
21276
21277
25691
17302
325
13485
30350
25363
31645
11781
4535
2313
27855
28291
17321
11114
32642
8737
1413
31182
20604
6690
11671
26615
8636
16906
25143
23831
15003
15707
24934
11959
29924
2011
11868
1112
17169
25941
18179
30535
14199
11031
23713
28633
3229
25592
31989
6919
2239
32200
3555
25531
21455
11020
1962
23205
19633
10960
15627
3779
24723
31784
2627
27837
25967
20360
9155
18397
1089
6560
23511
10320
29220
31521
15203
26696
20853
11807
19202
29478
21857
15417
21545
12313
15080
12223
29179
13057
1669
18135
2978
8826
12134
10603
29889
16988
12893
9898
23664
3991
10895
23802
15165
26434
13132
25406
23912
30715
24039
15561
17080
23107
7244
6714
30842
3185
21583
19117
21471
25451
15531
23545
16220
9003
28717
4167
10652
3935
9235
8138
11287
16683
15954
9279
11680
4132
14224
15311
2862
1498
9292
15996
13085
31859
610
22911
26366
13982
4992
1337
28732
24125
3983
3615
13514
28368
21573
29855
12263
20781
2525
10012
28834
27648
22292
10060
8298
9546
10035
29065
1221
23093
8474
25927
26223
10063
18043
11616
20211
32271
22157
12810
1965
6761
18279
8645
28884
1720
32083
21664
18835
27424
13857
8995
16894
7983
8806
29710
27380
985
28619
9693
18168
29854
4485
8585
15299
19497
15557
21528
4748
29316
31659
30424
3871
7422
12498
18826
815
1529
29062
25683
7309
10158
12339
13751
4304
25309
15666
1490
21709
4482
2745
7964
14863
26766
4993
7871
16808
2191
21013
22028
25180
26113
2544
27432
26732
25519
6032
30580
12269
21891
28644
10129
1324
19522
1865
22144
32674
12349
26387
2534
18638
30762
23356
19593
3702
12176
158
375
24645
18438
8523
29597
20934
29355
10266
26833
18885
491
10708
13069
22554
15796
1019
11509
6187
23859
30411
14958
19223
19106
28379
7380
16896
21167
27935
4200
4358
4826
13742
19278
11411
25759
28086
2256
15578
8664
2942
32176
22252
15695
15837
16099
19858
16562
10607
32194
10786
2640
8884
25567
32
17401
21955
6085
26544
4141
31591
26733
11234
13569
26914
10501
14689
19296
10206
5675
5077
16704
663
21726
7396
31064
22460
29281
21786
13414
24029
7532
5740
27616
20508
7050
1779
10893
8914
10213
6636
29527
12538
26535
23575
4639
20387
14394
24321
2656
25162
14593
5702
5916
9554
5101
26458
3593
20356
18007
3096
8279
2693
29107
26200
5202
13383
3497
19276
5431
29922
19040
9782
9925
5172
32069
26325
20596
10929
25117
9068
13654
17677
25427
15623
12248
15314
4256
32172
17482
16767
20859
9816
20920
5782
13743
12902
123
7958
32407
7373
16033
2416
14231
14292
8783
21824
22322
11816
964
25482
21840
5725
17646
30122
23640
5044
23332
15158
11146
26924
27998
19683
15998
22076
21203
20165
12469
31290
31459
15183
4613
29442
29896
28593
22374
26797
31289
4993
10062
7798
9604
27919
14525
7773
23303
585
6336
10117
10489
29501
7070
11073
28189
23224
2825
4127
31064
29557
6964
19229
18578
24736
22866
20341
2761
1599
16546
23327
17577
1519
15365
8133
14288
21809
861
17111
8947
22028
30053
25942
28370
23291
8937
29062
11088
24478
31715
32539
31955
14929
4090
27505
26910
29685
12083
8485
25556
13693
2417
3332
1914
893
6777
13901
15209
16056
16265
18372
27560
21063
7703
29883
10346
13983
6413
29121
29032
5655
2933
2902
7434
30267
14109
11377
28414
16654
17226
13650
8682
19893
24679
9947
30905
23911
4557
63
21304
29100
29631
2298
5546
21240
10537
32074
27467
26643
17593
29135
14412
1153
3539
30622
20057
20946
20487
5855
15337
273
5403
20308
14715
28098
26558
28122
14436
9329
11684
3882
30679
16728
27695
22674
5576
6332
11869
18562
22490
6820
29952
23880
30556
28782
28521
30814
27610
4190
20753
8079
5788
7691
16451
10575
16097
5528
17590
24946
4416
5985
8866
14724
17018
2197
14298
28630
29439
19769
18478
14557
32457
255
3982
3616
28236
30844
4531
32061
20683
30112
6510
27653
12031
8125
20012
1218
17119
27210
21209
11349
1760
2938
25832
2441
32567
8263
12668
24925
2205
23857
26735
22150
24434
24675
8323
17337
24798
29883
10255
13979
2444
7712
26128
27165
26346
15116
27135
21011
29373
3185
26685
25543
14541
8887
584
11789
6746
22637
31897
10380
442
31798
18684
4433
21877
15460
15381
24829
32109
29428
30096
1503
23755
7846
10074
22862
6229
9212
26082
10443
4119
24623
4485
5826
8035
25545
18344
23758
31337
12642
1254
32592
13976
24484
18238
13452
12384
30350
15615
24980
21800
5337
22560
32070
9836
14398
12938
461
10827
30258
16517
5684
9208
982
20924
27176
17048
6516
20133
7830
12456
20548
13050
12191
24443
23111
12755
4113
16963
26811
6214
17357
18114
24462
18684
18499
15730
13532
27767
31407
1527
19124
142
28135
9859
30246
15409
6937
21670
31413
6732
13491
9343
24442
20518
23793
8144
12124
23210
21825
28692
16839
13510
11359
22321
27570
24169
7670
340
9186
29636
12340
29375
9913
14070
4176
31532
14478
30340
10438
7790
13446
22417
5337
1281
16824
31188
28393
26906
30106
23075
8922
19804
25018
11148
17643
27846
25257
30315
28426
31128
14389
30638
2746
27397
24648
10458
15010
18583
8471
502
4315
27282
31903
28583
20307
29884
29014
31849
16917
9468
27002
3725
29644
13723
29904
17692
702
25881
7471
32109
12194
2769
11234
7017
11697
29943
14382
32032
24574
2580
19392
1192
32749
29903
28293
425
28220
26880
13848
21722
6282
23063
23198
31850
3621
16611
13651
3005
3905
9182
32131
30703
801
1409
9803
21058
1463
8046
32127
12471
1708
25796
22595
8546
25248
7937
21716
26712
17073
12230
27754
11057
27239
7173
18476
9465
10862
5486
19003
18229
22797
32533
12263
4884
16543
23309
25693
5864
7570
28938
8082
19090
20913
1111
23689
27986
27762
22662
26611
18688
3339
21699
22124
21539
451
23948
5152
12353
1495
24817
25411
4990
14538
19106
4862
20834
14725
22372
25787
29711
7419
23427
260
22612
29477
13335
6589
5555
18183
2322
12918
19434
598
17822
10126
8230
16985
14714
27734
20262
9946
32246
3321
1189
32067
5231
27683
855
2090
7945
26479
14319
1069
30901
27113
32185
14312
17090
6021
5945
9466
28012
2337
5905
4204
11067
6138
19462
14174
25518
28560
13788
29674
11163
24398
1714
21317
27038
13517
16764
23584
16386
20295
19402
1017
14866
7437
20991
8051
18562
17262
6603
4224
20148
28632
32666
4487
23148
27749
16358
28680
8331
13270
1523
27923
32361
13606
25819
15342
22891
20956
32617
32399
18608
5447
13383
18205
25531
28659
2907
8138
31719
8458
21315
28407
8791
17157
2203
29990
15141
17473
16081
17961
22314
21250
16153
4675
19745
30720
13006
16458
23192
21387
4488
5912
9413
11345
23383
21103
6059
28462
17195
26434
17047
16606
4157
26230
29321
8462
31958
529
2580
16909
3851
16242
9585
18642
32319
899
27623
13930
31361
26064
1113
1495
5616
1773
31651
16185
1645
6403
5611
4425
11185
2456
30563
3366
13615
26974
28642
25685
15885
7203
32279
21968
2086
15879
5616
1186
13034
14140
25234
13181
6522
177
11167
23214
13050
6385
18905
16592
20737
32501
13159
23572
21479
7968
7806
27467
20695
26783
11751
29162
18119
16241
13063
26000
17497
27875
17714
1285
19590
21148
18868
31469
5018
5745
6218
18537
26213
13936
30948
2820
12091
17330
2305
23241
8497
2616
20155
26351
25795
16459
12522
24292
19708
11689
29504
26716
15827
30333
7521
28346
10031
19965
18678
19851
24525
21442
14976
15033
12263
20180
16876
964
26967
30433
12768
15473
17932
18890
855
26606
1392
29428
27492
29548
7268
14334
7696
4131
2399
18370
2946
25854
30966
13386
14912
20756
26373
18556
29277
1085
7621
160
481
4360
475
10904
21683
16368
25095
16152
14739
26652
20314
1502
515
7896
30464
8255
28334
22174
12608
8155
21082
9613
2471
52
24987
5629
16615
12158
14975
28731
32627
1839
17102
4621
14168
5105
31059
2516
910
8520
12641
9438
7756
26215
10669
7960
26873
32552
18219
28386
18107
23805
13617
17314
30633
1106
1599
9149
15822
4295
16010
9623
9953
3074
1281
18244
30273
8128
30435
21810
27123
15957
31930
27236
30583
23680
7505
11883
1910
29035
4817
21638
4344
12094
30343
14024
11402
16837
20634
1654
19554
25409
13237
11742
1711
9494
31046
7921
1807
25688
14669
10491
31409
32473
25785
28210
28432
12300
18768
13050
22540
196
23934
4729
17968
909
7925
23603
3421
20178
13863
2662
30412
11933
32197
2482
9947
16014
19985
9493
10137
13709
13901
1547
29768
3953
15613
21671
14879
19666
23329
8898
26376
157
1365
22997
32086
20394
16021
21528
3893
18982
14874
820
277
11452
29676
26205
24519
25151
30875
1905
13614
4023
3022
27159
28390
2798
4848
26669
18933
17151
7317
8527
21816
16877
6928
1515
31904
27800
13637
16105
13222
19281
5937
25978
32133
20056
17885
10847
14339
25993
21273
25046
4804
1120
18497
30116
26660
942
19639
20694
25740
20682
13118
22268
21342
1839
15802
10014
22897
22436
23551
7650
27484
14561
9785
23330
26973
24580
13477
5841
10674
24429
27393
29257
15209
18614
13954
4026
6209
28679
17715
19829
22324
14993
32462
3815
9668
17158
7700
24867
7922
29606
25564
5509
11633
17864
9949
23448
13957
20953
7523
22230
27669
27609
14779
18582
1959
24220
2396
14109
13320
24211
9288
5496
21775
16316
14020
13387
27773
22409
31161
22978
22390
20158
25883
29727
16256
25639
9629
20606
30540
4246
28006
30819
28963
557
7463
24001
14512
9803
17923
22869
25638
13351
15807
31052
29261
5461
13357
10446
19441
24717
6879
22043
24549
22769
28857
3748
29067
18621
22649
4452
6612
10823
17212
4759
17477
10426
13731
11724
27506
7694
29426
25158
25748
18325
21850
7149
30834
27752
10515
29989
2563
20329
15368
2079
9153
8915
27542
5454
22089
27483
31735
659
1205
23214
8674
18168
28107
25208
20027
12598
4607
25650
17303
25935
29871
25839
22376
31183
6595
1459
18801
14343
20840
18443
23307
11721
3213
7318
16026
29142
13239
14751
9740
31819
6238
26511
30016
30423
6248
21191
12989
30613
30463
11334
15023
14345
8107
11989
10773
18536
32453
28465
1574
4700
27994
9352
1251
30106
31327
20432
11931
9610
21799
14607
10433
11397
24602
19885
28851
10573
30879
24985
23115
22351
30494
6008
29966
1839
10736
12338
11943
22620
23814
32454
24120
32358
18653
28856
4094
2409
9617
12208
28909
13473
24243
13579
29350
9867
5679
26580
28091
15191
21635
28644
21647
9986
22707
16282
30542
32416
27797
10558
30925
2380
19607
16547
11295
24372
6749
2977
14370
13931
20920
24345
8801
6439
19853
3614
15292
15483
29404
5751
6639
15300
24993
5701
18543
16774
31099
30635
6822
23434
29725
17186
13499
28120
2092
19639
1814
13022
1855
1870
24250
24776
6204
25354
19578
16968
27174
30955
775
141
16603
10948
23929
11343
19798
6082
15027
4688
23378
12577
21037
11775
15529
2495
9361
26846
32384
24010
2450
10909
1602
2156
10176
18922
24914
7569
2161
6139
31947
22570
11207
29713
8615
22118
23930
14356
18974
15367
28792
19217
937
32681
18634
1402
29845
11944
27306
18304
2700
10421
11865
5736
6581
27697
7029
13695
22789
22952
4723
13022
26557
8540
14787
6802
1969
18860
27820
14055
23468
14120
9283
648
10098
29330
17001
6665
105
30912
12955
22310
12236
22494
18551
30556
30227
20356
17422
3847
29982
25899
31040
24769
7421
32370
4221
5552
12366
9240
4514
8203
9070
8347
4179
2119
25899
10846
5423
32403
2794
531
3516
13974
25754
27019
2163
8091
1367
31378
11854
3212
32234
23560
14925
9766
30200
19198
7061
13706
7957
7059
7801
13223
2080
25078
25514
17254
6527
22011
5055
1988
28672
7069
10215
30910
18383
28910
3811
26361
19236
26787
28407
11742
24929
27041
7589
1818
10109
24662
21130
9216
9404
1815
29747
17297
31521
32746
31454
22272
29706
29898
18242
26319
1653
4147
24300
8910
11966
29042
25345
21122
14378
32444
4483
20280
8465
23527
29171
13041
12386
25103
12324
27850
23220
19426
17766
32653
16335
7287
12209
468
5997
11214
24972
7637
31351
19110
20852
3334
31206
11347
19419
491
9184
2135
11798
16685
7831
3691
15443
6476
11458
15066
12344
20187
30120
13571
16696
9939
5213
9431
7149
16680
860
25808
22475
30226
13218
32680
27413
18936
12815
30355
6267
872
18021
30004
4202
29830
8682
20510
2306
27234
22818
28715
19749
6042
18668
20949
13507
26365
9796
15158
19644
3514
12288
29923
20047
29950
2826
23488
3589
3107
11265
11095
14585
13565
31456
22600
7064
3289
10838
7450
5046
12807
20707
20065
14579
4908
10286
10592
10653
29029
15045
25761
28080
7616
30722
13245
25292
18438
32386
11885
20681
31637
30516
21955
30083
5468
15294
6159
25074
4173
2975
9046
30681
7068
18594
1066
2344
16425
5385
16620
25990
18953
15428
6389
13257
8645
14774
29278
30151
19731
23740
4983
14986
31321
22607
23133
23970
7869
30258
18486
10054
20957
8456
28378
20505
24958
2006
23378
22744
6073
25351
27524
5285
17331
17223
24604
21839
18133
18871
7305
28458
26437
13909
32572
27887
23707
5318
18674
18378
18750
11117
10173
18796
21592
20106
4363
9449
6992
20085
28722
7437
29941
25239
1058
16656
14186
2704
26816
30522
13160
6372
1684
25026
76
620
8224
4785
21689
9840
22530
17449
2520
6458
6785
16174
17739
25087
27907
16158
10042
9857
13383
16472
24019
5297
24685
13211
17853
24968
27537
22150
32288
18577
12160
6696
10936
32667
20755
20745
26741
29758
23184
8231
19294
1096
13395
21686
21308
25764
12795
18941
10199
5854
11005
16541
17361
20804
12542
17172
22346
490
30191
17933
14905
26874
10494
7644
9350
28203
2864
24269
20406
8378
21430
9227
6390
19764
14856
17324
3186
17819
28273
22505
2616
21833
14839
15574
30569
28889
28185
13472
17899
20992
4548
16448
114
9781
13281
3691
20004
5112
15108
14901
2688
16896
6433
21084
13344
6404
14502
6823
1380
9568
23497
8614
9462
693
10986
16481
21021
23245
21460
7373
32480
27698
24743
20679
14274
21972
29219
5741
1693
14085
29700
31645
21262
22994
9606
23925
28950
4984
7155
816
15560
16453
32440
32554
22169
24363
4296
7274
23223
27090
18659
25022
18418
4871
10333
24223
22399
16460
29263
3674
10148
5993
17302
28893
26163
30981
1343
3345
1386
22482
26758
23632
4851
10324
25643
2814
13618
27108
31234
6981
11091
17677
21462
12887
25106
26269
309
26506
26059
18675
16497
26386
26570
10765
26887
23572
27843
2563
19191
20420
27846
11211
31215
1016
29326
19492
17937
17720
26053
21633
3579
21735
1121
10381
2255
6175
8639
31520
3138
1716
20716
2381
3084
17442
9735
19054
3190
2393
12593
18201
17163
11930
7549
7777
29856
15657
27594
10846
4353
28442
28503
3836
15604
8239
19367
8622
21838
26533
2449
28782
28275
29886
20728
30023
14430
8209
461
14967
15143
20754
17929
12772
30419
3903
26969
25521
12922
6930
1601
1858
26684
888
5899
25521
2619
337
32511
1710
32503
31936
30577
4959
3665
17929
911
6880
18609
10045
26677
6049
20286
10689
6482
20461
8390
13854
1593
482
6119
24795
24253
10127
14302
10890
2121
15651
31048
26990
6881
9270
15217
3191
6655
8604
8562
9439
13457
30354
25950
2700
14603
9720
18916
7177
9268
27251
4266
740
22735
12582
26120
6932
26348
27866
4395
11953
12092
28448
29890
9105
16361
6673
3459
5111
22611
10131
24548
16901
25827
19776
27875
10372
11832
21242
12156
21306
3003
6441
30444
18658
21746
14517
18736
2187
9302
11836
4428
19806
29500
5831
1734
25562
336
18150
16087
14454
15354
15474
3352
2765
15340
3851
17820
13539
17054
16002
2854
5714
4577
30708
24219
28654
8438
24471
8008
29133
6348
2590
3431
9044
8429
13284
25950
23444
17235
21568
31349
17392
30766
14453
7458
22439
23420
18066
16512
29471
32100
78
7593
28294
29703
26819
6031
31317
29744
9394
18720
24722
21295
28483
282
6290
24574
13564
19064
1810
16266
29811
7559
16980
2874
31676
6907
22287
9016
9434
4541
19530
26788
15498
24583
18568
13586
12031
28213
14767
11821
27003
29366
8600
11645
29927
8091
7828
17082
27969
17157
18834
3089
27126
8047
13440
27500
29179
9363
11055
5365
25828
7999
5175
7282
21576
22137
11642
24961
27162
8288
25298
16855
10110
2134
15632
6912
26415
25105
15542
31681
18826
3946
2103
28106
16512
11915
8673
1640
22657
30647
31222
19976
20225
21165
7236
2451
6986
14208
22086
22502
20452
16789
334
25142
11583
11788
24216
28293
6030
28697
23923
19314
9006
19290
22893
456
14506
11663
29290
24478
12118
13291
24415
2407
12192
30292
31812
12537
217
21652
23317
19318
7031
5623
17924
10335
17431
518
18055
28525
16672
30859
13285
25625
13981
1395
31535
7366
6096
17931
23169
5726
209
24955
7747
11245
22172
26546
16814
11914
110
24411
5336
10932
29456
25035
30680
4396
22975
7335
11990
19503
29587
10169
22008
283
14671
16276
32310
388
20596
8331
3765
8431
2739
10361
12732
3852
1432
23843
23117
28757
6611
25232
11566
5125
25168
6500
21037
1173
27762
30510
6072
30526
18048
11832
4177
22507
16141
15830
15182
2936
1685
18100
18686
8434
11196
3312
16645
22687
21741
25440
23232
1228
17017
23669
25953
31385
19292
16465
16687
26003
3375
4818
965
18231
30616
32031
24640
1294
7905
23368
22823
16590
14039
5886
1734
2588
7683
10927
8792
1385
4355
27891
24693
15799
22536
13192
15940
26693
24716
11034
31181
24262
22330
10806
31801
2345
8575
16721
2421
23100
28139
30846
14855
4729
28683
21093
21544
17428
8332
16324
26246
13194
569
22759
5368
8781
7251
31475
14498
32208
32177
8269
19696
25209
16653
25637
1593
28798
20697
10545
21233
27183
11722
32459
23952
21975
9620
22974
2429
19693
25802
20970
3957
1855
29308
8723
3736
4436
11317
12762
12739
19236
31586
32175
6079
18840
4067
27718
31673
12794
17945
8004
26163
28929
5578
11095
11235
25417
1487
10407
19852
10242
7848
29942
19923
6130
23737
18409
17687
9611
25361
7659
7480
17286
63
5474
8713
16619
27773
31206
2762
12149
3442
26172
14933
30442
23334
18064
4150
23177
18100
10509
26110
14774
30052
4548
9230
11185
28785
32561
25404
9618
22439
29131
22478
20887
28485
10417
4188
3337
8123
1799
20057
12131
8799
23493
25230
3264
4194
17237
5294
31733
29228
29276
6782
10775
17736
27169
3314
4494
21405
32548
12672
19554
15680
8684
5368
23943
5723
13010
11312
19327
29595
16138
21869
1571
7929
29619
23658
5365
24372
5477
14206
29116
27676
15459
27284
14063
13720
17649
28028
4393
3059
7582
4319
19927
30816
17375
11407
4300
21356
15004
3487
4401
22792
28320
9366
13556
2150
14127
32358
7
15801
9069
18343
2909
11547
3750
16185
9914
25762
7348
19112
21282
26478
12933
19713
5668
20171
19839
18666
10532
685
3702
29830
28986
24986
25375
8642
27971
4239
25286
32481
7416
4184
7808
18286
7167
12980
2226
18698
20253
18444
22558
22010
27491
9771
17538
22441
29766
29884
13310
22993
29243
19068
13879
3112
20416
19164
31602
6191
20567
16968
19503
4591
29479
28962
1339
31572
18471
899
3199
25950
19424
20613
10346
17410
13695
23230
5151
19105
21493
19306
28444
9815
16462
5004
29368
22011
20808
25984
25974
28086
29593
11488
9903
2270
24973
10754
741
2605
31
2613
18261
10197
1565
19420
5878
9969
23533
6274
3987
17531
5492
3504
28237
26667
9193
28404
12572
18935
157
23942
21400
12955
1787
20905
2852
27224
8890
13096
22846
10569
14575
11359
7003
1892
19889
20063
15039
18356
10182
15160
2010
15598
19811
24816
12828
9275
1442
24324
999
27457
15331
4002
28927
22528
24102
11317
4122
14730
29850
21629
32128
13027
17099
23591
14409
12147
29375
13117
1395
1313
8467
12310
11515
13070
16428
15671
23120
28708
22539
29266
2173
11085
19619
19914
1918
22080
20306
20266
28207
22532
8348
6109
24715
20569
30500
27111
6751
4289
3271
1280
21039
27868
8183
17628
10730
1121
238
19142
28997
426
18341
13359
25819
4382
5458
10606
4505
24167
31761
13566
26046
29778
13928
9376
21646
25572
15329
16802
12761
3117
30278
3681
7134
21032
24340
5717
29992
19287
23558
20642
7497
32573
8975
27908
31324
659
22957
17124
18248
27769
7226
29434
14792
30691
10271
9388
15622
10028
10277
1431
16180
10189
23399
3776
1576
2650
9752
10160
22904
4063
5303
21784
28887
2154
29647
23203
24080
11305
28227
7256
26992
18936
32593
17148
27998
22406
9445
13703
31716
19019
20680
9939
15249
2091
30007
5653
12359
14955
16390
24444
17143
15192
7888
10715
23442
17759
20572
2825
7817
19287
16307
19364
23836
14368
19246
28802
3330
22665
28143
2005
11934
11221
32001
15811
8271
26567
7775
26919
29343
22750
9051
3044
23346
25982
32590
27726
15641
7565
30203
23518
19281
11406
27940
9487
10549
26027
14893
18636
20176
1517
30389
15523
31532
13160
8976
21329
15516
1169
19774
18452
4338
12101
1889
992
9035
24226
15382
11590
18108
19934
1231
19998
11623
4005
10131
23962
13359
9266
28796
16052
19580
24093
10672
32597
536
15332
5226
16391
27195
20633
14679
2327
9153
6625
13998
31230
23046
24154
25393
5730
14932
18837
20514
22923
30632
11930
13279
32156
18147
21498
28992
20475
31134
669
30390
18568
18059
2189
10469
24902
27852
9435
2533
14206
1416
2611
32690
10572
24123
16009
18006
7878
14481
23504
24449
9038
8726
1135
964
29283
9218
22237
10002
18305
9201
15249
12198
13145
26211
853
12071
4591
897
1008
17038
30899
19844
22058
13226
11779
7951
31655
8589
24323
20715
27018
10395
20319
4723
5851
5094
21917
23604
29283
3774
1636
17624
28120
13640
23192
31120
7918
13790
25390
8627
23978
23918
16009
14878
22993
27050
6163
1814
3335
3076
29977
17609
24355
30716
26184
19551
10251
28836
13520
8940
6912
28202
28768
26564
1795
19164
15179
19704
27417
5225
15771
7086
30902
30966
21253
25846
15255
19565
12038
27301
28661
3298
31472
11335
20004
30743
15198
18740
3812
22046
29687
13312
14508
6298
11068
20415
29707
13912
29419
13179
24666
21606
29630
19648
25434
14920
21127
28534
26575
9387
18912
27601
25416
19987
30625
7800
19635
30565
3844
4192
19114
24762
21633
13634
28909
31392
9388
24068
21211
8107
14999
10203
7476
1864
13857
9322
6920
11771
576
16534
21917
9763
1361
27065
8696
23976
22564
31552
22210
12194
24798
24462
13116
26909
23898
24113
23003
13388
17253
31720
4952
19050
31022
9150
13837
16804
7539
3986
4750
9786
28112
13199
7269
3417
5715
29680
25634
15220
22993
20435
19038
18320
30644
5920
9826
10063
3767
11342
7361
16444
28833
24412
19090
16059
6440
12029
16689
10464
361
9841
31446
9189
29230
28181
15560
12794
12796
25361
15580
11817
11716
19644
9061
13107
10110
27327
10517
14107
10620
2757
6215
12617
23380
27023
6019
10769
5189
15131
3844
27465
14472
32727
20263
6388
4931
9890
29697
889
20287
7976
25460
31156
9921
21171
19699
27142
1619
6386
323
29573
13849
24573
27485
12829
14705
5903
28211
29043
28340
28408
29695
15665
4020
15121
1418
6939
21826
19579
7514
21898
22380
31716
5993
15365
4231
7567
20785
10232
30787
30457
28096
1153
5317
9914
28653
1885
18745
3862
24068
15901
14178
9286
24105
18619
19744
18817
14117
15257
16296
31045
17927
22727
4756
16390
21353
2695
2722
29905
19378
23454
1044
1868
29845
31547
5275
22102
19303
28709
9373
17520
7281
20006
23566
31388
31671
29671
607
4141
19906
25313
25965
26270
18261
24368
26854
7056
3935
31016
25176
21905
28340
17025
29371
10706
9966
17696
26099
28224
15963
11903
9327
24507
3181
26290
19474
24325
25123
18305
16603
17815
11769
6816
14580
25958
9254
26938
6799
15818
21169
22360
4738
31901
1070
23070
558
14027
18156
25050
16042
4448
22867
22460
30450
31902
4221
516
25593
29813
32525
21497
32300
3013
20736
23763
19607
30983
26015
6250
20472
13669
3142
8777
32687
1317
12726
32665
10057
29492
7938
1938
8747
19468
22856
490
26666
25296
32719
9552
15656
11276
6520
28643
26458
29199
4849
3481
22966
7801
19970
30612
5436
20525
31372
16279
3719
26042
25483
11215
25954
2858
10675
13064
31285
17056
7424
26346
11647
2282
13486
8881
3758
21568
10586
4328
3330
22079
11542
16894
16346
30990
16108
14270
9957
27406
7829
12213
22665
7024
22508
14092
27725
10442
5624
22625
15670
3313
19509
31131
8683
8982
14229
13964
31838
23977
20554
17944
14300
32277
5911
11765
9764
15347
1955
11462
11914
4884
32471
3245
16916
30226
2147
11184
26205
27751
21715
31968
6532
14648
24628
18765
19558
10135
19178
564
21150
31084
12147
2292
2291
2031
19137
26004
30362
1556
8261
18828
24603
7357
784
29876
23314
30498
9371
17523
14879
9821
3877
22069
6991
1127
27058
1003
10804
6723
23727
22951
28544
4392
6346
19072
9225
1920
32031
6733
31638
13550
18331
31986
1984
23213
28042
3718
12833
14375
12812
21609
32409
2791
17174
19129
2810
9567
26028
16100
32234
25965
11909
23135
29578
7302
19522
17823
18672
21364
4952
5447
1796
4710
9915
873
19559
26381
23720
5359
19109
13860
4545
21099
18679
26435
3211
2084
2102
30902
28997
25106
7449
11345
16466
24138
1521
31855
2877
31711
10986
27148
1602
27173
869
14962
11622
10912
1769
5577
2305
4261
14628
31269
2627
14290
6858
104
4143
30714
21685
7444
13641
13574
12109
25253
9462
25847
5987
695
25068
14637
8315
31351
5887
22633
11767
6875
19127
22428
11664
32092
26387
9325
1491
15610
915
23667
30846
7445
30288
16041
8429
4036
2204
3550
2773
1091
17806
3427
24870
31069
171
24146
1323
27963
31318
21674
27905
20841
9969
29165
6108
12383
879
23008
8509
27475
5113
24749
15041
1911
23181
15822
8216
19238
16674
10977
20217
15053
30037
6217
1815
12626
29169
25959
23406
24774
21387
23413
17139
32391
32085
2677
12796
644
9135
11379
25387
29838
13670
31426
996
31444
31659
12582
12362
11708
13930
17408
423
29862
22432
3189
6307
29403
19428
4601
14423
7082
9158
9270
19721
13072
17564
25551
6124
15022
3187
30383
6505
1962
32094
30771
30365
13349
28309
27367
25583
10442
31239
5054
29569
26071
23870
29419
7466
21810
16976
10852
27975
14172
1936
22087
6996
22458
24617
22166
21109
5130
14877
8276
16081
13828
29375
655
9817
5804
10696
24921
11217
6833
16402
620
374
9603
15626
20640
13545
30549
19118
22780
18214
32143
1845
25825
12111
7480
15637
24440
8125
12850
840
7019
24388
32313
7232
15856
1910
6441
13799
31788
2355
30521
2061
29857
14163
10015
32628
4529
12783
1140
1416
30121
15
27706
19143
24502
10512
7714
18058
28203
6587
8572
13788
12817
24082
23436
30572
21519
19778
13635
19945
20493
21646
32100
2353
4554
29607
23159
7853
13470
15177
1221
531
32351
25162
17987
9083
23569
24988
5088
21775
18464
9380
19564
30930
8134
7669
32034
941
24324
3106
21268
15763
22500
10264
12020
18608
501
18972
32729
4321
15305
16951
8571
11797
6679
24000
22713
30319
23235
13781
1470
6993
28086
29984
13473
23168
18044
11798
18244
23206
4203
3666
26365
23314
26638
26800
23018
16299
270
17422
6432
9804
18091
16702
19020
21056
32460
4605
32419
26958
1198
5299
20443
29216
18125
5213
3844
10949
23086
27591
4766
9939
224
6561
1598
23749
573
31228
13336
14443
412
12200
19615
23597
18252
21959
7917
2981
17395
9856
9152
16912
22688
5917
3360
6025
28531
8754
23486
18571
16095
322
30690
4834
12195
16571
822
12376
6932
22904
24625
4573
2170
11245
2595
25031
18972
3368
13341
23802
14001
21788
7004
29494
23648
5886
31219
7124
4873
3857
6992
10754
16697
9611
12870
4848
22042
17325
10452
11526
21481
941
24617
11044
1466
21550
7943
10047
29371
11169
1269
19137
1369
31351
29646
24208
26501
3998
11877
31513
18437
1362
23894
3796
30487
7558
13549
11360
11530
28187
7964
23853
11695
21896
11541
264
2423
7773
8726
22922
3950
17248
26142
14271
24829
26464
27523
23226
17446
26145
21460
31615
9971
28282
3134
6693
4536
21914
14426
16311
2956
5069
20140
16574
1318
1943
11304
22799
15251
5377
19301
14672
2432
20639
14720
23006
10163
26788
25285
10290
5683
14875
17961
3754
7071
23269
23570
20639
31480
16907
5416
32744
9961
30423
10918
27199
28533
3344
27441
3769
7636
12285
7459
8585
32286
6465
10619
12516
22546
7108
17996
17782
10022
23098
10590
18241
31816
32344
10325
17006
4410
25940
3589
28970
15062
8347
11990
27999
10243
14140
6378
3621
29571
8143
28030
1718
15543
17293
27114
24747
8024
24102
3876
8232
2037
26103
23103
1370
13902
24684
8891
31351
14227
7644
20312
22934
32
24900
712
5202
10206
31682
29054
29183
6639
12144
25158
20116
1503
8081
443
25685
20325
11181
5000
7943
8271
2183
19616
23722
1271
349
11671
12730
15450
4465
24460
12619
7593
6099
22901
29912
8415
10354
19903
29797
31853
15516
16360
28038
2824
12096
4333
32525
6038
29733
28241
2308
11554
9515
19727
26182
22908
11356
25559
13378
8197
603
8677
9833
31404
27488
24166
25930
15418
460
26721
25412
27100
10072
24421
23395
12197
9290
961
9440
3914
24402
5753
32046
6811
31117
24403
28745
5978
2298
22978
3474
27614
21547
21809
19924
32342
30474
740
12601
10219
8641
10579
6651
12740
8597
20238
26102
11942
11287
5407
5459
23624
23008
21484
707
23235
8626
12769
7553
12996
4713
25088
32065
5852
25573
557
18358
12293
25677
10445
19911
542
20752
30809
11281
903
28815
6813
3648
13770
26217
7195
24455
20243
7068
1371
14494
8812
5210
6462
13407
10382
23862
3879
22558
24461
22858
10488
5634
30604
7214
15362
14746
23110
3022
14933
12069
28632
26610
11229
9668
11018
9016
25467
8762
25817
26941
25113
5833
7873
19779
9027
31169
15255
8373
15712
28220
818
32440
21361
7284
26348
19320
27942
4744
26036
31571
1107
29242
22210
23750
23472
25629
19730
19515
24799
14250
9510
603
23277
11986
27384
1944
31788
26976
17250
15028
8862
17771
9876
21884
7063
22751
26446
28045
16085
4824
9100
12324
32400
32289
10621
4647
6121
8223
16061
17355
14613
27517
10941
29972
23852
10168
12911
30936
26345
1877
19587
7588
27506
24805
1142
10012
20823
24177
25540
12679
13054
17964
22252
14770
8247
12464
2618
10787
19283
6540
12806
19493
9354
27975
30440
10107
4170
468
1808
17520
12386
2145
27325
15746
9230
12004
20504
24923
7289
22215
11738
23415
10374
25209
9712
20491
6036
14769
2584
2051
7520
25362
27854
18760
3586
16837
12168
19436
11905
25715
22952
8349
714
18918
9703
2605
8375
22936
301
21468
8984
2806
32487
25319
10449
12111
25935
21732
9929
14700
6182
14296
14562
9867
20076
8425
32023
28646
26018
29739
12671
29503
19215
30222
4343
9420
9862
27928
4208
4830
9058
20342
8167
18216
20938
7907
29838
22782
18569
21354
117
30502
25553
7255
25081
99
5219
30734
19117
15214
25128
19967
19852
21949
27020
12955
12695
14073
23285
10752
22479
26353
7325
31505
6311
1902
7211
23932
12799
24587
27930
172
8824
10656
32391
7379
29504
3969
25560
12291
20420
31931
20678
23783
10460
25061
529
28648
11755
22902
10662
15285
27155
13984
15484
9015
18995
21344
32100
10783
16176
6536
4018
30443
8518
29573
10209
3581
32331
32234
22881
8104
15905
31324
6980
23885
16598
6638
9597
6748
15973
16226
27853
256
25041
242
16566
23971
20192
17071
23290
28325
21274
20215
20288
7804
24245
29495
5286
26554
18498
11416
14308
18343
17521
20772
1701
29703
23273
24592
12895
26514
5405
5510
24311
844
29882
2506
859
18370
7062
21898
25104
26493
7025
11929
1576
25860
4547
28052
9902
23827
27261
26743
18478
444
16113
730
8968
5841
21668
29655
28516
2118
18010
12532
17208
23061
13809
19037
4873
13927
15473
19436
11523
21247
8725
10809
29829
11639
20488
17509
8593
16883
28801
27238
27794
5669
22873
20118
6272
18711
19439
11019
20617
20742
6783
19224
15514
13191
3663
18332
6759
22284
9238
28397
11283
20721
29472
13902
2420
4660
30703
10622
30425
3708
27224
421
2604
11135
27846
1343
1200
11189
15499
5384
30935
11836
2312
816
23685
21598
22348
2361
27790
26647
15285
30454
20365
31707
20834
14475
13184
20681
25662
16691
22957
30481
18056
17477
18966
29494
19906
1209
1846
29233
21609
30579
29686
27545
2075
32042
5319
22700
24281
4396
23122
3931
9374
4018
29260
3730
13959
32059
10093
11846
18927
6256
11590
25199
14124
24975
9175
31122
11946
23793
27884
24057
6870
8401
19410
11783
32380
22133
4416
18832
23025
13689
25344
30286
14189
19550
32347
2765
20630
31642
28751
24121
3057
21314
23425
3965
29186
25477
26789
29224
26723
24776
12642
18267
30567
1310
32146
9831
9039
23704
3314
27973
23742
22178
17445
15582
32472
20460
29645
30736
21964
12837
25369
9281
28545
13662
12618
25567
11897
16368
9912
28175
15790
29295
15383
8914
30847
27344
394
16937
20291
26723
23828
3306
22992
10105
23017
12918
32405
26753
9388
24523
24991
7676
6267
16204
7760
18370
4506
5645
12431
23063
22205
30688
5735
5459
18989
12342
23231
32261
10758
16123
30933
27015
31755
13995
24883
2867
21004
23733
20976
30243
18351
9847
21837
11504
18572
5034
21328
4429
14660
17934
30568
12404
14069
19485
28124
15625
21249
14897
23146
5265
13084
25321
20589
227
7167
6667
13453
7126
19616
7478
14776
26451
9375
15342
18498
7278
16744
9180
1895
6405
18642
13070
4000
30318
21372
14510
28280
30890
10149
23931
25530
12676
1005
9998
17598
27081
29066
15290
17756
19420
5150
3504
22922
5001
17430
7588
30068
11488
5097
11617
25802
22274
26357
7325
6875
23303
7882
14919
32147
376
18783
21097
30612
9171
25810
32119
11504
31103
3095
5954
3669
14916
3479
14455
3271
20640
24973
22852
27653
10642
3419
15492
14796
27214
9891
28383
27128
16475
19823
22986
1182
29959
28912
26131
29982
37
4373
19097
18588
8272
9782
27667
8571
1197
1879
17303
18485
12207
10980
8339
18504
23514
8412
13652
31330
20929
14378
11066
19380
30813
20198
2585
29704
23167
24362
7008
21599
7120
14432
26097
3507
31187
1983
32538
11179
30236
11159
30645
17321
28353
31533
1091
23531
26473
8434
16487
30801
3399
32240
4347
29964
25792
15302
20670
603
14794
228
30169
10929
31702
26838
16028
7876
30901
22268
31971
8022
31278
30839
28206
15608
12525
16462
11060
19632
4784
6347
27725
3933
20192
24298
24050
8630
6460
22460
13828
17687
2925
31911
28353
833
1519
3101
1727
15993
12892
7557
11771
31896
16579
12651
1565
7933
4306
22013
3002
27409
8277
390
32235
9693
10007
8584
536
15560
28441
31946
30967
692
23757
1571
13731
27867
23854
15794
14971
646
32164
22055
310
10724
8236
5016
22941
27377
6449
25099
1680
11656
19083
24419
4490
30302
11304
24030
6719
7681
18407
25304
20761
29230
9027
1397
9763
5935
18521
10386
31671
59
12745
2933
17448
5923
25682
2336
11439
11112
18964
10082
25892
29272
16756
11762
3975
18375
14474
14085
25150
10848
825
29889
12153
22271
4273
4068
14296
27789
10235
19951
22874
21452
2007
6077
18480
17966
21697
3468
18267
13198
4683
1332
10943
21745
8523
20637
7970
3015
1500
28830
31736
10532
15456
12154
10922
14139
27311
26157
30500
20516
7856
23909
19468
14756
15573
27683
12015
25984
26817
5785
11670
23781
18532
26642
1500
20861
30820
14198
30682
13233
28673
11064
607
11929
19502
15553
1463
28005
16457
29185
21764
4262
14481
5415
21888
29386
26591
423
2907
7550
32128
24066
6675
26515
5099
31875
4594
14591
10137
12089
2066
10816
30620
404
26861
14945
19075
31330
6814
23825
18024
8812
1527
9684
467
21202
15444
6279
22582
21705
20673
2006
2968
31863
22552
14913
2773
24709
20913
25948
10412
5234
4696
32187
5837
25447
25254
17614
7187
31762
12478
25749
19673
24098
4283
32613
6348
3603
25972
29082
26270
4403
20811
22250
14283
26440
29779
1182
9917
16030
12631
18577
12913
7609
23283
4154
20746
340
8040
32450
27246
2187
16352
30891
7311
22299
19980
24757
19950
13844
7258
4604
20965
3598
13979
15849
1982
19485
4356
24404
91
21861
23377
20079
24237
1996
28336
29538
13367
15530
2121
22228
9837
352
27223
14576
12832
21822
16433
27252
4674
30495
18172
3427
31566
124
18624
3223
15189
10187
27166
26033
29017
7411
24811
30875
17604
15841
23763
26504
19121
15950
12556
23223
1233
4465
28642
5791
27086
13027
15168
18747
29081
9383
31997
16623
4358
21157
17966
24818
18581
7784
24247
24840
9601
16082
4445
31324
8549
14665
832
11535
25445
1886
3525
11221
28727
23594
16865
12730
1538
10237
11281
32083
17158
943
27873
31458
5628
22939
6300
21568
20725
26133
25266
8403
3769
29365
20379
27905
24964
14927
11603
10200
16096
240
1047
26744
28993
1821
22566
22998
20027
10791
21447
13097
26528
27575
10172
9598
32643
30905
20437
9984
12334
3829
23524
7428
14424
19409
25214
19429
32012
4677
28728
19442
19926
8167
30078
25968
16596
2404
14913
27534
11497
24912
711
29229
28025
13710
17126
6728
32307
21497
15421
29776
515
2759
32213
11255
28186
10322
13516
715
32001
8637
13087
4796
9686
1056
18434
3
21923
26790
22409
1092
3465
12605
10105
13379
20086
23013
5573
26882
359
2678
7201
1121
32199
1801
25519
1709
12221
28586
7772
20386
60
29777
20757
5537
20857
22232
6195
9171
9061
23417
4364
23027
21500
6635
21752
24143
24250
17764
27180
28206
14593
386
14380
8873
30211
19121
26647
1730
17082
21338
17332
17303
27303
18289
29574
32455
22091
4927
2700
32476
7078
4106
26265
10133
3080
15739
11767
21963
7284
20881
7692
6230
28481
18357
5425
25775
26882
29186
1365
2305
18599
15065
14110
27110
9666
6110
25888
4967
3820
1236
4646
15165
13080
29627
18343
25161
11319
20429
9657
12818
27276
31410
2352
11828
13596
28775
20714
5220
28284
10192
7132
19952
23185
9836
30379
11860
3288
27050
30907
4448
14892
22551
1811
23702
17552
19673
12581
28700
18505
20911
12338
9864
21169
11927
6806
9000
26281
23841
20171
31566
6516
735
400
12716
29875
23961
30920
11398
17473
12174
23229
10773
25327
15527
6110
5509
4053
30727
22794
17560
32044
5482
28693
15701
5676
19842
406
13413
23871
30370
12187
17951
26016
15252
4229
10064
2834
16034
23175
31138
19730
9150
2176
11683
12837
2473
20718
10262
23023
9268
4091
24164
6772
5057
28368
2170
13677
18662
30436
21534
14339
26424
10881
10205
19623
1375
17112
22013
10876
21958
10514
9795
847
17191
30637
1988
17074
24490
22178
15514
12587
13082
6470
19529
23113
1982
22206
30240
20454
19817
2506
17183
31483
20843
29977
11043
32090
7382
16164
5922
20434
20649
28485
29191
26242
4088
15646
17113
30368
12108
13442
4543
30792
32359
20476
2448
25672
7520
19893
10893
27947
22079
31750
7320
29500
14531
18234
4787
31720
2048
29916
20780
7313
22140
18924
21321
8684
16455
2380
14161
23824
27691
18607
22101
17229
26001
22252
22727
4884
22490
2138
25582
21446
29278
1197
5345
18276
18496
30183
5970
5230
5605
23357
20607
25073
20040
2037
7949
25499
29013
29828
436
2952
30884
14626
28575
7909
16490
10682
3610
7854
190
19654
12402
24791
18311
19081
10852
14518
4423
12498
1160
18792
13675
9988
18654
12228
29044
22482
11850
24098
18850
27692
2158
6086
5862
22015
23891
1
23323
30216
11960
8498
11098
24916
20217
30884
23285
13829
20128
4934
5129
17579
24123
17279
15790
21839
7730
14694
11586
16487
10161
252
15151
7064
2413
19078
1161
17993
29351
4725
30079
20211
16527
12564
5003
14930
31090
13250
4673
25091
24280
20332
17356
25762
3222
4659
2797
20948
10047
8608
21508
28904
30587
5873
18017
5570
22807
1390
6855
8498
2413
30760
22664
27687
3829
22709
15602
27527
4626
26953
16416
1783
14011
17787
3360
28865
12184
24582
1749
3265
26466
1462
23503
15977
21428
21912
26763
23717
31798
10673
32105
2403
8355
593
30880
3577
23192
32312
27653
17998
10488
3451
21415
546
22482
31342
24930
21513
11456
31965
32475
18471
9477
14113
31909
14006
1628
16879
23609
21648
7475
4275
31518
2609
13575
15383
9677
12202
24261
8942
18769
6888
27036
32416
24870
14824
25173
31660
1255
16956
15665
16128
31781
6022
5361
14665
14873
10926
27412
8759
12128
21169
9940
10532
27369
14939
4235
1564
26109
8229
9155
25508
12761
3475
22495
27632
9586
9277
28871
13688
32443
6770
16775
27972
29790
1588
23231
3400
7694
16723
1573
3129
19967
11488
19020
27186
15441
11585
23519
14716
13419
13151
23960
17833
25895
12726
27636
29611
6817
21366
126
10518
30344
21014
15064
13341
14062
22919
19437
7849
28735
4204
24503
10762
20762
20093
28692
7562
25905
31658
8244
21731
11557
13289
29855
31349
16828
4512
15879
1921
11287
25423
29196
14339
8536
25907
11472
12139
25856
31771
8386
24763
22722
19866
14017
24731
30107
9631
11561
13819
24158
30315
25176
26894
6013
15462
21667
5148
20858
6151
26741
30671
25333
19066
28924
3720
11276
26088
9264
3396
31038
32759
28285
2409
22374
13594
26495
32657
6942
12877
30768
1028
32238
14269
972
14331
23512
20044
16702
7297
23940
23786
15954
2404
19827
24009
20468
21645
22442
9090
22194
12941
25155
6951
20092
9657
30102
1030
21022
25699
6112
21119
29600
21901
16803
27275
4956
22381
29089
1065
6176
19947
26100
29782
12909
18175
13236
12223
13580
20228
15378
28871
15002
9467
28943
17668
6364
26428
4206
1077
16403
17894
8092
19488
24386
1954
14601
4284
377
19283
10159
31111
29522
11023
19398
1187
30903
22098
13184
23567
19597
11621
17083
20721
25288
25296
27352
21951
27044
24513
18913
30400
6634
10152
18745
13171
5310
1810
24476
13132
12972
23516
30168
7423
373
20350
17831
18525
31684
16178
21855
11904
11756
22569
9957
8250
25378
23240
27103
20508
6322
19705
29178
13837
11967
1073
29827
31660
13298
11566
6509
30605
31089
21855
3714
2171
1914
9384
12868
8861
13376
14098
3746
12626
7854
17095
7029
31491
7803
20723
12827
22598
20541
29750
19466
19124
24377
5133
17339
32407
8878
14838
27372
4505
18521
13988
23804
31915
29125
23304
19101
19308
12520
22414
28918
25622
638
15601
13830
25675
28417
31424
30070
14568
4471
22653
19497
5794
5450
20859
12612
19784
9865
1619
4602
26112
3834
24149
1831
1355
4021
22194
17965
2558
22920
17765
6428
27930
19336
11104
10354
20712
12812
25610
23095
27242
4511
9903
22974
20781
30870
1066
12906
557
9925
27218
4157
11862
1104
32178
31481
17110
20539
2423
690
30959
16202
26764
26251
13111
31084
31776
17416
7144
28471
14200
28229
2215
26353
30457
19755
5417
27091
11693
22626
31150
15845
24475
30002
28354
22376
31368
1805
16896
2143
31358
20990
16981
28992
17316
22528
26081
5659
19803
24857
996
6423
26620
27541
6879
7539
15417
27076
8577
7645
13133
13178
32517
9802
1535
17661
6306
23391
2606
10380
30374
4435
16098
18208
12768
18281
30287
27698
27890
6263
14935
23407
2402
11934
8040
28606
6675
1812
20805
20635
29348
15907
3474
24997
28772
21987
22088
9066
10668
10141
24510
31499
21478
32752
13217
27116
27006
24003
7692
18829
23477
28038
31661
26508
5758
19281
29172
18805
30488
31101
21999
318
15680
9801
2308
441
2918
4572
31764
10417
9448
27546
18318
6679
25610
3602
10425
20295
20644
19689
21038
12660
11835
21854
25306
13027
28212
30939
12979
17880
27784
13219
26658
2320
11821
28869
22852
3921
4699
16727
6408
3985
16336
31550
16266
22854
4386
14937
30587
6720
13597
8506
11086
17353
30642
20561
17892
13936
2587
32764
15167
879
16959
6351
14705
29354
11246
10285
16858
9864
9474
10983
16574
31724
29523
5796
1425
29744
8990
31096
29238
860
5733
2733
20303
28365
25362
32506
2407
24024
20854
25556
6755
28649
30149
28128
15728
990
8767
24143
25773
2895
24720
2968
13666
21312
9920
24333
7080
1194
27965
14508
12265
8081
4571
908
24983
15495
5390
29116
21851
9436
23258
4709
15622
32386
4128
3869
23126
13208
28608
4894
2437
1567
12616
29336
21024
19416
25989
17486
31572
31895
9566
32702
14412
8905
17206
3828
13087
19950
26456
23469
27421
32038
29141
9130
15960
19980
17840
8517
13334
29590
27142
630
27413
3080
29559
2390
442
14578
7605
26915
12222
12208
11043
6577
4882
5700
15286
17940
10124
4759
3904
31803
14356
32099
28691
29918
5680
2852
22838
3928
27164
24745
23476
29672
3632
21353
12192
24325
15983
20902
23132
24146
27428
10816
6087
23926
3652
4356
15596
32504
9624
23180
6865
21432
8505
13488
2081
27966
18682
27461
2126
676
1823
15422
25728
1148
5415
22910
1870
19761
29925
28243
29185
10088
25412
7684
27484
6476
7872
19211
10450
6998
13120
16951
5218
18721
21149
9206
3426
8309
13303
22793
26151
73
15255
26804
3251
21578
22870
22817
160
32395
25664
23432
16038
30791
11853
29381
5446
7442
15227
17227
4217
12538
30317
32119
15763
6784
22564
13607
15426
21887
12521
17097
15987
1813
30088
379
29501
16748
15175
22028
19808
7408
710
2126
15575
26805
18941
31372
149
10262
20672
23669
15653
23277
25565
13972
28392
20820
28402
26104
3790
6393
20920
7691
21500
8880
13694
2183
2426
9444
25957
27249
32391
24988
16217
9004
1942
7699
30959
10153
12118
31023
31771
22322
30207
31815
13120
822
13514
15619
7934
25583
32020
25546
16582
1081
14468
21474
17441
14227
10397
4892
22451
23712
20722
11834
15465
32537
5703
19515
30577
18088
6494
376
19609
3242
2780
4854
23015
21525
27905
13147
20417
5360
25813
31217
32090
9302
13368
14989
15799
18402
20971
4357
21106
11472
23962
22227
13374
3251
31656
21955
17538
1636
30412
21497
7966
9000
4301
27093
7897
3046
20224
2403
24963
26397
12261
13652
23320
27279
27774
11118
10881
12635
29387
15481
16893
22153
21626
11077
1768
20312
19925
30776
3817
12614
3600
15164
737
5034
13261
19631
16293
10980
8693
3758
29931
4879
8329
25367
3280
12845
23551
2809
14565
4627
5657
7016
28625
15650
4071
5497
9916
27883
25124
3442
26671
16852
16941
748
775
22250
23207
5674
6612
6556
28443
31875
13124
14672
31887
27953
2613
20176
11526
8636
13729
23324
15647
4683
1295
12744
5063
25415
2506
8245
30672
12711
7437
22905
2857
15477
30510
14852
17333
9312
680
16489
1515
3335
12404
12423
31825
7963
9497
14459
27071
14962
4477
91
23461
694
28092
27164
15601
10481
8268
27765
7010
7394
26393
14619
16784
20691
6995
17437
28282
1430
32654
22239
3586
8258
13944
12681
21047
11760
12107
2547
18145
16058
3314
31450
1528
32520
14739
15100
23778
14837
25609
13019
4456
18887
23096
2596
4460
24562
8517
20165
10802
17116
1096
16383
1918
6416
9329
26687
13348
20824
31075
11367
4754
9079
12554
31670
22172
22324
848
407
12260
28915
29612
26925
10329
23406
12336
15643
1736
24365
4010
31042
7016
19017
25246
4394
26352
21058
22966
15890
7124
1034
24584
27323
25608
1626
22585
32209
15981
12112
25863
5846
