16005
275
6001
3906
26232
24999
1279
28095
12539
30092
31190
20362
10007
21325
1656
12483
21251
18062
9546
16855
20947
24922
6286
3767
31308
25740
7518
18503
18910
7355
27339
11622
22631
31687
20916
25133
26796
26307
29842
5507
3270
20194
25628
10247
32553
17344
2112
8962
13553
31425
235
15848
19810
31096
12673
12290
1595
9408
24175
8960
6921
210
17702
14880
14878
23382
14743
7092
31878
30445
17803
17450
27943
17588
492
25419
31903
29470
3424
13381
31048
13717
18526
31915
24912
16758
21468
20664
1565
26458
14421
16496
6572
20877
26888
20342
12709
3463
25071
27595
12654
13013
32055
25369
27457
2026
23685
11660
28685
14433
13481
8795
8961
12854
31842
10175
31911
12965
13764
16096
23822
16637
9016
32441
3935
9741
30467
12777
23963
11765
5548
13114
24808
17577
11706
23534
30148
30012
196
15362
15135
20315
26066
1746
13544
9843
22754
17143
15258
28709
14446
19085
12611
17415
10326
27409
22614
2555
12187
105
4481
1868
18507
26415
22137
2002
7623
12462
7361
24464
26205
13822
6587
21690
19080
23705
23118
28544
25967
21668
8903
20591
19495
30722
27478
20997
17686
9040
9111
18645
215
11687
24308
18528
10099
30950
16659
8515
27824
11366
15667
8808
31273
9462
3363
6893
19624
21775
30425
21975
28620
2724
30343
4559
26931
2453
2273
32443
29130
13145
17138
16918
26480
5813
10641
25043
1945
1533
30761
25316
29822
22683
26045
12170
31772
17715
24027
30815
27139
11368
27761
20916
20743
18524
19314
17583
19356
27794
11162
24508
9926
14304
4124
27394
25002
17685
21633
19582
2394
24148
13977
24844
2919
19030
29720
11856
4921
16514
31877
7581
9134
23567
12560
16133
16326
9022
2735
23586
20227
17507
14148
8863
25765
19482
10980
6820
28899
704
22268
16242
775
31146
27014
6330
310
7994
21913
21529
3426
3917
9674
1567
21191
15012
21886
20005
22073
14135
4287
3281
3974
25
15127
3145
14134
2434
14296
28555
71
19150
3543
25904
15855
26224
5761
20561
5617
28076
9202
7443
21688
31245
4385
4012
13126
9903
8857
15430
5739
15671
26503
7243
22696
4023
2171
26097
3321
11324
18751
31263
17511
13486
15283
3758
27106
23610
22974
24304
19651
30102
8052
810
4060
21919
24010
19125
15940
6502
23207
19343
653
11766
20539
21359
16571
27896
19282
1750
8920
3569
4000
15693
19221
15263
19568
15615
7279
16095
3641
18667
203
3906
14767
8075
19215
11200
16502
11993
6561
9335
10257
18982
1676
21944
28243
9249
11219
21946
5541
26347
27960
3541
7562
30730
22315
25562
14521
15147
30351
24702
20075
12306
31764
8250
4695
24810
13935
17099
13311
1170
25725
30495
25567
21162
2242
7415
24786
2122
12056
29704
7943
27009
17323
29587
19408
21982
27775
23941
5476
15432
4371
16915
4865
21682
32323
14658
4013
28000
32397
14426
4213
3881
31673
30977
26692
16292
18541
25524
4636
21419
20991
18533
8911
32584
6666
31464
23935
29649
8912
7012
3291
16619
2975
20936
6323
14385
29917
23827
12376
18068
1078
13043
14267
29036
31893
18636
5464
14166
15307
11615
22997
3750
1020
5100
28204
5851
5176
9268
10161
22161
17331
25990
11677
7850
27924
25930
8189
29990
13329
24810
9012
20084
5199
15288
23888
20380
9482
25804
24184
14820
2122
6816
9234
1415
3278
8758
27665
30328
18389
7396
20893
25884
15030
15554
19816
6622
4604
14552
12909
28116
13999
23218
30183
11748
25701
18201
19793
3222
30571
31961
24090
7553
20939
11081
23939
5575
5531
20815
8739
28570
20178
21948
17920
27472
26129
20630
20984
13079
20121
25817
2505
19792
1210
19629
18484
5902
11033
6973
28948
2313
17387
25784
4935
1994
18633
2153
6373
31239
2894
19225
27844
31718
26546
31694
6996
26072
11114
8656
24417
13253
30238
12049
8359
3026
3111
32446
5611
9793
25278
25762
19226
31212
24958
24189
28515
10305
15043
11234
8717
28069
3515
23514
25134
17850
28833
15426
27006
7441
24173
4200
17990
23976
9132
20032
9585
24234
1131
31123
27155
29189
28806
11948
32520
22313
6849
25764
11688
846
8937
13628
10023
11945
9396
21058
18158
24617
16256
9161
10431
13852
23997
27504
2243
5140
3423
28610
203
30099
1697
13535
3613
6620
22258
22090
22947
3733
14270
22591
10644
9850
22393
7348
18865
177
21295
6923
9072
27138
8399
10623
2880
6940
1766
18143
721
1598
6222
8176
25529
415
30729
22789
4074
11807
6134
5106
24460
9104
14584
17605
16198
3761
13798
10731
28647
22084
4700
17578
11005
22175
7766
32685
9183
7130
24489
30469
14465
4228
14673
20077
17839
30073
17907
4210
14491
17139
20949
32722
28352
8932
3684
20033
23076
10508
18573
5340
29318
29893
16321
16120
5604
24293
29859
32561
14084
5789
21774
14802
20609
8279
27748
2766
6554
310
9522
32198
26041
14042
12635
16151
5896
3242
30355
31585
14015
4184
15123
3971
17545
15299
1680
9881
16193
24033
4028
3998
21085
7340
4315
32169
505
20244
14311
7401
14945
9227
583
30412
18011
16640
16102
30218
20594
29747
29677
19730
7443
29755
14813
30124
4673
3786
439
15461
7305
567
11255
22170
19876
20712
4514
1307
7608
12430
31651
15048
25225
10869
19150
19157
4170
22182
22755
16306
19550
4711
1787
30051
18616
10855
5660
15148
31859
15915
22795
13111
20825
10945
22005
32708
72
5311
18542
28063
25050
10292
19354
15765
9166
24039
16959
263
26716
29344
25448
6582
4359
12112
9441
22895
5637
2965
5808
31696
1867
9466
14270
11348
10349
25305
11719
29569
10712
3475
2348
14505
14715
1370
22949
29757
4132
1379
13851
16788
15199
21288
14225
8704
2356
7856
6901
19829
6547
11397
3423
30453
14470
9062
30016
550
28318
26176
13521
14514
30393
32427
19376
25168
19829
27105
19563
22023
20584
9710
19595
5929
26481
32487
18756
9643
3738
14140
30806
31618
5913
24787
241
10454
7056
30747
3316
21018
3432
23549
27088
15770
21382
6959
22374
23848
5206
14441
9468
17900
8214
7824
6772
24589
22870
30884
30901
26166
18224
19765
22812
3205
7076
14454
29203
13764
14846
17074
12430
30255
13619
12039
479
8830
25642
19887
24105
11731
17884
2069
28152
19416
21446
23503
21674
14027
23524
29593
18262
31768
17580
6775
7142
4637
910
13115
17295
2241
31187
28620
612
15502
3442
24539
19286
27562
22496
16893
25480
1281
14844
28488
22759
4003
25863
1709
29555
1766
19228
25646
2931
19559
12123
24655
21191
7837
26906
3740
11346
12886
301
17685
6961
30348
2869
1641
18825
15143
2632
24073
12567
13316
15379
18570
4204
16719
2899
23484
5835
1519
25324
12342
17896
856
12378
28339
30249
10850
5066
16599
2520
7114
32121
11200
19633
1080
16704
27027
2716
5925
5880
1775
22379
16242
8628
25512
14891
5730
5822
5545
22724
10416
12826
18502
1536
24970
25356
31376
14159
5408
25027
4192
1009
29953
17552
6200
3561
20852
7837
29490
20257
16650
21031
436
19962
26754
22823
8778
32741
29753
108
15208
24735
20159
4658
10993
21724
24820
27928
28371
18198
6812
18011
32157
32007
12666
31207
16843
8434
15472
17222
12827
30718
18952
32501
24571
28418
16301
5286
14862
28949
15965
17690
14919
2592
17231
290
22521
11271
3885
1366
5791
21623
7513
28063
8885
27471
14382
3921
29299
6299
28135
9043
28971
2122
4328
2273
24768
12769
13511
29465
14272
8869
19541
4772
7044
14859
23822
32741
30811
19072
2824
21542
3975
1650
554
15867
18469
5491
4597
25863
25223
29003
17917
23704
30524
14296
29334
16536
9519
20413
16768
6879
11511
13423
28484
20078
6871
26100
16518
15526
4136
17681
21228
18128
2673
21198
28997
1253
7186
8990
14373
15792
17915
8080
17732
22963
15197
30424
8740
17446
29456
29298
30698
29579
2668
17175
27775
438
10308
4776
15558
14805
31437
4224
2792
12089
9607
26293
17786
29339
12688
9
32592
11885
26119
25579
5501
13876
16277
17899
19723
11589
11077
22767
17073
27026
26004
16605
17554
18619
11624
27700
25302
9306
32662
5983
12077
229
19633
30411
24458
21882
21492
28160
18948
5696
11395
26165
19852
2049
28191
15786
15967
31715
32586
3603
12455
2776
5822
18432
13455
15932
19368
9469
4520
19477
25471
13899
8837
19485
24698
6467
21587
26465
17418
20781
29635
2305
5837
11115
28030
6069
12958
24114
13708
172
12224
22601
15703
16754
28975
4289
9519
21416
25626
23230
31963
12663
24068
26224
23208
22770
865
32013
19611
23797
23169
7774
31214
9180
6508
17167
19509
5948
11420
23596
14614
11078
24189
10662
16448
10182
14112
1203
3060
3434
2946
19536
13820
25484
15721
15661
18736
10765
6802
16271
22440
28695
3738
14722
6311
8654
21205
1168
3370
17847
18698
31645
19004
13416
22450
16546
16008
16629
20335
25641
10030
732
3143
15183
18617
17960
27582
27668
19254
21094
8314
30827
27797
5926
24859
591
6468
12001
24362
19327
15315
10962
3047
27671
18197
20091
1498
8580
8438
21010
6664
16844
31464
22748
14852
22375
19266
8134
26619
28964
17521
1306
32092
7122
543
3694
7376
32646
5578
21330
30507
29692
14933
29302
3870
23878
1831
31187
20886
6032
2807
29584
3790
27069
4931
21274
11923
5249
23777
19719
783
30734
9971
17074
644
8211
5205
10194
29435
10917
2061
5420
16851
8399
26480
31316
9286
10467
4361
8171
5880
30426
25079
8138
2737
12630
4664
4283
32024
3303
4383
3359
23189
11989
20775
8779
30553
6980
12885
30964
1485
29526
21436
24474
21682
22156
1650
26709
19526
32130
6525
4158
21716
27943
8908
10156
27985
9927
15598
32388
14737
31988
3058
682
30400
30064
10188
17276
18935
8101
18665
30156
15505
22657
2675
15816
24727
20011
7174
6443
12699
21676
16956
28111
28407
15744
22052
4166
11611
10954
29420
5073
22715
15649
28578
29423
24848
15007
5397
21837
19436
29543
23736
29563
4185
3223
4100
460
21868
3284
13154
28862
25136
22180
7329
13122
27982
1271
2320
16148
7604
9063
15609
8593
2306
23181
30000
26491
2523
25305
26722
17479
32358
6790
31814
27104
980
30314
2253
10189
24806
1893
2910
21298
26073
21781
25017
27884
26587
29271
1460
23182
4346
27999
25163
27247
2753
27303
3516
18016
18296
29365
17943
23057
11359
26426
26572
21079
6810
715
31875
32363
18609
7182
25592
17695
24785
32676
32308
23384
16799
22059
3099
12900
5007
30373
17228
31183
5469
23659
16088
14583
18769
10936
640
31652
6788
790
23238
13143
10588
21354
19532
16612
23882
6257
9976
9707
19517
6439
8354
25088
16949
608
3949
29646
18097
24761
3242
4642
12192
26847
23988
22308
29174
2342
7602
8264
25864
471
23401
14314
21527
6154
4562
8736
32761
23558
24161
3727
32518
26221
10088
25878
2978
6340
30307
3391
17037
30821
28356
19018
2714
28080
4313
5615
26957
30519
3648
8066
23228
3165
30839
6377
26809
9347
20398
19270
7599
31375
22962
13207
6798
31746
1160
7197
2075
12978
2727
27462
4269
25782
16739
21697
12332
9786
19282
17371
16776
11438
24896
3912
23680
17888
22446
22492
18769
19767
14201
22508
13680
16812
16185
17345
9964
3495
15479
22094
7276
17338
32075
23420
4592
32183
13935
19283
11478
24720
10378
19229
6505
31256
15015
1134
18936
31920
19643
17980
25137
7081
26000
19776
9962
3474
24186
7779
25846
18516
31250
13124
1715
25629
6872
7845
8658
32523
23028
27394
9517
28330
29421
14269
19197
10257
21963
22790
32043
13018
14890
30921
28812
14437
6411
30814
9155
26899
26778
25105
24342
4256
21463
31906
2544
30242
30293
22345
3486
503
20040
12212
7322
17100
23152
15765
20075
10545
9607
23741
21136
28618
20183
27398
24173
1467
19498
27944
29296
31708
27953
15252
4986
26641
18611
12652
7726
30120
15394
9636
844
11087
2508
26803
16156
20461
2627
22762
6135
18071
10489
16757
9179
7916
14217
2467
30691
32614
15070
20001
14118
12579
8360
1084
20552
31910
31263
11587
3054
13863
23763
16344
5850
22851
31581
24882
3847
31980
27632
8030
15279
16691
12063
27664
11437
25499
1833
8214
23469
31400
32483
15209
23758
2237
2919
2275
13497
24108
3130
5512
20253
14323
29502
21152
31552
16027
11269
10970
20029
3636
24102
31550
17950
8354
12571
23917
1809
20276
16396
24520
8066
332
17329
4982
18126
8244
5782
7692
13882
18148
9108
25575
8309
608
2835
31764
15420
21557
8689
25470
27321
30279
9786
8910
4239
30289
2732
31611
28468
22329
27572
20768
5116
13790
16727
11681
2541
26500
14533
28155
15808
16231
15876
24206
6564
17856
19483
607
31289
3999
12658
9429
29267
16720
26209
5018
26878
29998
23495
15596
2888
24534
28496
19315
27935
9372
2904
31531
8265
5294
21535
16251
25123
15947
6783
4842
21405
31439
14511
4202
32698
4491
20036
14669
7337
4203
31211
13565
19379
20345
32765
1359
6968
26639
12844
6289
20955
25441
20804
26273
25829
13517
18421
14625
4495
6878
23449
32481
19905
3486
24195
8273
25441
17963
13323
17743
21054
778
23689
3423
7474
14533
30941
14798
25191
20193
27130
12856
9909
1920
23440
14604
14801
22673
5377
16923
19379
6477
1526
29858
8195
27191
12981
23327
31106
32525
13623
1778
31263
21046
7240
20015
15830
3104
1647
25631
9347
6698
31365
4201
12852
23792
6200
26795
8943
1758
23618
19327
14392
3509
12837
6290
11089
14230
1285
30143
20372
27885
1279
23132
3591
22640
4135
28716
7040
25579
16100
8294
11255
8868
15633
26165
2386
2888
14652
4891
28566
23762
28116
17077
20909
14981
20207
29214
9839
29452
29877
32401
19263
363
4706
4783
13433
2556
3200
9159
9406
21408
29067
1206
29878
31703
4913
10737
14829
24150
15683
28815
2614
11144
20358
23160
28381
17988
22091
16502
18584
3953
3210
24390
6548
19603
32443
26252
20229
31395
9735
24824
11205
10333
6267
16143
16907
6106
18452
3966
11776
7612
30111
10596
32147
17656
30423
25930
28435
12572
25012
26681
13422
25255
1019
5825
1466
13117
16021
4746
32396
21369
32396
32406
28189
29712
13378
15953
10558
2910
26596
30595
29006
23396
7237
11947
21942
21809
19701
16918
2662
6979
30776
10738
2672
24440
20462
19518
12795
2109
31171
29711
2985
16588
16034
24605
18158
15979
31340
29570
5021
1944
17732
20601
7015
4261
24119
29745
27083
13490
22674
5447
25939
25327
16462
15150
19087
21598
10450
22554
7652
21011
9755
27481
2602
5281
26454
5034
30717
4850
32214
17005
26184
12434
2261
27499
15970
21480
4358
18085
4830
21303
3644
14105
28102
6132
14076
25237
17541
10446
31619
19741
25087
9531
13952
4273
22952
19102
25800
15319
24856
17043
8439
17879
13905
12706
14644
5452
16705
10323
24833
1454
23023
16697
18247
10568
7112
21367
30037
30009
4619
22773
30666
13980
21298
20693
3739
21109
3929
23847
18322
14638
32163
24750
2589
19109
3130
632
8464
24682
22665
20623
28943
8323
23522
4342
2422
25911
2925
27799
12353
8049
14482
27184
22473
20368
21641
13837
5331
19584
17462
8801
8120
30751
18755
10973
23322
28
27373
13307
20938
27779
15598
16109
4684
24531
6985
32089
17477
9400
28932
6690
26149
22674
32237
545
29000
25722
5975
27225
27370
16450
26911
17832
8122
4127
12579
29521
8168
13855
21424
24924
25705
23535
20137
13398
32532
8674
16188
7169
27996
7708
17918
30297
31831
9505
23142
23418
1200
32230
14361
17399
28129
16370
774
7406
719
32646
24401
19314
17826
11660
12633
26024
15226
10845
6235
27117
15228
23675
7037
22813
16768
18843
32246
24365
26793
28152
18752
9845
31528
28323
5788
29615
22480
23840
17900
25160
6160
4732
4508
3571
28296
13508
23415
5153
28692
11049
2861
31460
29353
26408
30564
30046
10573
3614
8841
14872
21884
22592
17936
27180
7203
25897
379
22080
13732
15313
23881
9668
22010
22370
15106
6234
16454
30196
20161
28617
30316
21014
4200
12655
31119
11932
20249
14380
25182
14871
26737
19665
9016
32654
21554
2429
5955
13539
17879
20151
16729
7201
22774
21724
5881
2629
23110
9156
4023
2522
27402
11816
13808
823
16982
26050
26366
1306
28815
8668
20459
31930
14690
18624
12837
18994
32739
27739
4900
22089
3620
4721
23078
14199
19804
28915
26661
18224
7263
28575
9615
22025
3654
18945
10712
30845
20211
19452
11397
9655
17556
24806
6484
17024
15188
11782
23293
13171
31577
29751
29035
24599
22385
19829
25705
15177
4384
31064
17721
28145
8341
30665
3963
30910
3191
10354
15490
18585
20900
11453
10842
11914
23902
17
11702
21053
20410
11972
2320
6593
22091
21317
21905
25503
5378
19760
17474
24951
12123
4501
30268
713
26853
3224
7425
10992
18089
16754
30075
1322
12408
7729
1496
2103
2963
13250
24959
26446
21542
15591
8438
20210
7431
26690
16212
26284
3346
5643
12075
26239
12288
28897
7513
32052
566
24185
19027
1395
17451
17413
15250
6410
26676
27045
1786
12614
16113
6030
14085
17483
24335
591
25481
13520
16970
5263
30861
17125
28858
3042
4954
8173
23034
28193
11056
2719
23062
31779
20592
23632
8445
28749
7790
18522
16296
18158
6416
1481
9920
31029
21313
10495
22007
27393
21323
15437
17589
22049
7369
11559
10957
386
14887
6540
8734
5682
22542
10425
15610
18672
24529
16160
25871
32501
7236
25988
18943
1298
3517
3367
10119
19196
21445
8826
21437
16092
5966
11241
1792
13021
24031
9207
29010
29651
6861
31155
24401
25706
31053
12217
4489
22954
12442
7131
30242
3216
15704
23319
11583
5175
15320
9274
4686
10169
4682
3385
20484
31420
21340
9870
31691
19619
27753
22868
4935
1251
32528
18010
17261
7819
13378
60
17267
2408
4693
22864
4167
22257
11859
23691
29519
1653
18151
30616
8550
29828
30282
17666
31470
19284
30586
20378
19706
26055
18641
31324
2771
23645
16185
27057
27918
23573
28401
1199
11044
5340
19252
5940
20523
23392
9966
23028
12200
3004
17806
29096
4301
1458
5396
24865
13528
18495
13907
8717
26674
24537
7656
24654
21435
22672
18672
21742
20468
17113
13614
1639
15301
17849
1973
23581
17530
13295
6235
4201
20446
23745
22169
29859
6288
24461
12656
16028
26683
11796
6027
17982
25770
20919
32283
2743
19747
15121
27471
30130
11071
6930
18176
2798
19022
23081
15272
17110
30264
3207
24292
26516
17740
28998
32451
3890
1974
30690
279
24319
18211
11698
12132
17159
1845
13385
30047
31801
149
8518
20879
31389
8915
17629
17790
31646
8622
13023
30734
32281
18238
30691
17003
19679
13839
23245
1533
11916
20069
22784
25273
25976
3111
31215
12918
28139
17534
15250
11009
13730
3465
19945
3751
10418
25205
18589
7830
9504
28202
1585
12435
29919
27160
1659
15529
24360
10345
16226
17627
30509
20130
32496
29458
9301
22933
26659
22300
6030
29242
17982
28223
20909
18193
22251
9359
15680
30422
8393
14937
11540
32458
8533
10679
10372
25719
20977
27698
25746
32083
15231
25287
12142
13322
5942
20777
17949
11613
27730
30668
7378
14687
32492
9124
29396
20688
14212
18968
16476
29390
30971
6651
16208
7432
1987
22715
29252
17001
18571
12136
25457
10870
21021
12369
24894
3346
10042
7441
22168
12547
11976
1853
8840
21687
27120
14391
3710
29012
803
24519
20598
19125
16665
16189
18909
10174
12555
19622
20430
15046
13496
27116
7921
1938
22247
4580
10979
25544
4553
6799
6230
9680
15789
23797
2622
1266
25951
2421
10540
1175
23933
10405
21866
16675
30122
13156
16769
1198
8741
13650
10042
112
22177
18522
597
10972
11666
19131
412
28801
14961
5975
32565
6071
16777
7664
28335
31324
27156
25343
15257
18811
23331
5931
21841
19852
7049
32213
31007
27494
32039
23845
30110
2984
32676
20
2058
30259
20769
32399
15056
28441
27132
8427
7799
30650
31385
26773
31810
31073
21121
21376
13873
13125
26755
23694
12766
5044
25964
16015
30870
7011
5879
22319
26899
12664
14654
18154
9614
1107
31414
30991
4759
22732
1926
24538
26454
27404
4764
26263
15060
19378
25249
20401
31674
3803
28080
25355
12529
13748
25668
20204
7153
2897
31035
13532
24519
16986
28222
10328
2357
15231
4243
11110
11125
17335
19527
23750
14704
2979
1325
10354
25701
14776
20579
28146
31526
29036
26511
12987
28918
16873
2471
18129
309
4727
27575
2409
11923
6987
13976
1445
9833
4140
1509
26934
21123
30177
13470
13864
10137
14779
32705
14956
4904
23002
22138
29629
23523
14514
12774
4032
18707
9131
16251
27241
11155
22337
17365
22387
7666
10181
461
26343
28492
9429
16700
5513
31241
29706
5600
24146
18103
7937
32526
11188
7009
15447
12233
6446
24664
14375
22154
24868
29085
6874
21422
3002
5298
26352
1405
6132
3523
2996
18685
17052
20323
21924
12043
31787
12217
28809
14103
5738
6915
3285
2622
9972
19990
32624
6842
585
1065
272
3618
13811
11504
5727
19100
23706
31793
5854
9568
31562
11627
26749
4482
12191
14935
178
15772
28544
24592
22009
12877
15229
5399
6399
24103
25849
7603
14451
13610
10437
20648
3339
10529
20957
20306
26763
19854
13052
28314
29864
32523
29975
31251
25152
21261
8639
27296
1501
28956
12605
2458
28983
23402
24174
28186
10630
23462
29244
17043
2292
31979
27156
22807
1944
5846
9111
10524
2179
16218
24469
12237
20121
7273
7725
29948
12570
25831
9489
4724
29216
17353
6525
31440
24725
9381
5398
17450
1105
31434
15286
4000
5146
27577
30283
6931
10745
8785
27129
17808
23909
4994
21949
23970
3998
16520
29872
7096
627
7481
14397
28839
861
21496
32713
12426
6617
4671
5624
27892
20362
15031
25248
20724
27186
27476
8845
19756
13238
21475
21451
6765
31738
12919
15550
2586
10565
16686
10587
32
28266
16183
29216
3407
4053
6469
28951
18002
24324
14451
25407
31884
29598
11029
13821
10447
9768
31330
10566
27906
26245
27209
8130
18591
24790
5694
560
20009
7465
928
3402
21706
12760
31868
18052
27023
15154
7751
3212
5387
27188
14590
7521
4915
21244
11596
11749
26136
31477
13136
4103
13141
25654
28194
11364
29302
16561
32460
24036
164
653
31636
21499
9350
27588
6457
327
26662
31292
20816
22968
18446
15149
31159
6825
18983
21312
17970
7230
31361
17051
27921
14250
4766
8607
23276
11635
30488
1742
25654
8882
29805
6404
5021
9222
20360
18264
26973
13770
28861
18206
20253
16814
19648
965
18304
10158
12446
6806
23112
2838
2026
14508
18354
3338
20819
26453
21454
3501
5193
14199
12694
14688
23424
9077
27721
13615
23525
28356
1252
4850
19241
3033
3415
2468
29187
17217
11834
212
14641
23710
24825
4112
4294
22712
3971
32152
7827
9752
16799
18031
27454
22575
11078
7240
7842
2381
17729
17867
9066
115
17968
16100
9549
13886
19241
3594
2807
2173
16512
28831
9844
25495
2818
19234
14264
571
411
368
1051
22825
16989
7940
11465
1496
28417
7576
771
27726
28545
31433
5006
13748
26992
17015
23493
29894
5250
5119
41
25080
14561
12905
12593
10676
27625
2666
29491
4352
26588
16309
8964
32049
23693
17843
3175
15161
2125
1466
12815
18058
15057
9072
25248
28023
1859
12593
26146
2501
29632
17769
16509
13887
15417
10925
11706
21240
9018
16268
8258
29642
22013
27455
21045
8005
3150
3606
23848
26898
6445
26784
6398
20568
6576
2792
29659
10663
6293
19097
25570
30887
24465
30377
31858
12872
14001
26008
12830
3503
14543
24600
28090
6015
15840
1628
28830
14267
522
25138
6743
7631
21624
16875
17964
22885
25884
30067
29510
15091
18384
8228
27815
16135
22434
382
21642
13186
6359
9359
1869
24711
16361
22255
28820
27444
28992
18535
11474
25149
10545
30195
8174
931
17445
2328
10405
6878
26413
16479
21107
7499
20550
12719
22609
23971
29798
27170
17421
25457
21019
10849
17330
23671
15606
1695
4408
6397
19078
1269
28977
21081
11260
2747
32475
30835
31652
21362
28145
3275
32506
21834
30367
9713
18722
29361
15480
3710
8957
10872
21064
53
11014
3305
23071
3763
3754
18255
18198
10459
24591
22210
8002
5462
4462
9078
27396
6435
30374
11580
7954
2254
25519
12440
12220
14999
9200
20135
10305
24698
2582
2203
21144
5283
23182
647
15038
14889
5663
19594
6232
15520
27038
27389
21902
19529
11616
8776
16372
23710
3482
9345
25637
14650
5465
21030
16769
6782
14283
24853
21399
7877
574
18755
5133
10928
17945
16308
26360
18098
31796
12913
28932
24931
10464
30744
5503
31979
3754
22791
24868
28037
4104
15884
27513
10405
14539
30485
23102
6570
13789
30366
9
19657
23631
7189
29982
19648
23971
13737
18968
23393
6826
23267
25610
14938
6850
6678
8778
21837
24593
25554
23184
16833
22632
7595
15495
30213
30646
26634
3756
8082
19824
30706
2008
32696
9856
24181
17352
2267
13366
15388
7427
5959
27972
4710
24334
5945
23692
9050
3874
31115
7807
2126
26028
14567
13663
30730
24452
17222
1417
7938
25991
30703
4053
21791
31336
24768
30219
26753
16040
10270
28091
15262
8041
3087
15373
8765
26617
566
11340
17037
30255
22301
24539
19911
16456
7193
19562
21468
7414
10989
13711
14387
15546
21119
12348
29593
10190
10553
22008
22047
25141
15172
14220
31574
18655
15036
31162
18332
19071
23892
31762
9869
2650
24807
24856
31154
18585
12024
898
14251
16758
25043
9426
5199
21011
10739
6603
1570
21337
20606
9633
20702
15132
16475
8002
23459
19261
5002
23573
16142
12901
10012
24437
13587
22227
21217
20268
31212
25587
9173
24258
13104
26763
1143
20813
6718
25956
30247
20833
3224
10208
13519
25722
13857
5463
23629
24198
17270
4618
32466
11372
22500
17442
459
6481
889
27127
15422
8235
23131
15114
24595
31595
8187
7526
31593
12410
6665
18888
4395
28323
23569
32560
27755
24295
25701
4299
29596
16475
29621
20177
7729
15586
9044
26468
14354
382
4955
31901
32208
20340
29087
19964
599
12847
15169
214
13383
23781
4194
9924
3165
29386
9838
11187
9384
25610
28266
9095
22776
24307
11126
19158
15972
17057
20874
20788
16829
30269
28470
18436
14976
10689
27447
8283
19072
11029
8651
9309
18080
20211
29799
29000
860
13022
13473
5209
19561
12625
2285
10808
471
14116
14878
8815
14644
3397
32363
16009
27946
2500
9289
11416
24296
26414
3009
15269
18022
27879
28933
9163
6921
16192
13847
18062
26857
2444
19016
16775
29841
15456
14835
4872
19343
31931
30910
11968
11577
25282
15413
5619
7843
27699
6745
27495
7385
11612
16714
3323
17850
11451
2680
26429
27340
5894
17538
15458
21922
32609
4510
17755
11759
27970
9254
26070
27551
7772
2835
8676
1613
2367
12974
9228
28757
3679
8689
17033
5038
4489
12710
17660
23967
18870
5088
31745
29340
28205
12963
31836
8678
10898
10820
1909
11176
9942
19496
29702
7250
13243
29478
15404
3637
22845
20117
1057
29884
21950
12457
20192
11637
17234
25571
27811
5402
17328
23107
9944
3729
3295
3465
21778
6102
3222
1989
4047
11219
17266
13549
26441
2708
31756
18464
7369
15624
27630
13214
31398
3654
29904
12926
31951
28927
5708
20279
22789
22197
5473
15217
18787
13285
7425
11278
32078
11799
11204
29276
14735
17905
1515
27717
30034
32631
8784
25878
23642
32430
26278
22290
8055
25535
18759
14717
8856
1058
31732
9141
541
2308
9256
10359
2548
4315
28385
5227
10107
13837
4041
15144
5410
21639
31244
1377
23586
27373
30202
5438
13546
20889
17411
25248
11638
32411
6378
25938
11211
575
19182
28708
13939
404
21331
17949
15640
23384
22869
9748
10234
8465
12124
24735
3491
4130
17543
16393
260
29411
5819
8064
9726
2614
19740
6448
31118
21345
15670
30933
15795
3836
12859
9966
6704
20933
20096
21393
1520
22644
22700
15266
21277
1057
17005
11596
4753
32370
15005
18507
1446
27177
25266
11372
32496
22072
27464
20376
26576
8018
9140
16089
2975
24044
16273
16512
29042
2837
24800
4378
9366
27284
31499
19505
1517
26085
2924
28022
28712
20236
28730
22603
22326
40
11890
8534
28820
12942
8982
4696
27126
11678
8712
29297
32743
28279
5941
22212
28246
14064
30903
4176
21205
10071
13768
21220
3155
10613
23986
31096
5827
23196
30611
27282
23451
27960
3258
9080
28381
26834
10549
6245
4271
24438
23603
4976
22412
1444
12400
603
20288
22162
14339
10816
6632
22764
13453
28044
12554
23886
16749
10518
29185
30132
8350
6682
26662
30319
7564
2549
14825
20593
23701
1615
10593
7334
22954
3766
30161
15311
1141
14070
10663
12211
23218
4400
17819
12148
9717
10901
32199
16184
7400
26696
22835
20538
15867
31949
18504
19076
1465
11342
26306
27444
21598
25148
10440
25429
19912
84
21292
3168
10532
27940
19872
13857
20823
7730
15988
5548
4765
22978
2558
24358
26151
31907
30201
24580
27142
5158
7513
19821
19867
3188
19584
456
19984
6429
5356
14458
16617
10248
21355
19763
1488
15628
10215
5266
19472
21314
19511
27301
25745
21214
3209
2088
23014
58
23963
24841
17855
5069
3496
2798
8570
17551
9426
455
6193
28183
14377
9230
22945
23795
7541
2640
3364
6055
8726
26927
13140
2655
7355
3991
32250
30342
14386
30461
17197
28580
13104
26788
11802
2939
14111
14825
28862
1406
9185
9715
17162
27288
27532
4067
7789
6621
26741
2759
17560
31589
9723
7033
8491
16328
18491
4846
5615
13257
2835
30231
16539
21637
516
32547
19372
1043
22616
28401
11761
634
11241
15962
10384
24009
3099
17650
3738
9901
13154
17871
17986
3904
9629
14035
19517
8
9496
24983
8551
21587
26855
6295
7187
5498
10748
17104
32277
9244
19719
25187
5720
25677
18161
14370
26173
11105
5496
5222
17085
15292
21880
15423
22792
11733
14257
1282
23012
29738
18954
18107
16616
5278
25429
30107
31686
11077
16698
16666
19689
959
26648
25372
30561
14357
15024
23365
11508
13863
12369
10327
21818
31048
3133
30427
13684
30856
4594
32341
16000
7345
21234
11555
15715
4553
18445
9500
31060
18194
11893
19133
24498
888
7797
27609
16555
21413
24986
13117
25649
17881
14883
27518
12394
25840
405
28248
26086
12161
9570
3944
8470
21109
13035
27822
18981
11618
29244
23910
31789
29240
23999
10281
4285
8312
453
21471
5655
18066
28943
1846
7511
5115
13636
31213
16505
32767
18903
24440
27918
12419
28716
20774
4727
19189
28752
24278
8663
30583
16886
951
31269
5055
8033
14886
4418
9475
19473
14160
4298
27580
12153
29129
31310
1581
9148
17356
15526
2275
23413
11199
21422
2410
17779
21657
14440
20344
5538
21865
30558
2536
9848
16193
30866
6567
2503
10274
15870
11974
19678
31470
17210
450
18522
26747
9234
21757
7927
32141
22382
23226
28669
1178
20140
20433
27039
4772
5995
29419
10558
4366
22968
12707
25871
18622
1359
23258
16772
12199
20192
30283
26738
27727
5339
25768
20901
22693
18935
8610
16169
2735
13011
22896
4060
24602
11370
13993
22012
15311
31094
11493
18929
16452
9185
28424
10121
13901
27839
17595
11899
16103
32085
1934
30873
19000
2659
20364
21157
5957
3685
14425
27212
26543
10550
20262
27177
23132
12830
7002
29508
25997
895
29544
9940
26475
21407
25507
18289
6432
20922
16725
11822
22220
12260
3262
31332
22308
31172
26556
13905
22917
7131
27896
21581
4042
7805
16338
11330
20515
8883
28192
4492
396
1616
8929
27747
5307
27054
8290
24158
30788
19276
28174
18801
30960
14150
2189
17080
11700
26360
14876
22973
17329
17543
28185
17248
25841
27339
26008
6545
26789
12861
4722
15417
133
5251
13182
13288
22184
32709
6272
3607
25247
20345
11685
3018
22291
14147
18516
18915
19429
7323
22985
27984
17212
909
26409
4436
30200
26603
1432
14565
10884
21210
24866
27753
27639
32415
12546
18504
17718
16429
22428
23989
11918
28739
23497
27738
1124
14722
19086
2312
31985
31097
23817
22898
957
5260
1883
4132
20792
19155
19325
3573
27861
10661
18094
2158
25461
23211
9767
10444
12465
5226
24468
9808
26176
27470
22915
15924
23204
8017
13592
9172
9104
14549
11573
2560
20167
32272
20247
23255
3430
20195
24492
19344
26839
23558
838
21315
14218
23526
6949
31431
3619
27120
32557
29552
26072
7444
13416
1135
21194
22772
2427
6522
2871
8620
15396
22198
28004
1063
2404
21263
8065
32372
13878
24426
24649
29734
1656
25583
13144
8680
8091
956
14721
6955
7078
2853
26927
3030
1422
13144
3238
30774
13229
7463
17334
11306
7849
19801
19266
12964
12852
18569
21047
23176
20839
12208
21916
21319
28876
23023
24624
31369
9007
21485
32435
9257
20142
6829
16430
11527
1208
5236
3297
3644
29170
23597
17660
8587
22111
18264
14566
1125
15964
15213
26765
9441
15822
20726
2069
27326
9552
31971
23633
15918
1730
2638
30983
3271
29769
5116
24659
23609
1794
14953
16029
32657
28357
6940
15661
12526
24043
21330
28506
9868
14066
27120
8224
4521
32220
10254
4088
30560
5807
23422
22186
476
6100
30455
8703
32495
5688
28622
7483
5182
27685
26106
7696
10614
31380
2166
27511
15547
9310
23288
10536
1111
20331
30713
14380
26029
6093
31843
11566
1920
2873
5871
21049
12192
13539
23007
29163
5944
15435
9867
13297
2214
24580
25545
7214
11943
16424
25404
12830
15642
13402
21716
4746
25006
23167
8632
28949
27793
30015
30068
20423
21931
14703
5387
194
446
5948
25545
25324
5970
26180
488
28576
25682
6503
10293
1906
8888
9627
8414
26563
8043
29103
15937
10463
20705
20750
16263
6541
8142
10732
24081
2076
11505
7553
11734
11623
16845
23579
31691
10194
24240
21223
32185
12038
23443
12871
17758
10293
25116
16894
23152
12470
28054
19963
27823
3836
19094
9488
25853
17801
9219
8327
17926
18696
7720
2349
23291
16563
20976
8846
18804
5690
27503
19995
2023
19912
16690
7245
28796
13184
10734
10037
4646
25455
11756
11698
17570
8635
21392
18016
27194
723
9411
11077
29867
14290
28696
13007
2168
4114
31140
20045
30033
11254
1278
32636
18827
20299
16226
3353
8878
30634
3409
25595
15490
9524
9564
19344
16899
25783
31913
18053
26147
19918
20813
28732
23
30046
12839
22376
1271
32299
30560
24062
3833
8017
22212
28505
3732
1535
3426
22047
3425
15851
29504
28566
23672
1729
10394
28093
2451
22448
8101
22567
7105
9995
27627
8761
12811
32656
5688
26957
18138
26601
27937
5992
26035
2399
14378
29671
15542
19187
25815
678
7009
18792
17878
8610
15095
13351
31708
6238
7577
706
3317
21171
13804
15657
4468
24219
31354
4002
5280
9836
2320
7760
14192
12559
26839
20855
5163
20908
5179
4146
27003
23457
20610
16228
17847
26674
1743
19544
26221
2838
30596
30640
26599
11371
4687
14668
3497
16175
22305
22533
31346
25172
8452
5949
2654
27087
25744
15720
13574
24181
10229
15079
7324
31780
18634
18073
16641
18793
5125
7206
29626
200
9560
19984
28348
15901
32266
21116
23724
9137
25967
29551
31848
19626
6488
15908
23198
20594
24616
19634
12828
23325
21361
19165
23251
6798
17835
32030
3572
4525
3781
19209
30755
32516
4980
28619
5210
17137
12195
24687
10469
11761
20576
20773
25974
15907
4536
22504
31656
31668
27434
19811
13046
27573
3359
16910
23394
19027
1847
19397
31253
21442
13308
11909
7737
28103
24693
30423
22533
15089
3671
21122
2566
23239
31703
10915
24366
16004
13937
12568
28294
17090
21946
19909
12566
10915
32601
29455
20230
7419
19044
2202
22465
2417
8769
655
18878
22152
1799
27863
27985
14782
27648
4868
600
13776
23998
287
3699
6442
14911
23373
19784
30907
11097
556
16026
6718
3717
4652
9046
5979
31455
2676
2121
311
29506
25996
24289
14610
1723
22249
31849
21238
30892
6717
32409
26464
1219
28951
19802
12174
18770
16621
9584
16585
32190
4701
28453
24200
5416
26616
21077
1058
20370
32620
3882
29202
16873
20003
21118
30656
32188
24519
947
3440
2167
12855
14210
12127
1345
21772
27862
21427
29900
584
32376
19035
1963
10179
6771
4145
17130
20270
9541
31069
20
2264
2284
5961
5302
22935
6722
29096
21545
9479
20826
10761
10704
1775
28794
32452
27967
27468
17925
8337
17179
13234
26715
9375
23323
14679
