26241
30645
16114
4391
2923
26227
27873
20005
4566
19053
22768
12943
25107
26646
14440
22165
26926
21765
6503
9436
998
2769
22146
4904
24379
27953
17359
13381
13330
30972
9535
3639
8596
19890
22675
2941
25878
14403
26795
6324
26704
27142
9649
7281
15371
16971
16035
27247
29527
7612
14106
26490
6814
13527
22399
31385
22959
2640
21736
9322
30020
24497
20554
1290
7490
24517
3606
26946
19639
9239
15760
1251
15157
31458
5591
30610
5347
5656
31077
21820
8817
17290
16598
4789
19709
22191
13300
30254
21152
9637
17719
4518
7081
1586
18702
13605
20886
6040
5287
6983
14809
15628
11482
3815
8909
22461
3693
29259
4321
29178
1921
21467
20063
8334
26850
10799
11266
6399
14017
30480
6280
3104
14101
31559
8705
13919
32695
22952
23158
6625
23701
15060
20378
21567
26981
31924
20122
23044
1701
767
31856
31984
2491
17019
23511
22584
30585
18832
24766
10886
21995
12722
31643
23207
7821
26955
31989
22528
28472
12165
18864
1717
7260
9610
30553
23453
1264
29004
21538
10989
10672
8131
12402
8672
31622
32359
21041
356
8582
2488
12145
32535
21209
13617
8174
25697
5189
6717
11211
3550
518
17632
18172
21096
10290
23979
13214
8479
10111
27603
2379
24288
30032
13364
24869
7690
6015
22596
2380
29151
9539
30654
6652
20060
19350
19992
15098
15161
12777
13123
13975
7317
18288
12330
11544
3408
12495
21392
6251
30924
26226
16380
22304
3643
8415
20444
12759
18829
3284
31750
7328
30343
13466
4302
16396
20429
19568
4829
27809
16369
3779
32210
17989
15070
30243
8383
13422
8628
15756
26072
23122
11957
6794
944
3875
2744
3135
6162
27344
8920
21722
18241
5873
4049
16770
9288
47
25214
8739
1510
7179
31523
32500
19294
12932
15800
12929
4999
3487
31708
25400
27387
27191
1027
20564
4144
11788
13666
20638
9457
3017
27433
16101
8744
18482
26572
29556
24621
856
15206
29680
8281
29096
20934
18278
25596
8346
24034
12906
1621
19052
3544
21466
25005
1532
10048
29097
16650
26400
10760
22272
28300
10643
22787
18156
17699
8843
29707
28464
31211
30857
2884
16426
15310
19610
20655
31364
13036
17034
22193
2555
10805
8686
13667
30627
18236
6651
5826
6165
30773
7913
3094
19458
30817
29186
2490
10134
1911
16661
28252
25751
22191
26759
12719
26237
20255
10286
25315
12372
27239
28405
22009
25893
14040
7706
4488
22103
13993
344
26574
29999
1401
32238
9569
21165
895
4036
26632
19223
24808
28601
25605
4881
3013
1719
7268
17408
32057
24114
714
6385
7461
5038
30550
7142
31000
25440
19623
28301
27119
32367
6891
28132
23600
13229
5516
31964
26956
18400
26905
20784
31357
14189
20486
17971
14576
26528
12194
30580
5360
27396
13300
284
122
6757
514
23795
9262
10098
23355
522
21771
5156
19020
11670
21687
19206
15743
12842
4738
615
25208
9507
16750
1815
3703
15848
27707
409
19268
7940
25662
28389
31981
25056
25875
29770
20113
26707
24374
17876
31276
21847
30676
18466
30206
9541
15558
15238
26931
31628
4129
6723
8374
7202
3418
11236
10295
2991
20404
31802
20518
12946
7394
379
26400
4764
27180
23979
1126
1667
27078
16165
9339
28427
9511
8843
31575
27912
31205
31036
20158
22675
1176
30056
26505
5420
11204
3302
28872
17606
20500
9631
21823
6637
25783
26582
19796
24804
20498
21257
4687
25737
20575
25157
29918
9613
29811
26121
10726
22016
12928
3118
14799
32758
11530
29036
24559
28333
22895
20687
7009
23405
27058
29661
16971
24684
26015
19965
24201
11486
15211
24795
10899
6227
12702
8914
9259
17985
18171
23869
14848
227
28766
6100
13438
19758
24674
24131
26534
21215
9264
15974
30453
6629
14498
22678
21006
21745
32544
3032
32138
22090
31655
10877
9150
20249
18307
24632
28483
13658
9900
28120
97
5725
21939
24800
9995
5963
22626
7524
4761
4657
3649
21782
8411
18688
10324
4349
19824
20626
27842
13044
30639
22936
26072
8538
19799
30466
5788
23147
31851
6072
9549
30885
2806
12479
15083
224
32703
13463
1547
12422
9045
18436
29542
2289
15913
25882
13318
5446
8167
19178
4156
25876
1962
11143
9600
14085
16291
2202
14090
14383
23843
23225
3013
12203
21736
10606
24318
20754
29113
3733
5474
14570
2052
13184
32112
7538
26848
8646
13641
9130
21724
8845
25110
5508
2908
23565
2908
19201
24309
11117
29645
10782
1937
29404
20423
9269
24067
22045
6954
14106
5449
20203
21739
21260
11496
14584
25157
1718
11268
18121
29446
6954
17791
7075
29424
29986
23595
4371
6943
13141
15168
24149
24978
723
13487
8673
19301
24980
20566
9493
25140
6857
733
6038
23924
20232
8503
10237
26902
10872
32476
4730
14296
14763
28379
10667
30447
19070
24416
2406
8527
28146
24449
6502
323
21328
23628
14241
29824
2449
18652
10636
12343
26627
5903
19136
11608
14682
14230
27141
28321
15348
30810
23515
30325
7012
524
24286
24290
30596
17645
1974
23154
15865
15752
19896
24247
31780
335
25169
14224
7362
2710
25559
4918
24275
17560
21036
31866
15605
29766
4197
2543
27982
15663
22514
4027
12850
13032
15772
31412
28232
3012
27420
18126
22249
14051
27264
15719
16991
4004
19059
3104
707
31174
4305
23705
15297
3880
20039
14579
4113
19909
2054
14751
29264
6598
30794
3962
25191
6742
8456
7825
14185
2827
539
16400
21289
16611
13640
6215
21694
30704
20394
29447
5837
9958
3903
16881
1026
926
22376
12754
30583
3830
15137
29522
5955
13227
32077
16967
22879
26701
30095
12041
1325
1641
24145
180
2895
9884
18716
17189
31107
7721
8105
22273
19610
1062
11432
8438
3472
7004
31264
9012
10672
16069
24421
25881
5641
4167
22693
14252
11686
19698
23232
20208
32552
19965
16217
9381
10908
6791
6322
26574
7237
3371
11584
3712
7214
7573
31344
14991
14091
10160
1709
2456
30829
19647
16970
11276
8632
11716
22267
15295
8093
20653
21450
9955
1442
14686
23132
1968
24242
18110
8665
525
26412
20571
7123
16950
31283
26646
28382
1060
30810
10573
26619
13741
6342
1038
26525
5372
16802
28922
21396
16516
17966
1096
23882
9501
32458
2111
21702
22986
16626
7000
18594
736
22278
17632
23981
20385
19991
25996
4395
19760
10788
5791
8979
19823
7457
18752
8714
21027
17814
15970
20932
17409
14225
22828
12503
31246
8096
28296
8672
25837
25816
13487
14255
3608
24955
28587
17670
21038
2493
5853
12563
2209
23114
20923
22090
9014
2409
9403
15807
9054
4674
32517
4570
1788
4312
11173
27373
26165
4742
8414
31493
6130
8431
14102
27291
24938
17761
5071
5116
22442
27769
22551
5116
26689
17034
32616
27907
7961
15056
496
13011
2701
3211
27305
14132
16878
13109
27461
26169
20462
28569
26
11525
22189
17661
19414
13379
11375
29883
10945
29913
29530
31978
20416
25323
27472
27384
1121
18905
1311
17877
24674
3194
4341
13970
30806
23758
24391
22405
23089
8979
9530
31559
2041
7518
7757
5330
17733
1473
3689
32726
25
30102
5983
15687
9688
32508
6548
4248
8327
23498
1369
12598
16041
15235
29603
24074
24018
10854
7516
15524
2892
16095
15718
21594
5397
19788
26551
18466
12637
4966
25710
5558
31087
21046
10904
12099
92
29353
7746
15577
21685
10547
17846
29011
6492
25949
9527
8144
30575
6554
17729
2723
8796
5252
1129
29720
18192
18336
10118
11989
3688
14722
12039
6698
772
2366
14238
18464
24934
6795
27184
14169
20026
4506
22186
13971
331
23432
337
28
27455
3740
28422
17831
27824
23941
13349
19811
28486
8214
23780
29202
31361
30427
16054
22624
15364
27195
5354
12812
2011
32581
12887
19914
1411
25281
29807
28583
16882
21831
18943
17686
6541
5967
24329
15144
1184
16515
21967
16830
1104
3294
3626
25334
26185
27811
2219
11891
25837
26334
30386
12542
32683
26776
1010
6591
5452
10968
9321
7982
27055
28549
173
32109
22212
17613
24877
20261
2283
26077
6111
16805
5305
15723
16544
29311
12586
14871
4086
28141
9669
6702
11818
4601
16267
24947
2461
16576
29906
25588
32323
27461
7316
23001
23266
18516
26722
26424
27040
24920
26473
20630
17171
7454
20133
29251
18463
3826
16334
27502
5870
16282
27230
32278
12146
21426
9273
22732
10648
12674
20676
8636
24665
14444
5855
13070
1130
25897
17987
11493
30039
2856
20781
9977
22529
30623
28750
3407
7880
21093
21776
4201
19792
30876
10204
9523
26198
17327
31633
11224
1116
1306
24926
3068
13089
18714
30287
12450
16148
28970
4062
22398
18534
18150
5546
21702
5031
8866
32745
11068
7495
8085
27124
8493
16498
5524
25689
28693
14881
18135
16286
20277
21556
212
16942
27370
25861
3306
22474
6774
8460
21455
30061
25450
8474
20816
21441
26897
23766
30376
22392
25994
7307
1807
15705
5827
3753
20257
17279
10153
1093
834
3956
13973
21453
31197
2981
28717
23153
23123
28332
32724
24187
16326
16294
15918
20862
9165
14268
27522
28209
1682
24893
7730
7154
825
22170
11075
29243
2383
17464
13943
26003
24303
14704
31450
7896
23173
31951
31714
20365
1536
13340
4175
15775
30480
1791
10135
20346
851
11950
13754
22115
25790
24599
12663
28993
25013
24339
12441
14385
27179
19706
1437
1705
31299
25924
13548
8316
29281
6435
28552
26253
27098
4906
11523
20489
26969
21263
4598
2856
4314
2151
5214
24844
3341
6056
3141
26281
22287
6401
30164
27398
14747
16038
15770
23795
4621
5558
29632
1234
29337
14549
8165
6173
15013
16424
24536
5035
8574
22623
30867
14166
5002
17819
5204
14519
26647
20066
12467
15116
9262
9
21138
23363
31348
28778
8062
7848
15111
17086
32493
10788
6794
11521
3323
11451
32540
29834
5914
9662
11347
24274
8607
3692
1400
27078
12978
19361
26144
12142
21316
9318
10727
2137
19658
11727
16855
8218
25286
24496
9176
16547
22011
25470
7750
7381
31166
26276
30437
20209
18815
27316
11290
21978
28889
6598
21598
9737
25151
13898
27943
26034
6127
8216
31278
11847
29056
18486
16358
13063
7583
5735
20930
6751
24236
29384
30371
29901
5
16389
1686
3762
9482
26821
22395
28354
3771
9278
151
2211
13899
3257
26878
21882
27703
17109
3512
22096
13497
4814
14714
16309
22748
18316
31013
4309
4277
608
3128
9251
24514
29837
31679
5646
22109
20811
3563
25708
27811
27100
10648
28508
13770
6088
3654
1133
11232
28979
3292
5411
12220
20081
31863
26206
15986
17872
568
14902
5172
4721
27068
29010
19392
26603
14640
9461
23985
10951
18153
32147
14246
26451
15154
9748
16439
27390
18250
22661
4932
18642
19105
28377
26245
9499
3757
30624
8263
7069
21592
26434
32381
28652
10190
3608
30063
12550
25821
26503
29327
23490
21026
30595
22223
30745
23462
20683
14212
8837
19634
14087
5396
5583
1917
21083
8146
738
10253
20848
11953
13617
24126
4847
31553
29936
22944
17661
4533
26699
22966
11872
27391
4189
18305
12589
13646
27746
4731
20708
9970
2783
2758
11949
27539
24327
26880
25807
18042
26146
21175
5308
8420
897
8320
10343
28789
29674
22540
20975
8973
4278
1691
13817
113
19319
29174
8174
17247
17900
9013
17971
18065
18913
16769
11098
24443
6361
14991
13630
24491
5220
317
9992
11673
28737
30602
27015
20486
28986
26758
11416
30251
27635
23249
508
17080
2731
13521
25068
5680
32038
12599
13349
20214
23444
21977
10597
28470
9198
32587
32716
24216
18291
28727
312
6498
12254
30537
14733
13145
8484
22050
8776
32058
13859
25899
3523
1235
22079
10884
32259
15225
9837
7931
11693
25186
2467
28741
15853
30802
28475
16420
26924
9401
19875
4383
27800
31295
11362
30783
6359
8744
19214
32192
31460
7115
31694
1863
24244
25641
5510
5635
28463
28291
7286
6279
28816
6999
1566
23353
12436
27853
26827
31413
17875
8758
5992
19854
19915
19937
2461
18923
25619
31933
11282
473
22517
31461
1714
14260
5124
23045
15461
26288
13603
13730
14987
21137
19774
21367
23508
23503
8744
30698
2070
8868
19238
4922
3717
56
25059
30269
2833
5636
2155
21637
11473
14815
11293
28851
17962
29343
32654
11166
190
9332
13340
17017
13520
6543
30
32339
16058
24972
15068
15454
29215
29627
31999
30110
26301
19182
15496
27426
30351
24493
30471
8877
11978
4229
20050
11831
2337
26258
9777
32119
26817
4716
27125
15698
18024
19006
32461
17828
27549
13678
7553
11806
1407
18012
12798
14483
30190
13368
17933
31528
20970
22684
23228
25391
17511
23999
7585
10469
2787
8672
10865
22227
20729
6778
20996
25885
19919
20508
25603
11894
8281
17479
22176
14560
7217
26213
15905
14400
2689
12002
5374
5271
31867
26481
10087
15143
2115
1303
13952
26859
25121
15978
25273
32247
10679
22478
13449
14314
1477
19961
42
8360
23175
25354
19919
5995
21504
24862
1264
13454
4010
22928
5830
12814
25897
28585
25732
32432
15337
19114
19044
7821
28687
15609
24068
28363
7238
30873
15148
21203
13576
9044
30774
27439
6843
14233
8659
10296
4460
21243
216
12435
24135
12628
29909
30174
5376
22052
25079
31057
9032
6374
25953
3470
16669
19902
14199
3902
11417
6441
15528
3276
24735
28177
26103
18096
28703
29702
1708
23088
5818
24199
1220
18973
148
21102
21783
13590
1546
19969
30955
5193
22566
234
5576
7789
4006
23159
22465
24210
26502
15475
24874
24259
12955
15412
25231
15751
22758
1300
4657
5080
28533
13912
12878
1876
1214
24232
2022
692
6640
3110
14244
26494
6570
17093
10866
5209
19129
2058
25031
27825
960
10351
6597
30688
9463
25449
2439
30456
23762
16677
30078
1804
24271
28799
25511
18358
24239
8704
624
18711
21838
23860
8773
21342
22358
23070
11778
14169
7598
10025
12857
31086
6378
7057
1859
30812
19283
1375
22618
13115
20725
11825
25314
23069
20692
1198
8354
30562
13590
15042
1941
1196
23347
10161
501
26416
13178
25644
19144
10195
8919
16567
13189
12424
6943
25814
5702
17762
22028
12485
8572
13869
10896
22292
13342
25912
3479
5056
8282
18149
7621
5509
266
20994
20009
20096
21732
18103
28715
30806
2148
1260
4012
26899
20717
29183
19200
23338
8658
18991
4714
32475
18062
14138
4744
4073
25022
31377
18142
18005
9187
28638
10305
13000
945
302
16715
23515
14863
27977
7555
5391
6619
27295
15064
13785
3782
25128
18338
26736
26043
31842
28168
20956
16924
20130
32134
6667
4565
20006
16836
30334
27301
21378
846
9359
11904
26951
8686
4340
27061
2413
14183
18095
15476
17064
31725
20669
11609
22211
7229
16327
3414
12431
12215
16817
14068
31407
16574
6866
3510
9657
19396
11687
26673
9989
5030
9838
24993
31363
21452
22818
19936
32018
12689
1782
6897
28180
17873
5834
29756
8955
32201
20144
27474
17634
29637
20711
9130
29683
10054
12701
30255
1425
20641
30261
11202
26532
13001
12732
3474
31101
21649
27808
3949
17585
28028
14719
23169
6845
11794
7417
20354
16190
13410
20163
9404
16199
20402
11259
2386
9424
11836
1000
16788
1772
4890
29521
21058
26624
7718
29321
12550
21719
1529
10533
21262
12660
21368
26370
1420
16228
721
14907
8049
1966
15913
31506
2697
8233
18678
4671
6962
6672
19164
7923
961
17541
13092
6627
32226
21888
25780
3175
12177
27464
1877
21988
28832
15501
645
31666
8279
20916
18408
26810
29316
24408
27303
29902
2929
289
26890
2304
22883
5375
30351
27301
26110
312
4186
24549
18171
24328
22530
17944
12726
19292
19316
12039
445
14857
23855
8610
3418
6386
22533
553
15698
23671
30658
11550
9683
16793
25698
11278
19478
160
27409
14088
14462
30175
12453
25304
12640
8076
26985
30333
6916
12021
21144
20063
20534
16493
6032
137
6665
28993
14066
30244
20898
20647
13472
8447
8093
25803
12247
24776
10392
12126
4324
29150
1701
5365
25023
29029
6768
2625
19844
3784
14068
10811
21283
9104
16918
725
12380
15578
6999
1672
7827
11694
8643
26541
31938
8206
24136
12496
24924
10418
23180
11897
5180
13462
28965
27342
32547
7991
19500
24491
32438
24941
22753
14371
6720
7540
10779
19131
29312
17055
1240
20387
21327
4531
25936
19045
22014
510
5199
2853
23382
29810
31113
11585
32616
17708
9896
11643
5394
10794
20768
8972
23885
2365
2199
27437
26862
11534
21112
16891
26905
30659
19653
3475
26305
1163
6442
14959
2209
5958
11192
15591
23560
23979
5291
13276
18775
763
5810
5493
12954
21902
10470
5243
28519
9118
24791
30587
28092
28050
23521
26258
13004
24361
27452
27043
30610
23946
14912
1022
22240
3649
28143
3238
16932
31958
27366
8322
11911
25734
25660
30641
6252
27758
29171
22045
11023
2095
12835
5955
25570
31331
22620
5318
22596
25406
18661
27584
26964
31660
13382
7861
18745
12441
23133
29273
23699
7030
30431
25035
29399
31413
14212
25219
16476
2102
1128
6117
26836
27047
19014
27169
13976
4259
3433
2980
10654
13779
456
11674
18808
25666
28764
1708
4100
2826
12537
28650
23119
102
31595
19805
12338
23643
29058
4810
13735
3156
19876
7250
4979
5383
1926
19887
12400
30742
17909
25962
30518
26394
23824
25343
3628
5672
3010
15317
3659
10113
16387
11573
13653
13056
24333
29148
9724
27129
9511
11678
13616
30806
9094
23554
2314
21611
23608
2084
25845
27382
26684
687
14176
25262
6867
1205
18507
768
23750
6606
7574
3025
14099
31347
14657
24992
18005
20242
24247
7639
11790
12510
10158
23622
12620
10034
17379
10667
1876
30778
26599
1694
26983
9905
27223
26586
12928
6193
10302
12802
19377
17248
16996
25220
859
1808
7026
3150
28170
5704
18175
29720
6789
30128
15976
32752
25671
642
26556
616
29823
29792
30428
21553
13171
28960
25177
15396
1005
9488
12843
4094
28092
1975
11738
17229
12714
2236
5765
25
30671
24740
14891
27165
3816
13849
26232
1049
10893
29518
16950
4622
13615
3188
27222
18046
31153
22965
327
25728
25042
32500
3632
21236
16435
27528
28015
32504
17213
27014
17355
31291
1167
19910
18122
32279
6433
26035
3206
13175
14445
7902
25280
7578
32642
25533
32171
14065
17808
27006
12161
4486
20594
11049
24047
12104
23984
2330
29856
5361
3974
528
16321
17892
26305
19342
11141
2987
22657
1373
14659
31582
2801
13297
29549
8837
26840
18932
20640
25439
18366
18543
1034
5873
591
563
25792
17455
26486
23609
944
25568
11302
9928
21400
5936
4606
14658
11169
31891
9061
3856
12628
7838
11259
21982
854
24563
27372
30814
9425
22421
5482
27721
11825
25471
4029
20832
10889
16298
32332
29914
19813
206
10006
25838
11420
18126
17229
4582
2620
8706
25023
7706
4131
7187
6472
3838
5153
21212
11174
8282
25917
13483
16252
3426
19530
25388
27485
9377
3772
32367
29960
28240
16747
14982
3393
18002
11758
4755
12088
7081
3144
9230
23835
17154
3113
18282
27683
18489
28202
20722
28646
31719
718
25281
13524
13952
17853
13133
2261
13663
19622
3579
26116
11886
22377
27586
29017
27687
28526
24762
16403
28582
28122
12102
8934
14578
17612
2505
2942
14925
25119
4306
3533
5739
28200
15536
30842
3221
19577
24715
3523
14583
18381
26287
31645
8802
9824
28016
17334
8879
28816
7896
20884
28990
26317
6819
26310
6599
21995
18861
18240
14328
6997
23663
10175
18044
24128
31330
29340
1712
8837
11472
15844
7568
16157
1903
23631
5481
4112
30585
22626
15678
18613
13080
9740
19403
22053
13782
15331
17160
18814
4023
22416
55
9482
24761
26365
23931
31440
31596
16864
17009
14998
30173
9593
28225
10294
26830
30889
20379
16553
16107
20627
14848
14110
24594
14287
14693
5536
18386
21670
20837
15962
25636
31681
1237
22670
29675
3277
11581
13521
8962
9785
11459
2325
2517
15165
2366
23529
8255
13077
15494
3206
30829
17190
9646
18838
3486
2967
30398
23859
6449
19115
7880
5380
15500
30183
32064
16924
8137
12974
16770
19762
15840
25908
16161
16703
21527
13101
13907
6802
4862
17710
17373
5782
17377
4169
6851
9538
3728
29594
21139
3022
12505
28821
21776
5508
29444
220
2823
27329
22810
12828
17741
4726
18920
22521
14418
5712
21035
19923
31689
13492
15917
23113
18039
9973
3570
22711
16415
10609
11868
27038
12393
8699
8161
5935
28057
11157
18075
14862
17754
29368
10456
9169
17734
10766
14513
30937
23789
28692
14658
4391
9496
27786
5169
23828
16461
7637
13734
6808
16583
15910
6575
4722
26869
20649
9861
28705
9571
11623
9204
17630
16890
21094
6589
14905
18794
9570
30349
18211
6808
1138
26447
9820
19160
13416
21800
70
2019
18547
6822
6465
23854
7494
30544
8114
30778
25922
5700
26116
14739
12684
18290
13106
27669
11009
32318
18820
3877
31185
6572
23597
9425
29418
26919
22193
7453
32653
13512
23132
6212
30703
15941
22280
20741
24471
22155
1318
4931
21121
29603
6058
27490
19073
10580
1352
598
13475
26627
29523
12187
6530
21860
18390
1683
24547
30415
2797
31080
12828
12795
21374
18169
1184
20065
4155
16472
18168
7498
18264
20685
8051
12610
24479
12522
10290
1969
20887
16992
2844
13438
11384
20150
16529
2105
27059
12723
15649
21117
21977
17668
16609
27246
7983
22413
12177
27677
1841
2405
6347
23448
3524
15512
28831
19510
28640
8238
20867
9069
292
6844
31672
29080
25901
7193
14763
17218
2306
15233
28832
31536
24529
32315
28746
22932
26681
25195
8787
20237
8055
31898
18351
15194
27658
19627
4940
8745
32263
4083
8857
21711
2631
22296
24707
31968
102
22436
30795
15706
5655
13040
19940
6758
19209
8090
28083
25408
31749
1508
5659
7996
4341
5199
19561
25281
4059
5413
16804
5787
21007
28928
20506
8146
22591
13630
31084
21911
13772
5527
9641
9878
5508
27179
4934
12110
8741
7153
23518
14658
619
14110
13472
619
9019
3854
27823
11571
10848
31538
6222
32130
12202
27289
23970
6142
252
26050
31204
8682
5398
9810
1966
19357
1923
4991
23693
22838
5836
3289
32470
7665
13024
18692
24405
4700
15846
8947
16563
2548
24934
7839
29633
12444
16186
14219
4678
22961
20331
26184
13514
26461
837
22544
31854
31901
30199
22343
15373
12130
26891
27844
10850
11113
2544
17049
15798
11232
11593
3066
25315
23904
19589
19100
30470
27380
7795
29879
25356
23409
8089
23981
10130
4778
11973
19113
12874
1971
13453
19435
2181
13199
538
2325
23683
1139
26137
23562
32095
9200
81
12226
26432
26573
10984
10158
14724
17001
31401
25827
3217
9029
19627
18301
22768
13297
613
22111
16179
14761
2838
676
8676
22502
19860
14073
1821
4185
9214
1130
1244
23403
17074
13792
30642
6122
20664
26981
17758
13470
23007
16260
22866
16924
30955
17512
6237
8937
13535
11815
13567
5662
792
26654
20273
7582
16447
5594
4599
5512
23244
23539
28005
29503
129
8103
9666
22443
8131
22377
12088
29050
23325
10586
1813
10336
25493
31923
10446
8920
14226
30637
28575
2117
1682
1569
3748
14477
21097
27962
32725
1090
12345
27200
11996
15069
26201
32060
9808
19816
3477
26351
24770
14769
2515
14348
9138
1101
30656
2080
4968
18094
19150
24359
3423
2942
5026
23220
20899
649
16267
28844
30277
25271
10567
1627
10714
6259
14796
4837
2484
2395
23063
11290
21269
14408
2274
29223
5083
3685
24735
3031
4478
31984
3784
10447
2279
15067
859
27487
31583
13290
20400
17557
25443
8985
31654
25964
7803
2518
32440
22205
32304
10027
16508
25988
3637
21931
7348
7317
12839
28322
32244
23185
9229
28213
11907
21878
9214
2553
19593
8581
2534
5311
5343
22025
9079
8208
5396
29104
16052
16921
10787
12149
32233
30764
20993
17060
28897
30606
26946
8326
27255
11732
15200
8568
32115
10025
14825
19636
5827
21487
19697
13337
17527
27874
29133
25522
31391
451
10644
13487
28622
12818
19447
25597
14033
12173
19299
22280
2175
30067
8545
14578
19653
8310
4257
1045
23245
28389
1540
2910
7780
19336
29637
27367
19942
18342
10678
19523
18845
1464
30198
18565
11160
26681
1732
2620
10179
27911
21476
15471
1702
3645
2291
25834
17090
29823
5587
13357
4956
17912
9458
15485
24252
13218
20461
31377
4909
25441
14925
19990
3145
10216
29057
7706
2672
6545
28656
3577
20923
15549
29918
7857
31767
31039
31368
25108
25976
16840
7304
721
18897
5389
29602
30462
23211
3164
7369
8812
12804
25144
23599
19828
1090
57
14606
26238
17999
4875
11425
25198
2241
24123
24745
796
22538
4164
3899
5055
28434
18234
24886
1533
17192
11068
12452
4338
9490
1932
26079
6559
20275
10710
907
24863
7440
8300
1573
15162
9158
29046
31851
11289
15841
23900
31949
15093
31068
10374
25257
12008
14411
17886
26616
29101
24243
27080
22029
19072
3683
19259
9296
22422
24082
27479
22399
27272
31349
31525
26796
1946
30117
11375
3480
13521
10550
9843
17791
6938
26992
15030
31563
7948
24576
26009
23399
26292
14782
19396
18664
2499
31500
12438
5868
808
11592
16343
27049
23204
25159
4342
6461
24053
7558
27770
377
12417
28059
16802
31288
20767
7098
16626
29537
8172
22743
10223
6402
17581
32257
13322
2342
29507
6872
27127
597
10766
22615
32645
25937
559
20000
27115
3721
16968
4228
2764
14763
5043
23399
26786
30912
15964
6144
28511
2721
22206
4687
28649
7554
17327
3739
32522
17336
22732
10200
14449
29732
938
30673
26011
23545
29449
18951
32338
16529
31171
31662
84
16307
7934
19517
6853
764
10309
1204
6921
11095
5280
699
21910
21279
12505
25205
31308
4605
9954
1617
20602
21991
18332
8240
14133
7529
18483
11319
12826
2752
13367
32078
25773
22440
21434
31619
28658
13287
11135
27846
29633
27140
13152
7691
29455
14981
17659
19509
11416
22735
9112
6185
19727
27784
10193
18711
8757
6488
10754
26473
29714
2430
12975
29708
23099
29549
29505
15547
21894
17041
17387
3854
17536
6509
11771
26048
13352
29947
29291
29667
9717
25239
6391
16013
27443
25984
2782
9601
18339
19773
12203
15881
2907
28791
1928
17675
9146
11706
17314
1017
27044
21139
3102
31780
16720
12898
2214
24356
1383
28137
453
9095
5024
27341
25395
22906
24489
5557
16371
5663
2926
29026
3815
32348
10537
13007
21761
30279
14797
22302
24855
21222
3461
11286
26565
21193
18227
2152
10368
14441
20475
5417
4579
1591
29600
26962
593
10653
2702
14367
24496
32524
14238
12919
23736
19742
11517
12718
23357
29381
28464
9052
20201
17371
3517
26919
9584
25019
9839
7624
30277
2048
22059
3785
15791
28727
5283
1460
7528
21606
14502
19667
21144
27366
47
272
27847
26011
22982
5720
29530
12903
25532
32598
7745
25949
17546
4645
12999
1044
15919
1320
3597
14299
3477
1699
15231
1375
29307
18379
24900
30478
14297
4367
4485
1460
4528
2178
2616
6654
9963
20380
22273
9115
9226
22645
14203
31042
17216
15183
7179
8137
8854
13768
29130
14731
21851
10970
1563
11683
13941
28038
24573
24903
17431
26712
7098
22592
12888
6154
20147
12654
9147
24087
18062
3933
32468
31978
4428
27285
2632
21666
30529
21301
26529
11133
1188
3703
24645
19892
29243
13585
2427
2645
29592
1692
13500
7888
2459
8087
3368
21065
17371
1308
10795
22392
5538
7145
14750
18238
19914
18093
30769
19864
25629
31250
25772
19921
26762
3710
13406
26005
4747
11108
14632
6993
21982
25530
22684
25524
16615
19263
1879
22047
13650
1603
16499
23459
14787
24756
19503
24532
620
5344
29048
9074
1014
15361
20446
23217
24750
25240
2549
7582
24550
336
8930
8894
15602
5970
13566
9316
31887
5189
20781
29022
25939
24262
13123
21802
31619
23128
3141
27794
28956
18231
23888
26677
18521
32064
14500
14591
20849
24130
17730
27002
24975
31189
3075
12043
11897
28636
27580
8954
2071
17801
31538
32573
14943
17156
5378
12825
22208
30411
675
6380
29635
1669
5759
26890
22654
2933
6487
17771
8819
17740
24164
26639
24044
27297
11860
19523
16839
3948
9984
31936
20195
5811
18223
32093
8261
16010
13738
14487
26814
14633
19772
775
25160
25595
16060
10652
19672
1006
25524
31033
28188
2171
31001
10910
28658
21741
11712
23369
32446
9656
24474
23547
10368
2280
27353
7754
2772
25125
20743
4430
21900
20258
24477
12231
10737
21828
14861
10308
21233
25323
91
1248
17482
23090
12010
29225
30679
25106
11721
9283
21971
10759
7459
1388
21543
13390
12063
18283
24964
14427
7041
4443
25855
6634
12824
1304
23828
18888
19448
30337
14363
29158
31809
5513
31676
5471
3948
4853
28688
14586
29203
17360
30670
21838
361
5165
14694
12488
23559
18573
26940
11007
13645
11285
17632
11920
17606
27786
10211
22789
21269
22878
10480
31981
29012
21248
21011
3045
14832
30452
307
11196
6095
2800
27871
17781
1279
30447
9455
4002
20945
20411
32365
2605
25546
4679
2608
17746
14243
18827
9270
20866
22854
30774
9919
22893
11803
23272
134
21463
17662
5384
17486
10584
13348
3264
15900
7741
26827
21829
11374
17164
18895
31923
30483
22120
24816
17173
21636
5239
27036
14196
2336
5666
20569
759
9117
28387
9738
4585
549
16393
17568
30562
17912
8506
24903
5251
12596
18709
4378
31058
30058
16947
4541
26564
32439
465
30076
3630
4012
20036
18175
26741
4201
13493
12870
7639
15494
26668
4981
10730
28315
30769
13766
9777
12820
5551
31278
10757
16672
12041
14927
5831
27354
9885
4120
11887
3589
13523
21581
3131
12760
31358
30510
10700
18275
24074
2381
21105
1877
26052
14499
4521
4238
17249
6479
16923
9105
855
5371
13346
25999
10295
24002
3678
2285
4552
26380
19701
8540
3361
26073
20365
15782
14286
9844
10962
15204
1503
32752
10631
15510
31318
30885
14932
11332
5146
15226
22850
32730
22176
30047
17927
31104
9333
15839
6192
17168
25904
1944
25578
9343
16606
29526
20653
784
10923
1818
13301
26196
1194
12158
2924
20422
31217
10432
21564
14063
30029
19613
11418
25780
20419
16929
17993
4112
14367
16411
9537
18625
5255
27407
12005
8470
12819
30852
13793
22735
17141
27971
14007
10135
28346
3457
6411
896
24955
24931
21519
12228
7790
8826
28177
13548
6255
5645
25004
17143
23593
5880
21928
29451
28840
23378
4507
26850
21
25053
16274
11264
15091
1172
22961
8979
25568
25255
7335
6128
1317
9428
11073
24130
25382
28888
986
20309
26480
19815
26971
27668
30512
8791
21004
15903
30750
10659
9997
14246
5048
4691
20836
1970
25313
17058
3521
18018
11701
2227
27798
25978
26601
13129
19053
11979
3700
4625
667
12796
32307
4983
23691
1968
8898
26793
2192
9348
27248
13409
24093
16205
31595
3215
3311
8016
4737
9376
12239
9067
5569
32451
14389
13418
18427
14495
13828
9901
31500
2623
22741
4474
29011
30667
22372
8273
6791
16321
25128
223
10326
3224
11442
18546
12884
12271
16654
9151
28531
24287
11921
31612
22303
6295
9347
23708
12682
14717
29718
2195
8965
18797
9126
23105
6574
7484
6414
964
21437
30861
26821
9950
1172
6329
30708
4143
10829
23944
10600
7517
8352
15069
1942
30779
29612
32140
7563
9186
19334
16054
20920
9696
16003
22730
13172
17123
1589
569
13901
19745
221
10797
31269
29304
9701
20242
30084
17106
29753
29113
15170
14975
10565
25508
3420
13269
27002
1266
27184
15952
11891
7861
9824
3676
31655
22192
30437
29033
10855
6312
19961
23675
17744
8403
29896
2150
21037
25953
28166
2454
14965
12583
13890
19110
21131
28058
347
30618
1132
21246
23643
30989
18324
28035
23011
8173
27017
21143
23965
28225
16529
13759
20892
18599
13166
1450
6928
25199
12301
9723
46
25695
31102
20436
14294
10236
12654
2906
9647
29080
19359
18506
2148
13061
18498
32091
13060
27756
4604
7093
10866
21128
26137
17133
25855
12182
20722
19392
18487
2963
23857
29954
13475
26989
2250
875
3511
2679
28447
27157
32303
3578
12417
22513
16970
2429
31534
20502
18630
13734
25117
32640
23919
24411
18354
16270
25103
8066
17436
14142
11301
48
15767
24471
17621
2642
15777
8306
18479
9323
26220
27791
27885
13733
20713
11109
7146
2659
15294
3831
26210
3115
21930
5936
18967
14925
14199
15978
17550
14732
3738
23562
7967
2785
28033
18820
30429
5912
17596
13481
11473
29664
13943
18369
13761
30618
18043
27397
17720
79
25580
20793
14585
28767
30122
32499
3799
13071
24687
8520
2206
5448
1702
14328
14264
28917
540
26072
20587
15103
6600
3775
29870
16683
25003
13858
17954
15459
16304
4626
22442
22769
22778
16843
4939
28060
24669
18829
18593
19725
2316
1392
9085
10188
22700
3061
25800
23237
32028
18998
2359
5688
1050
6835
9301
11790
24315
26656
13381
17099
7437
19653
6142
7352
24948
6939
10997
17627
14683
6509
14058
22317
5149
4863
18655
17489
18869
1616
29614
7903
17710
21058
15989
25539
4125
10496
6849
22271
24965
107
1714
22787
7935
31145
9983
2766
27050
30578
8318
16452
26306
6577
25729
22742
3249
6544
21021
19434
2259
5355
18437
1606
15549
4352
17364
24702
18831
3760
12160
30232
24987
24824
9057
9230
30639
15400
5092
8869
30737
20075
15954
22
7358
32548
3070
24795
4999
20821
30674
19435
3118
25145
10935
19904
27355
3201
7084
30723
22528
20796
26851
14016
23418
23670
1619
14228
18163
19533
17858
27372
2515
12381
28957
7592
5980
13087
1278
18673
29605
19351
31113
25475
31562
291
23486
2019
4244
19015
32517
32378
22876
10090
18902
1075
7042
21252
72
2125
13470
14840
10964
8298
3007
8959
24858
17987
10221
14608
20902
23750
404
18621
23540
27699
2724
8447
4271
27994
29140
2137
28981
23917
11845
16679
1921
12757
32676
24714
29582
29587
29480
29597
4087
13207
29134
23786
26785
20741
27882
15285
5420
8936
26276
1855
7247
11945
13477
15516
9276
6731
16367
21435
30790
15563
13355
6933
31814
2043
716
15362
2706
15290
552
842
1477
26698
5965
22028
30883
3893
18767
1017
10811
19551
8958
1152
18335
32662
25423
31282
8891
29663
27968
27237
3876
18869
6769
22610
1473
15188
23227
22830
6428
4456
22279
10768
24966
19365
27647
25983
22139
15588
24187
10713
22771
5245
31933
23511
21689
5172
10532
538
10630
6008
25107
29129
9131
3541
17584
18859
5607
22526
2127
1879
27810
12028
469
10814
12034
3198
15232
30600
12754
22686
1749
8079
26804
22400
30197
29568
24978
29185
20501
22140
31101
28264
872
2152
3885
11185
691
23187
951
10344
16367
3609
724
3754
20383
10306
13714
3225
30011
14134
6670
27572
14632
6866
23775
13468
29566
2332
635
17080
205
27749
26605
21057
16908
316
2126
20992
9040
15848
18384
3573
21479
22066
21952
31368
29068
8487
25030
12506
28841
25217
5258
8205
14088
8808
842
27299
22798
10463
4771
31120
31346
2941
27373
5191
14158
5256
22820
11854
19905
7688
23772
32160
27729
6003
7077
16313
15582
10244
608
19388
11378
10182
32442
28548
11668
32521
21988
20319
21396
5196
10366
15734
27015
21662
11515
28411
30755
25888
13176
6026
2225
24634
11325
9673
21930
29842
23323
4199
14322
24444
19714
2622
9862
29048
28200
24263
11562
2956
15383
14254
1317
1219
31972
12530
30389
18150
21021
17893
28784
7348
6426
9371
28213
21521
4964
25621
32397
19062
21785
21750
4785
30846
30241
20442
32680
10438
6787
25240
25996
16148
12578
5121
15133
26481
7164
7520
7752
17451
31520
22418
31519
18726
23450
22430
10730
23877
19130
1475
7379
28839
9340
1749
6658
672
17192
4039
1582
21698
9092
16838
20233
9272
8944
8587
26142
2416
5447
19624
9883
20688
22434
2767
28915
22356
2416
19588
14209
7723
4915
17129
2498
29296
23356
429
2873
28598
19330
28809
16607
6625
31177
8863
8927
8860
29848
28277
2464
18360
24058
4474
941
16781
21334
32195
18665
11995
5819
19542
6655
4569
26149
24821
32394
4204
23840
878
14936
7103
21036
2345
27315
29682
28234
23224
8249
3971
18781
7196
3964
12584
27690
11779
3418
255
14285
23067
7670
18394
4016
28297
26451
9594
14304
27396
16931
13359
26334
4983
26022
22409
31045
4206
17255
14197
6058
1267
15184
10003
19459
16503
30060
29368
25397
32341
5144
22339
17907
2212
10506
8139
9467
25192
3813
5377
9861
28188
13234
13637
648
4600
22415
30999
17653
6027
27232
2443
4356
14357
10394
2038
8570
3036
6977
10792
20856
10108
19513
10639
9851
2084
27283
15793
24741
26029
19679
20999
8229
688
26701
8369
31462
24841
573
17616
15565
24164
26676
11104
14075
680
11079
27237
25076
12301
20404
29298
13199
18557
30217
31511
39
26875
20576
19347
12717
29169
31486
7289
17341
16173
28050
18855
8904
4722
19630
4390
9784
21363
3411
16664
28268
11952
28843
16265
20329
29973
24847
29422
1945
14366
1420
181
2135
8685
24327
26577
18527
5083
18541
31033
6337
26903
7334
10418
7636
5898
25327
8166
1031
7614
13939
19696
12397
31676
15848
21798
32013
27195
5909
21561
4436
31063
31720
11392
23270
24044
11495
24310
15407
4541
15212
32142
3509
485
14559
25596
23275
4412
4839
13767
29892
24693
16175
14690
15721
14613
10290
6310
20362
19434
46
20255
303
20748
23749
27024
8350
25009
18835
29542
13876
20503
12731
16069
10738
2645
25893
5953
8772
26794
23282
26462
25970
16151
5521
28842
23391
3299
6612
27696
29708
2923
23615
14590
23219
26872
11791
2483
30394
4617
1328
7424
10825
26127
12148
18411
844
27355
5060
2072
13808
17527
3141
1448
14644
23373
11627
6686
4239
6768
31234
19778
21867
19037
16519
22087
10964
10450
28427
27391
26128
1558
22478
2731
22043
28858
11062
27943
13519
6151
12786
27995
20224
27775
13704
17146
17211
27591
11830
13155
1914
3008
19505
3460
9551
18438
20901
25253
14893
31320
6643
21293
7149
29100
12948
22336
24216
30555
4709
29529
2244
22206
9712
26479
27809
14630
24614
25987
4853
23496
23293
27300
13121
7878
26615
28865
27139
13157
8291
22018
26515
24946
17771
22820
15528
19036
11164
30173
14774
21274
32605
13883
9454
18063
14104
27256
23658
7685
29788
10264
19026
6564
30916
23602
27815
9807
24896
22461
13294
3165
14754
29293
19299
10349
13653
8330
1109
14526
10568
16352
6218
26569
26676
309
17828
25853
8703
13157
26849
21883
32414
23101
21119
27435
27682
4353
11070
16088
2301
20212
31846
22249
26271
25247
16263
8736
26798
20669
14579
1952
31008
11689
30635
7476
21889
10976
28698
7510
1796
9279
30240
21899
22003
7443
21588
5577
25693
9886
1147
14523
8510
7892
31211
7064
27155
19866
26389
2032
1988
23030
2995
5530
22809
18865
12371
11651
21079
18324
14620
10174
20598
14571
6327
2424
23870
23615
29640
22518
28041
7712
13664
27666
8396
18805
26480
4013
29080
18666
30941
3297
2363
5778
3049
20335
621
32325
19951
27303
24043
14952
14309
13934
23723
12305
2791
740
16767
10015
15148
22843
30561
5718
4736
29207
2193
24041
7325
8761
25943
22841
25667
1150
4800
30029
14615
3674
7646
9407
16247
12399
13939
5334
11003
19061
31126
9885
30004
13405
28814
15493
30767
11444
746
6774
24775
7759
21945
18095
10882
2986
29921
4820
19277
19958
30538
24572
7332
24927
28636
22669
20787
23681
4029
10205
4012
18626
4561
2748
4349
25235
19404
21745
11678
24335
4919
30683
5581
29509
7865
2502
18101
30099
27709
12297
31449
13198
19619
10270
5085
17373
19955
18440
30667
26204
1967
24581
20896
32320
30053
19136
6642
11155
6560
12520
11345
17467
2637
23683
16586
18803
27127
1918
17281
18492
14370
21728
15283
12721
9008
29086
11773
17645
15877
22331
12348
888
17555
13361
20035
24942
19199
7804
21445
9213
7038
29075
22200
17260
8578
27462
1898
12033
27430
26841
26057
16828
11088
25327
4722
8702
3132
29609
31887
20108
9685
32006
12396
11911
4133
5591
8022
29892
21901
4884
2849
20585
1718
12319
24150
17417
28026
15341
27740
1306
11822
4048
29174
5116
5117
15297
19996
27917
27456
15901
31659
25715
1814
28493
22345
17892
15240
17657
6530
30641
3576
10578
22128
2442
21897
22538
6324
9380
18981
31460
17509
25119
26163
17634
10912
1557
2428
14056
17106
22053
14260
252
32765
4063
10471
28629
8895
31754
31900
15357
18040
24548
15945
15318
4422
21966
15832
21680
5657
11593
11299
5572
10077
28399
31317
761
26777
23638
16238
5583
24734
8847
24268
8272
32254
30318
13403
31344
142
2253
24270
19967
15245
18899
30795
23028
2804
25524
12007
9119
24584
26606
19355
29830
20499
19361
30336
23816
9400
12314
26341
27789
1223
21967
8872
16591
23670
30093
21323
21122
9022
15807
2366
11679
24973
20139
32170
30959
27658
1205
8910
15820
25162
16442
15682
32486
18884
9801
4258
26905
7531
9876
14565
2259
26346
11796
4958
11614
15654
20978
30197
21751
31339
24082
19291
8013
1531
18832
12923
23623
17486
6452
11339
24403
2985
6600
16971
7323
7085
31342
4778
25809
26911
25576
9123
23923
6910
3964
17554
21470
32006
23769
19554
13540
2672
24497
21521
6082
25156
15624
12077
27983
30430
27645
4346
5093
20073
1443
24768
22177
9066
8124
32406
3812
13651
32290
18802
31366
25946
23745
16664
11701
30439
5674
19477
32370
5511
28108
21702
630
5376
16986
6944
22559
22216
17322
25929
22766
9871
9979
28314
1385
7605
15684
4250
4024
9182
15843
18539
4070
27006
22542
24152
31391
16831
26324
13963
23351
24948
24667
23477
31128
24355
26518
15684
24229
24873
18688
6996
4059
681
2987
24998
28986
12480
10692
31906
17402
6150
12174
29197
9506
28741
29232
25711
13005
26751
375
25782
29203
19325
5404
7968
29047
11163
12548
18996
28272
2304
13570
4601
11428
4414
4635
21296
15919
21662
5999
7374
3797
4150
10457
32158
19118
11990
9554
31743
30083
23179
24733
2219
30668
6592
30649
28185
12281
14734
7901
18922
11177
6814
21142
25891
954
29066
11846
28042
32041
20329
1401
19567
21588
5611
5957
14133
19701
5285
23090
19351
7161
22962
1189
10452
17138
30660
3224
13047
12921
24964
13482
24546
11459
12729
31472
19847
27257
16840
28285
713
26722
6762
31647
3965
4143
19322
15224
10781
27499
29808
2882
19658
32087
22615
486
27607
6372
20086
28683
7576
1717
7562
15936
3624
29405
10550
14489
17208
18196
32451
28653
10726
20453
8082
9334
1184
18946
16090
26134
14551
12695
7874
8561
27538
12557
17178
25326
23110
10206
21243
23993
17311
27503
23658
649
21395
17998
13494
18970
27759
21728
25924
12859
30390
13081
31759
26228
8971
26315
20020
12471
7890
12803
26745
18593
28942
2791
2608
6449
2068
7002
1726
19532
32274
8354
30493
28814
25686
20632
313
26749
7393
22486
6127
6186
13368
17696
20433
535
9012
20803
28908
29795
10791
23329
15889
14741
3054
18354
30160
5974
2055
7732
22541
9729
7993
2959
17130
19251
11990
767
28579
7075
9703
9305
7709
29753
28267
10888
16172
10688
16806
21977
23559
27535
17743
7375
4925
20504
17721
4666
23646
11456
32660
24810
31621
29578
3525
27134
15139
18244
26835
23793
581
13040
26230
10230
19350
26339
13888
22169
15363
21266
4426
21187
27436
14178
30108
6794
9425
14636
28397
17873
13658
28277
21226
1251
15747
4520
6736
19881
11389
9495
29599
16365
32278
4550
13905
16187
9920
4363
3159
24036
20780
28176
22684
28630
29721
5138
10169
3116
28336
30272
3606
8749
10485
18682
13222
24399
14429
8828
14769
17497
24107
20566
19508
4737
32743
22640
26884
31177
19619
20825
2038
20916
18671
6318
7675
31985
28812
7506
23245
11663
5778
10373
18318
8951
1569
30584
26332
21815
11855
16953
917
5299
3263
18248
2311
18322
23259
30502
31965
18953
9582
11472
5213
27657
19876
20973
31862
26617
20052
17374
20484
23671
26848
15214
8699
14951
26198
11268
2599
8524
11308
20094
21516
8647
18915
28794
8538
27007
17139
14667
4347
6960
32528
14704
15962
7941
18792
27972
26387
23214
18962
6332
25029
23109
24504
7041
32103
2944
24610
4533
15970
26877
5291
18196
14276
18707
19521
27041
12374
30346
3126
18988
16600
26374
16980
19317
508
28852
12336
30185
3236
17236
30311
1137
18184
9942
2418
11601
15247
2159
19365
4613
2147
20799
9947
20672
11137
24049
3618
7485
2173
21232
22103
6755
30285
30279
30177
8203
115
30555
19840
26550
17951
4489
2453
21133
968
5448
1172
13554
31407
30299
2752
10559
25677
15822
26777
5388
1138
11436
15059
13174
26326
12695
8797
10996
9799
16254
9342
19040
24156
22078
28444
24020
23250
3896
32761
28482
16117
16737
1913
22427
31720
19337
12428
6427
31142
30215
27787
19592
27485
5157
17914
19847
28792
9362
2289
24465
8327
27268
9626
31889
12482
28022
16410
9682
24349
10374
19998
21717
4038
24675
4746
27931
19951
3893
31177
29303
1401
936
15456
14423
24433
25128
23755
1128
30308
4754
19286
10703
23938
32293
10327
2546
4011
2482
5215
5278
27181
31815
27123
7077
8772
27735
8866
3565
21087
19366
8313
10139
24686
868
16189
19949
16716
18605
19781
2658
8225
16971
1675
10761
31726
11581
31378
8132
2238
11677
26970
27911
4845
14567
9972
10150
7210
3680
21681
1134
11815
14327
28431
8143
20353
16679
954
28569
860
30672
19964
19004
18708
7779
19909
30570
150
20315
20697
11895
1939
2038
20181
15028
7016
15034
22286
6119
26206
7665
32331
21669
8625
20168
11842
11280
17642
11329
22806
8205
24677
17767
25592
20805
191
2382
30428
16714
22467
26134
14987
8796
4241
5218
3409
17485
9921
3431
17218
6169
14903
16110
20612
1563
14366
28590
29724
22132
25625
10321
7533
27032
22950
9626
29443
23315
23258
25138
19059
28804
12128
4827
29379
5267
2889
7698
29597
22899
527
29405
4678
15335
10687
8299
20109
20802
4913
12385
25306
25674
29622
13202
1041
2667
4924
29314
8929
31972
19820
17487
5574
24950
22970
8383
2952
5916
23163
5680
4467
19266
29704
14023
25535
14869
5054
22584
27014
16495
25956
14318
25483
11088
19200
12781
10653
626
13388
22837
3347
29699
24259
1779
17995
4434
32477
10159
22490
14467
3679
20667
2007
23356
24496
2372
19025
29305
6652
11904
27418
25273
17233
1026
10907
23606
31160
11729
26545
16548
2209
29253
1431
25325
14154
11003
28289
6682
31569
30062
10610
2851
19114
10947
23911
30951
16827
22059
7281
290
21540
16077
31756
25041
17375
12052
1394
7275
32683
411
210
18646
30819
1331
4878
14208
22803
6130
14377
23720
7141
16959
29471
24802
13554
28784
17145
2809
14381
27260
7504
16166
10548
20841
26271
10790
8177
10516
26699
25107
31582
26223
32523
20014
9139
19433
26560
6143
28386
14694
8197
27012
15439
1959
12073
26781
7401
905
16167
8840
26712
87
9527
291
24758
23317
4264
26815
46
11624
15340
20843
27996
25831
18272
22234
20263
10932
31352
7652
4318
19382
18744
10784
3805
1248
23264
19351
16201
30290
14401
8912
1450
22042
23253
12248
30215
12433
8711
23165
30758
26047
32392
31858
14482
24271
16479
7342
31143
18759
21810
28549
18517
27886
19816
18924
18789
13
17725
23024
28235
9803
29448
15999
4019
14265
5979
27810
20578
13831
13947
281
1198
28165
19178
16515
30424
2368
13040
25272
7970
294
9620
26226
5235
6110
21826
326
31214
3477
12425
27406
22982
10313
1132
26550
4541
269
12644
20261
18322
11416
11296
8750
32643
19093
9114
19186
15387
21803
28264
4608
10391
2714
18127
1102
7999
2937
22052
31523
12185
26070
2229
28601
21356
18620
20363
9548
13885
25542
18329
13778
17650
27292
5128
19434
26696
31302
16916
2519
15560
19441
26024
1194
615
1267
10941
13249
8555
12622
23254
1950
22838
20090
28190
9019
16204
8258
2877
2914
4515
31419
12119
7809
22581
28954
14664
18969
5053
18012
10525
24116
8758
11330
30422
4897
6482
20392
10844
29667
20181
25346
10480
30190
7165
28066
22533
20444
20674
22745
9678
31352
1282
11858
10382
6224
19320
7275
10126
6976
22276
5794
14524
26919
1358
15657
20578
30702
1146
10354
6304
23639
9503
20253
27058
27350
31099
16228
21834
28521
22054
14765
31201
5119
11190
3061
20234
18653
16037
31734
18129
8481
3099
25569
15294
27850
6232
3534
31170
6784
22152
12600
15679
17830
11966
5090
3283
27471
25787
1723
1461
14583
2039
17434
3169
26020
3722
430
20933
11758
18687
22376
18844
16108
559
32437
11544
14155
9673
6399
4046
25876
20008
5029
17040
6223
12432
10256
11880
25104
12574
15634
5577
3525
10574
5435
10884
5114
17721
25042
19317
716
24017
18374
9552
795
9247
26489
31215
30725
25775
17707
18208
8204
21507
14276
31404
20164
7140
18424
424
16401
31563
2045
22046
22002
19605
18803
1784
25190
24766
26400
19457
3260
12306
27187
15501
27444
13772
11959
15303
16063
32116
12653
19088
11481
13744
24561
20766
32546
2794
12970
28683
19807
28499
18031
2642
7159
28574
17617
31179
30368
6569
13109
15730
20332
28744
7494
4454
17033
24588
10644
407
2711
1128
29877
20573
1787
3712
30180
2314
27606
23743
5728
3848
28923
4425
31933
12940
30818
1290
27286
5495
239
17980
8589
17087
5155
9200
21205
30744
9105
30945
16846
19464
18338
19789
15138
21732
6630
30726
20276
22622
23794
704
14888
28305
10797
5287
22171
30570
10610
20921
30776
21196
25948
14310
16673
7597
11328
690
23917
29576
266
30115
12078
3109
31630
19277
18658
15558
12521
3694
9286
18449
24059
26429
15963
28125
9237
2715
21182
5235
1259
12935
30612
25026
6693
24220
23691
23835
4921
13564
8199
12048
16124
1942
27378
207
32713
21919
7864
24922
18558
8923
9303
3503
9481
5387
32459
15386
30634
20048
11496
23516
32585
21133
9472
29954
30583
27728
28656
6990
31374
32134
8714
24775
31353
30474
10526
29169
5055
11711
2810
3354
27992
14716
14860
30238
9223
28249
27666
3818
29060
20172
28225
9486
27784
12161
28235
8723
30150
23660
29898
18595
9490
11573
9987
6476
3973
20060
1316
20180
13112
13995
7400
25498
17892
8868
29654
23130
32042
31382
17170
2669
7972
12169
5502
30800
7861
16016
29611
32020
17604
13936
16009
28138
25483
1235
18621
16210
23219
12491
32011
15335
2472
5419
6347
15052
22421
11348
13347
23842
26493
11686
29440
9837
317
8945
16147
25737
30735
20702
27708
15758
31247
13799
11084
22129
13615
3741
14126
12383
17308
10996
17149
7521
31746
22070
30354
23630
23286
30067
32645
11541
19991
18827
5179
14609
11069
14163
30671
13911
21551
13263
3059
26637
26849
2279
989
4187
4362
7185
4151
28911
32318
22245
24828
2894
31671
28299
31208
18328
15448
2347
3765
29440
23491
22687
21140
17870
6811
22925
10058
9275
11146
14571
23492
17320
8442
17421
451
25310
24967
27384
18489
26938
19724
6048
196
10536
31553
29814
2091
4418
24210
18853
4199
14809
18302
2933
27591
1730
17123
21764
5313
7120
6532
29316
10518
27898
26196
26827
25532
190
12059
1316
5031
3225
16699
12822
28602
7114
12186
8553
25152
10494
22884
29153
14742
3291
6577
7139
7312
30842
27223
12344
17871
10142
25426
625
23906
19717
32700
27028
30047
11033
27179
23916
21468
18347
8117
22357
27424
19713
27964
28798
13738
30947
21166
30515
32290
11539
1276
8367
31306
23863
29340
23378
16008
467
29955
24174
28855
25208
4776
22349
11454
6728
8381
17383
26127
25662
961
28629
3822
28472
7399
26727
25279
7208
9844
24775
30891
12994
12876
1564
16282
10791
5702
24862
4455
31171
5098
27041
21851
20984
7397
18833
5582
14950
32192
390
20412
23912
11641
4202
32578
4162
5760
12893
28892
19317
31978
25162
3467
10393
32253
16257
31661
23862
6715
13442
19771
24206
20648
6013
21058
19912
18718
24980
1031
18722
25566
29276
23512
26869
22281
24329
27167
4679
17044
27949
29285
384
7850
9021
5329
11430
23241
11704
21482
1286
3702
1143
4844
7183
27617
14230
30629
28546
4568
8550
851
8694
16942
14960
6042
3420
18482
25904
25452
28215
18411
4377
6415
20637
16184
8217
9534
8785
19755
25061
14652
22831
8616
16837
13759
7512
10536
24351
15373
281
25801
1997
20017
28595
31141
26041
7375
31364
12471
14968
4251
7182
13447
29466
19394
12661
31111
5404
21569
27678
12099
8355
1281
5213
21693
5407
14145
3671
29028
25229
18613
20868
10975
12921
15115
30901
2146
20815
29608
4929
14432
3735
5965
23259
5148
18674
14176
26907
18156
7015
26756
8292
20000
7602
31989
31404
14609
24357
4079
519
2208
8656
5817
32341
28740
5684
31576
11677
8602
17633
13078
1704
1939
23240
5946
27164
24463
11709
26565
3665
3912
15901
26450
9702
4455
27099
17216
24066
24562
8380
31061
20355
21969
9849
21802
7268
27422
19287
32481
4139
30327
25886
5852
21163
1673
1316
945
27082
28634
24489
14835
5465
9019
67
13688
27738
26684
9941
26911
20096
32406
3469
5301
25227
27363
21987
3045
15021
2699
23433
21968
24385
5554
21428
8843
4963
7920
5229
6394
12350
20264
9016
19964
21358
14544
8832
560
22494
7908
10349
9009
23984
5922
16069
19025
6538
9124
6575
3783
16205
15692
12714
21950
5656
23256
23514
20884
24553
18208
9717
8389
11388
27362
26319
24001
24536
27367
20054
111
16334
30521
22621
6878
19283
18376
29749
14227
6465
7780
11339
26879
25714
25115
1802
2543
2542
26392
27526
32072
19325
27862
23140
2301
30494
892
32367
28299
18475
17895
4661
5479
13626
14008
5354
28425
28465
32197
30064
6042
30886
2220
7161
23122
23990
27756
610
7633
21231
18362
18617
10297
27238
32747
8534
31793
7132
5809
27826
29714
429
32314
30936
16520
24319
30531
14007
1239
5329
14109
25684
1835
3803
7620
6787
92
23378
9658
5991
4843
22319
4430
31741
31949
15671
10011
21765
6904
4187
19655
23055
4472
12976
16547
13409
7564
23232
11472
24784
7259
3093
30713
13169
20728
32623
23662
105
7610
12942
8166
28784
23246
5158
6864
26775
25690
26669
2986
5117
18234
30396
3786
24045
30525
18614
19964
28481
24610
5210
22445
4376
17026
23802
13651
23602
30416
12493
24649
12590
25353
21238
31932
20077
18696
12927
20694
11062
10701
21208
5973
1553
10791
22471
15434
32652
30475
4780
5429
11829
17539
30501
29385
26689
29170
19791
32105
13248
12217
28425
31835
6802
24889
8976
23599
28991
25554
2937
10105
20448
23512
15323
244
28538
22382
1517
6740
7613
13710
21183
26905
14673
5860
27230
19790
31078
4567
13547
7722
21773
2035
29523
8485
4728
11856
3828
26354
14842
26114
1354
1382
31232
32356
7697
6552
28515
2565
25448
6078
31489
28489
19807
3602
28166
11691
24083
6690
22790
13518
22579
4380
21705
15968
22682
28344
22418
23069
31537
10621
13944
2619
7990
17258
26100
49
10120
31043
6938
1635
28922
26574
19673
25595
28503
11313
6597
14772
24472
21585
26299
4028
22575
28741
14115
7699
3441
21103
12860
9461
9900
19990
25591
11516
791
29262
404
1475
22146
30042
4647
22409
25262
7858
16252
22927
29955
27765
15212
6984
21191
11693
3099
8425
27335
13161
19955
2468
2005
11786
23622
850
974
7433
15806
6163
12291
3758
472
14645
8905
29139
18667
16845
8871
23650
24161
12239
18066
31071
22122
23797
17875
14689
14850
23256
12145
6555
7458
3329
17405
28402
1790
21472
18483
24744
30998
17742
2212
19854
24539
19346
977
15819
17960
7390
19102
6304
14186
6499
18878
19851
741
29166
21438
1943
11601
24746
23120
4029
11740
7078
489
27622
1603
30217
32505
5606
7521
15816
22772
20474
2047
16719
32578
3806
19200
23129
7734
3153
10669
669
15355
29378
12485
21356
10086
1830
8804
3253
4578
28134
11043
28856
8020
18657
12231
9168
9037
9635
23709
11569
2786
9728
3836
27875
21894
31000
21512
28507
31768
3979
220
22720
24162
11630
3770
5492
2969
661
14254
12150
19360
21705
16897
15670
20177
6870
28153
14311
16601
7425
29849
18244
25503
2317
20131
13761
17260
13261
5769
19368
4607
7360
29375
32035
31485
23880
7472
3120
5683
14554
7499
8480
32573
20278
12919
9845
4033
8743
32647
3317
23627
18151
20302
8313
22141
14488
22698
31476
24850
6860
4164
24399
11103
7032
27019
28853
6297
31872
5709
10340
13598
17806
29854
15176
19868
7163
15246
13788
32687
24462
11808
6518
12049
3881
21361
20546
22558
323
18600
17513
10008
13314
8495
11444
10981
30260
17059
29205
624
13820
32391
31245
12599
11987
27293
12051
11618
1901
12104
7585
16183
21473
10773
32532
28311
32643
28728
6984
20563
13220
24287
11145
2552
25542
22964
30837
15387
24118
29654
21854
8001
10719
5956
32625
32646
3925
10019
16441
12642
21048
17025
8953
20116
14561
8798
19457
20875
28625
15428
11265
18691
20253
4632
5774
32350
28324
21807
16163
8858
3935
10386
26198
1424
4467
19662
7730
26328
10689
7600
26366
2376
19575
24318
28412
8701
20793
4236
18496
11454
22138
15051
29128
18521
19435
8947
7325
15008
20164
2953
1672
5638
24486
9068
31495
23315
2119
25045
29622
16794
29898
13695
31802
24434
1281
24311
28129
10896
508
13119
19441
16877
13640
9137
20559
2162
10065
2562
23018
27288
6737
21877
20348
3072
4067
16942
28744
464
12828
27354
28851
31062
26295
28324
88
2637
27151
30286
10650
24365
16689
15182
11613
26859
21281
23366
5850
1763
2295
2780
25751
9065
5623
12411
29898
12785
16804
4740
7330
16896
25888
3570
4875
30395
1831
22251
15334
18196
23520
14455
6726
27347
29178
24223
20702
32726
4302
7585
20805
32038
6641
22023
24480
16081
18970
4914
17354
9012
15898
4723
18473
14262
24696
5342
32455
25929
31671
4436
24958
19948
19692
5894
15032
14891
4742
26975
30240
11180
214
28916
11968
20453
28769
16301
1319
28010
29744
32329
23578
19143
8717
27437
27433
19895
123
3125
4265
16430
30
7086
5476
25763
4640
7002
8833
21056
12515
25724
8994
622
32274
15945
8196
21221
21974
25923
22499
24777
8630
24626
4338
2103
12376
30339
24782
5342
31276
5533
7345
20381
30596
14336
12826
2112
13739
23434
13883
19090
6730
18450
10067
1492
15953
8814
29703
9885
21353
19783
20727
10348
27022
5518
14423
17246
31645
7109
21415
13210
12567
17787
22548
13258
6290
30452
12186
9063
30075
29189
19949
27522
31684
31281
11593
21855
17049
30333
4615
4670
7096
7957
6592
23565
26593
16611
942
20862
6465
3898
22279
30419
23556
794
29007
5279
19759
9447
2055
13803
23586
4623
12113
8764
27162
32635
12297
14571
20648
23904
13113
22374
26209
32511
30673
7873
26853
8940
12088
24376
28510
15886
12011
6124
10062
4084
16710
287
24947
11003
7388
18868
20230
22253
3742
11661
21113
1375
10072
26850
26377
23783
10573
28998
28553
18734
11085
24684
7456
24926
15793
16719
28102
28044
11930
24284
18825
10571
19536
16360
26262
10541
30809
19240
6576
16924
20331
28861
18039
20779
9558
5567
24066
10383
1512
20465
30044
13727
272
1743
18571
21865
11229
20890
18980
28509
22041
22584
32502
32244
1378
349
13548
32033
8386
3587
6766
9816
15908
20511
24616
25564
12475
15038
2925
2611
9345
26189
21755
28439
7725
3862
12886
23820
9631
21216
1877
3841
31687
17565
2553
2437
10109
27270
9732
1378
25517
21476
15162
10553
20096
12704
20077
24468
25892
22832
18777
19056
7032
21065
10275
24004
30634
7797
10962
20426
25578
29802
18460
13292
22581
1936
1857
12266
9490
15371
22467
7588
11395
12475
24932
26508
14906
1606
13604
305
7199
7629
3850
121
24211
26564
9419
15842
10497
8907
20663
11035
22952
31768
3603
23799
1589
11027
30356
16310
20386
2636
32436
27871
18001
6317
31940
31306
4030
17918
22847
24014
721
8429
5752
22846
8856
26527
19209
5051
5171
7313
27399
12790
25670
20993
3826
20900
2658
31318
5722
28266
27373
22265
14013
13944
15565
3216
31015
18156
29731
30949
5790
19087
15125
30730
17708
12917
32471
22797
16564
16532
21705
31540
12487
17009
30395
20329
29390
26765
32476
22643
27629
21533
10334
10341
9824
21789
10977
26861
22652
31017
2622
28418
16970
25283
18657
14016
8574
20926
25746
27483
7004
4054
6411
28309
21985
31717
22239
5447
20489
21841
7341
9605
6706
21049
17535
27609
23008
25928
15288
12574
18542
26852
13036
24864
29085
3829
4394
7651
6059
24984
6820
26319
3463
9872
29602
13061
19587
28912
7596
13527
4712
9965
26745
15099
29421
13230
25824
31658
18837
19949
22157
17815
11854
24995
9207
19623
28067
5227
3107
10541
23425
6750
17014
15796
5280
1874
21134
29900
14751
11471
20296
5874
31141
2609
10805
21997
24078
9222
14809
14202
12371
1677
32507
32182
27801
13408
10607
5270
31667
27119
1636
24863
12461
22958
18990
15292
6256
24101
1116
5658
9613
30804
21304
9129
29615
20057
17642
26503
8077
9607
2949
22748
1806
4293
11228
32359
20462
14297
12685
32193
6172
22285
7615
7714
7429
19697
24025
21927
21143
764
15858
4874
21750
20376
10266
3752
21735
20825
3449
3731
9875
12277
22730
32106
15547
23072
26203
31359
28780
11029
31022
32028
17536
31544
1744
1334
10829
21986
641
21187
28494
15994
29466
25686
3153
7549
17271
24425
10529
6074
7344
3094
15882
8412
20179
28996
18950
3013
32233
28150
24670
7617
11856
31446
27397
9379
14783
26359
32379
27483
13546
17884
24271
9492
27129
1684
31452
10121
313
22468
15477
2542
28088
3829
6051
13561
21526
32621
21316
26008
8612
13066
3622
19493
29340
13478
6014
19441
23687
13409
14492
20120
23920
24578
29070
9619
13605
18278
7372
23213
25561
29549
5849
4488
27921
15055
25119
28703
7346
13050
8473
30786
6660
12852
15282
21124
11087
20978
11417
8945
1957
2409
6862
2617
17485
15732
7539
5565
19488
24745
5803
27006
42
29889
16801
31664
10898
5648
12886
31149
27536
10679
1228
3673
5314
13461
10668
12783
16068
23220
1222
30157
24852
17
23836
18995
29174
14405
12085
4238
21328
21243
26289
5893
6428
31330
32293
29299
5967
32750
8491
25445
9019
15798
26098
1526
18975
23933
10402
30451
10603
11069
6040
26329
16246
25235
12019
9158
324
12871
32144
26770
27700
3566
2296
16061
12144
11855
6498
31683
21465
17474
737
4667
1366
25333
23020
10041
28076
16640
27327
7570
9183
8611
11570
24507
18222
26501
3032
26745
7226
5728
28442
16057
36
9864
16691
12058
8223
2621
1274
10451
1937
2014
19528
14743
25687
14089
1641
9525
25194
14282
5382
7148
16833
6630
19629
4587
16242
9017
23706
13151
5345
20684
16245
15651
22593
29699
29558
24301
14363
5014
2877
24017
25753
6193
20128
22608
13255
30875
31214
18886
647
21017
28278
9563
18900
9522
30548
7847
3686
21875
14787
23368
31711
1698
2138
1638
5912
13264
32463
5796
19922
17259
2002
6773
925
184
1766
19964
4326
23029
5571
8857
30946
18801
12758
11673
23629
27651
17530
2404
26146
3832
2283
32443
9627
29720
13622
30694
14211
19976
28761
27553
32121
26078
25641
28132
20706
22712
16666
17928
4881
26268
2248
6914
4447
24926
32203
4224
16609
21726
24128
10041
13984
26273
18981
744
14361
23976
15551
12124
19750
3749
19273
21314
27911
10336
13682
11769
32057
11525
32091
32164
12980
16021
9889
15233
13592
23612
11336
16063
11028
13599
12018
22855
372
15114
13584
31164
16870
17965
22656
25763
14064
9181
27834
28759
15189
15020
14888
21965
5676
7852
20784
26712
843
287
22716
2600
28871
25745
22078
26501
20182
11624
4106
2251
13627
13455
9617
7151
19084
31440
28641
31278
25302
20217
13026
6385
2512
22963
2754
27915
9328
16255
18231
32684
11196
2210
23547
24427
32382
5110
6170
21935
2960
27545
21669
15836
187
25542
20509
28322
15
15394
8173
5452
8686
12582
11707
29114
245
26175
630
11389
11629
20495
11217
27661
7477
31155
4589
8826
27263
22530
3160
1023
18527
28244
5525
23660
24130
7108
10241
12230
16882
14430
18556
10764
24886
21426
5174
2690
19649
6649
14445
19651
10803
17466
3510
28106
30897
25726
13575
32222
10710
32536
15227
30531
14035
27036
17594
17091
8648
17378
29309
30497
9118
12845
9744
23525
3674
30314
17272
18434
26204
2021
15895
20954
8904
26215
32334
28366
857
5259
14675
717
16809
25808
3355
292
16077
7096
31839
18062
4231
13359
32307
28340
29388
4313
22839
9413
4727
7647
8542
23384
22198
25829
13076
25197
6964
22955
13132
18966
7563
8966
20961
11611
16439
12838
6864
25720
4941
18162
6838
9314
11517
4228
15322
25819
25391
29127
12712
19082
18189
28997
3437
17758
26402
20757
28672
12928
16040
25886
9229
2326
18076
21064
5669
13455
5732
24172
3446
30734
2956
10942
21490
5977
29378
22895
17497
11652
25671
1712
32068
23088
9667
19398
8927
10613
30707
4306
32081
23555
4965
5564
23343
14516
18631
3293
17808
5408
19614
17956
25201
23224
27396
10731
4077
4199
11945
1597
7944
4286
30186
11952
11516
14051
2258
3037
1521
9038
27171
27409
5243
28484
3885
11124
23096
5
23182
4002
30709
11126
5114
31099
29314
9036
13340
31227
2059
856
24591
12878
10210
15173
22986
26333
22816
10335
9164
26067
1728
13020
3886
6089
990
32577
10044
18986
15655
12175
18410
2160
11542
17511
16121
25749
18547
5356
17672
18117
18219
2712
32088
19962
20531
27173
22379
2099
18689
20304
26840
8902
12373
30582
12325
12595
8058
22969
27228
24254
22046
13349
19260
29870
739
26292
11512
30466
6913
23207
26807
1954
27173
31861
7772
5690
24788
17709
20167
17927
26866
5110
29581
25448
17353
4729
7172
22446
29813
22867
10343
19918
8641
6191
10400
21370
7298
13794
19068
17732
5514
26569
5334
25723
7299
11703
19129
26920
11271
30507
29784
4282
30785
289
30954
32619
17414
17421
7426
7054
15441
11427
15880
16048
13394
29144
9345
18110
18674
31366
24211
21286
2896
26931
5586
6985
15551
31407
13213
6630
5854
24839
15147
27686
27294
23065
21866
15913
14581
18996
27129
27266
16633
20151
30584
6023
31620
2755
3069
3220
4973
28022
27010
22148
5238
9105
17871
27699
12904
21342
1808
28799
10609
996
30064
26908
8727
19676
27622
30254
14265
28034
2333
25436
28985
12622
8537
29534
9161
15437
26734
1260
8235
27510
859
21539
13990
4807
5206
7103
27142
2454
13976
15572
6573
7665
22312
23627
24597
16166
22113
32449
31574
1735
12517
16151
15521
14048
16125
19658
31762
27496
16482
8271
22197
25727
19038
15463
10573
20410
29550
7448
13266
21760
7064
28284
5418
10494
12832
20362
314
19274
19881
10198
32251
2198
16003
29627
23196
26009
30891
24194
16274
13312
8632
28777
16270
7668
29312
24868
27746
5966
13316
17086
15273
23779
6525
12777
21294
25084
24020
17422
823
28885
25477
1514
4396
6537
8583
30685
29222
20859
6262
27127
14504
28643
11377
30479
31199
12981
16093
25422
17447
22692
4429
29583
3755
4856
32165
20508
1850
23075
13388
27229
25984
20043
23059
3789
9123
31531
14289
14926
17284
7558
25569
29054
13258
21572
7
10242
94
24247
626
21502
26246
17096
1109
3666
18378
3037
27321
14172
8273
29009
14989
23054
16996
13524
9550
32397
4884
23913
11912
22539
18327
32681
7035
18100
25578
28524
21485
8467
20152
31753
8100
29936
25060
5437
18320
7776
14370
7441
16161
23630
25268
30595
1520
14784
31479
8845
24007
17373
11031
25896
888
25844
19596
14526
4176
1892
23724
4150
16585
18871
30253
13094
12725
3058
13804
6139
3932
19370
21663
12720
13990
7306
9227
29796
2924
24126
31020
13371
20357
9945
9351
17714
9121
6884
1254
27500
18077
7009
9949
28663
5417
28492
12745
5371
26834
407
13278
3789
3641
24045
32216
13150
23555
30966
9777
8167
18841
5137
4838
23931
23285
32080
2060
24623
31754
29045
26471
898
29946
24342
25980
1135
26604
2743
26945
20463
22314
15117
24663
56
28839
2232
7808
31539
27558
16757
11044
13649
19720
23329
26928
14713
9124
13858
19158
20450
10410
14579
13977
24216
25742
14762
29192
4996
3758
30718
24581
21072
17119
24973
6842
27962
28943
7197
1591
24182
8972
20654
12645
24827
20763
25229
23824
22328
30788
10483
7718
3299
28671
21599
16132
17426
31694
30712
3686
17390
12297
26478
10821
68
13244
6820
19278
7741
7423
18353
30718
20087
265
24100
4673
28231
15654
26375
8387
30730
31675
14683
4989
6693
31144
17585
7046
5771
24385
25913
9522
32236
7457
308
17820
13799
21246
21061
30942
607
9859
32066
9344
28453
27415
13754
11173
20931
6828
3848
30991
11895
13744
23190
465
31411
7964
11991
7140
11334
4729
6218
15043
16798
26617
22948
7735
28778
4862
27873
22647
10426
9640
1663
20319
17940
9019
32145
26726
19685
11580
17859
24899
5959
8879
14733
7799
28012
5794
17756
9750
4453
15652
12253
21432
14016
23331
11883
30712
16890
30646
3435
28590
309
20907
2737
24207
17729
566
6662
31266
1171
3224
6353
26769
15387
5367
5508
15981
18593
1266
9021
24698
12490
26371
17674
1167
25674
1212
15239
26676
22594
14399
13839
20324
7554
19065
8727
21311
13452
2693
32549
7877
25741
24357
3358
12937
2529
22704
21789
22356
11514
18705
32573
27445
25433
16003
26453
13177
17951
14117
16616
31312
18546
32232
13669
23762
19520
18966
6718
26796
24169
24302
10778
25953
12924
16000
534
3873
31295
30340
21635
11975
13359
15951
2571
28957
29918
18531
8131
19949
10585
15206
3356
8920
20267
4610
8753
5012
31828
13839
5510
3920
29401
20583
4077
17440
18240
25663
25303
15036
30948
30963
11190
346
6737
2756
11464
3120
8855
11482
15137
13623
2162
11557
26385
1344
19024
18688
31785
16679
26868
23478
5489
24887
26685
560
19783
15893
22759
16185
104
5770
3007
20610
31816
31986
32418
4528
23305
15988
1145
25487
9056
18964
25028
31396
28893
24089
20053
8898
5825
4343
15403
25084
474
23264
1387
18620
26825
25059
22720
18576
2947
22896
26325
11173
12631
14970
7461
31165
9201
27730
6771
24921
19182
17029
31608
7335
31172
29101
5170
11751
23304
8198
21356
11147
1546
6344
2369
2471
26589
29791
1013
16518
2667
1166
14844
1481
17782
20146
8621
6353
5824
23322
7361
31064
885
31217
26120
16624
13678
19244
7842
8954
22747
19979
27297
8608
13298
13479
13980
7483
18865
6733
13568
18842
15292
13717
15100
4051
13893
433
18179
32312
17396
15371
8055
13314
20463
16941
8053
14108
28450
32284
32126
5144
9409
15896
7481
15887
30480
24255
20350
25676
28702
11449
31252
18933
23323
18442
4603
1641
1099
4596
1595
5557
10708
1280
1310
28115
30358
10798
16088
29478
4190
19272
1999
27510
11636
18691
9064
15238
5789
3341
10155
2337
21762
29449
12008
15693
14567
15690
17785
12704
23006
19907
28586
31997
27029
11336
15432
10300
19578
31628
19337
30426
6210
17386
27961
13682
16416
29020
32068
7287
3409
21833
27824
13201
24418
3190
8549
660
4919
5574
18516
7699
386
19085
20727
25255
27304
24860
4395
12122
4293
10580
28474
21073
33
26218
1756
14521
11593
13876
21084
28726
10330
20209
12190
14039
4234
3936
3471
11422
23726
9076
15750
23970
14823
26293
568
29969
18105
23792
20821
13181
30565
19532
32041
4109
24501
31518
23405
24454
17388
6682
14114
6975
1843
29124
27779
25398
26743
5107
11523
25480
18685
2764
32370
20771
12981
959
14903
5256
24909
5340
32134
32422
3546
30292
6278
7304
12358
16023
12573
17260
27506
20280
29980
16225
13967
29731
32489
23379
11104
1622
29236
3257
11806
3871
10747
23137
9581
9156
29777
2902
23932
4627
1512
11833
16260
18454
16128
3929
15840
28539
8693
11994
3782
31135
5858
4629
19821
16400
6350
9733
5942
13952
19561
27363
15231
19163
4365
758
5576
9916
23974
17985
27655
26720
26283
13803
14018
5065
19056
6806
12774
16227
14657
12852
28546
21279
7474
23623
18716
10211
22245
3088
16739
17050
506
26265
18000
1262
28491
25758
12443
2954
32307
17104
17667
24739
27577
20363
29650
20215
14298
32345
7511
24418
8687
25401
6505
12199
17067
24012
7862
16803
14859
23777
25599
13222
30371
32328
14666
17054
16016
3285
6380
16619
7528
10367
13135
2425
11370
25726
14286
8925
17783
17781
3395
30338
654
1680
21552
12484
8951
8397
27429
29865
24707
27831
30389
17949
31469
8833
12493
11450
2383
19602
28772
8456
2831
9146
32405
21736
17568
12009
1411
6455
21801
20795
18807
16748
26237
18957
1659
10579
8836
12797
6996
20426
31003
1567
3396
7140
1030
32404
365
4252
16824
1100
15264
29221
17817
18556
31667
4571
13700
8603
6996
217
17669
23852
24617
32156
2799
9281
18675
17998
29520
5578
6937
16594
5237
1079
16302
23316
32532
21993
31987
6561
27208
27539
6933
7145
32575
23102
16398
5079
27412
32511
12892
4478
9449
29277
30741
23436
10889
15881
21542
26546
70
30941
17057
30520
2606
25299
28870
10308
22296
19490
8309
21004
10483
31758
3261
9643
6652
22297
21989
12321
8623
26731
22953
18949
3605
2851
1415
5610
12934
11391
19806
7437
3763
4757
18345
29407
13982
15825
20650
13948
15693
7244
8207
7964
28464
7342
31378
32671
2303
25675
31694
20329
24577
20152
17214
676
19823
2949
23612
12799
3203
24464
12547
19610
31512
16817
28022
21561
7721
19133
11242
4939
22627
6469
31556
7977
30705
22529
2904
491
4525
9017
24040
2536
25746
15536
5592
23395
21704
23456
17045
8786
27329
8173
31284
1280
18486
22189
11572
28339
9569
5495
18596
23749
10919
26879
28567
4628
17403
21726
25398
23846
28712
13608
10026
3505
9968
10085
6898
382
18272
24563
30749
26906
4434
1884
17798
23426
25146
14476
26711
6304
15283
12138
32665
17726
12837
27023
7756
3289
28710
20441
756
4615
21093
13394
4645
30777
11364
24495
23632
13174
19829
4965
19138
11603
9730
9999
32085
7055
11852
3985
15283
18190
2031
10686
30493
14186
26655
26835
733
7695
17798
11108
22366
29970
9683
17058
31141
26589
26509
10387
2881
13115
6049
3584
26660
850
13671
31930
13884
5367
26767
27955
2253
18336
32538
17310
14852
29795
24621
25065
2580
1204
14218
29348
7882
8350
28881
20354
15665
2565
17484
10330
5151
24640
20127
27923
22932
6641
9449
19595
19899
15211
31853
26302
2903
30458
21867
8456
11014
10350
2582
8576
9709
17094
23366
25319
16396
25896
11097
22168
19399
4991
3442
4920
22094
7395
12709
787
4518
20968
16668
24676
8786
1953
21875
2091
19753
22996
8951
12374
23199
21153
11816
22062
32534
6134
9449
110
23479
20404
13862
13532
19263
8576
2732
11182
11938
13447
22240
11168
31570
19774
11410
19986
23814
23562
20001
26711
23486
7423
4958
28338
5996
1192
30408
14846
3002
16302
13651
11636
22023
9264
4780
9366
11926
79
15235
12481
29851
12317
6073
20884
9058
4913
13291
9352
1737
4838
3644
13946
26980
24683
3827
3250
12869
18055
1124
13229
29939
10288
18364
19529
8196
25544
20520
11590
25624
20411
32550
6217
28003
17924
23995
12271
9301
14692
6179
27522
17007
5098
9989
31927
25077
13108
13662
19633
525
2614
15789
8832
1003
22814
16519
11127
6171
1609
20317
26508
19414
26448
17404
27031
18061
22406
1924
10201
16080
2741
9773
28487
3858
4017
30436
17689
27208
32581
26552
10486
32347
22869
17756
20930
17867
20115
17931
15818
16306
7544
23169
9256
3569
20639
6105
18977
5667
28265
17839
29852
22383
32227
6596
28162
15747
4497
11192
13978
12443
1114
9742
12908
19027
16449
18129
27408
14107
30723
27140
7632
26527
27275
1925
31967
2169
23997
27148
7289
20253
22615
28426
26446
13503
15550
16283
28053
3521
7762
30694
28673
22459
4208
15962
28323
13862
14819
387
20581
19487
26419
25835
29799
29830
9735
8461
18102
3969
11300
26128
98
29726
9169
5032
23569
2146
14411
17056
16410
23721
7372
3392
8120
1847
18206
4356
7728
17198
25782
32599
10543
10127
21486
10384
106
32363
6574
5373
176
5567
5866
8567
7570
28500
25686
6330
24702
6018
18287
18811
32491
11200
10613
2098
20767
15989
613
7660
27482
1500
12705
26534
6845
11006
20830
6831
11146
28528
14116
31787
20828
9815
22848
3249
1375
23529
4110
1647
8113
1793
7176
19578
16446
7570
17946
24400
19386
16199
8384
24093
4256
10632
29195
28774
7290
27933
14781
1530
29978
5092
1343
16273
29523
13946
14243
9421
24479
5590
26939
19896
3150
12271
11087
11413
16786
24141
4901
23540
1636
24481
16765
28839
2288
23949
31088
12437
4002
26698
12058
11945
19797
17536
30918
12214
1428
26061
13107
14818
29146
8781
24704
4668
9717
31451
31033
23167
2493
32255
14551
912
8280
2659
7173
7146
16507
29143
31250
8158
10629
28893
30806
9646
18432
31215
14672
23335
23841
20930
21458
159
1656
9649
12766
7507
26291
4441
14700
23459
11992
32322
14080
7169
17898
27567
9517
4759
9580
31352
26888
32330
10662
4472
19093
8500
19679
5506
20771
15599
32022
25187
18426
15361
20016
28290
24873
18908
25760
6264
386
16213
5306
5562
6565
27590
6530
12630
31529
4075
6446
14570
26266
27330
17005
11594
13586
15967
26723
12704
21711
502
19912
9789
8151
19516
16792
7487
20876
23104
24163
6093
1112
2275
21148
1558
13601
9959
24880
19654
20624
3234
22385
17458
7638
1429
25402
26350
25879
24852
7644
11849
11656
21838
23501
17707
15789
4760
30440
29335
17489
4382
23990
24102
15263
2679
28783
14224
29952
20321
3182
16161
10319
31051
16942
20480
6920
12818
6035
16924
6863
4214
20081
18557
26515
2276
19471
19230
28900
3121
26417
18463
20103
4809
721
1559
9163
11065
25521
24402
13776
13627
16609
1941
14084
10304
12710
17097
19147
12023
301
25189
12113
8554
3720
30979
7099
28941
28880
23543
18832
14945
21825
27049
24483
31989
22458
25301
11334
11750
6848
14880
17920
2213
27827
8490
9505
12560
1642
8935
12506
10863
28476
30116
27901
1970
29637
30453
30328
15778
26722
10886
29476
22725
2197
18032
32712
25289
12618
5663
23987
16609
13704
4088
9897
22298
26437
44
26228
5821
87
27268
3917
26467
27271
31931
31964
22701
30320
24236
13357
5162
12390
21578
32690
28016
27334
9480
30039
2844
213
4881
15341
12516
4942
15734
23856
29925
19267
21646
4433
32372
26904
74
19528
32081
9865
32217
13333
14843
15966
1874
21187
965
24798
31207
32387
32020
30457
4455
24507
9580
30848
4268
19585
6623
3952
21196
20815
8350
17142
17351
31632
31505
15931
27335
11318
10746
13162
28420
21455
20436
6142
23630
9405
28304
19644
32062
18698
13111
13931
21742
18598
1339
9963
3839
8831
1534
23708
17757
3010
6309
29950
26873
28986
6042
20992
3358
3693
31625
24759
25754
21856
13134
29019
22772
31916
22335
21093
27677
20089
25097
15481
30999
32604
18016
25529
25817
5930
22940
8178
11527
3296
16659
5938
2643
10076
2758
27825
6508
14927
1798
8022
756
31834
31204
18212
8429
18427
21270
11530
13208
14021
2214
22478
13376
16978
23200
17447
26897
30524
20210
5046
3457
28590
5591
0
25625
11517
16065
16071
22872
23041
27941
13513
4553
17225
8429
16119
17244
28506
17231
3345
3763
18422
27702
23475
14962
6827
17721
3822
3042
8865
28179
29963
15436
4226
20215
13511
10761
19884
1307
14730
1979
12071
9612
27217
9213
6095
2813
25499
3395
32010
969
11172
7561
32313
26833
5928
12586
31497
16996
6591
12785
19960
31540
22275
32233
17066
29832
20028
11526
10663
1780
5536
28044
25759
6766
19157
25530
13118
10149
7083
21070
24107
19009
30382
14678
26881
30087
1746
7910
25926
2627
32370
5873
17263
7859
18594
22181
28633
543
5711
1730
28286
31401
10662
7748
21182
3569
29265
9627
4154
6731
13712
26581
7418
10544
6365
12141
12066
2463
2297
27736
19512
17831
27591
30619
31375
15157
12309
10675
25712
24877
5589
14736
1033
23026
297
17131
433
31132
30015
25787
30049
30690
15698
3612
16039
10193
32122
4993
21261
16118
28366
16693
16515
22446
6958
13366
18507
20930
2231
15930
20181
27709
31455
4295
30712
30546
28473
22988
17603
32156
13454
6417
26094
6839
1778
7790
3658
30652
11543
19281
11292
22889
14471
13429
19340
344
20733
17248
3202
29132
31879
8677
19292
11140
22563
19212
3669
18911
20419
6650
8752
10574
5803
28354
6408
12018
2608
32092
22466
9727
11019
8985
26544
5505
178
5539
16388
18612
17140
29532
32650
2347
2180
27847
30679
29022
21275
13479
20231
10925
18695
9820
13602
22108
14540
31538
5870
4263
22426
7137
29872
20637
32725
13822
10558
5556
3949
27288
4281
30418
22918
1200
12005
18955
18387
22058
11300
30455
26216
1444
7865
31152
16711
9131
21487
9143
26577
16328
16417
4777
20914
22698
923
29109
18759
9990
19525
19863
16394
12068
23999
29820
4844
4263
25612
23772
6654
21709
32320
8913
22871
24334
2128
7000
18898
7002
3319
10672
27656
0
4727
31730
7817
2000
23264
16930
3789
16677
30484
27599
19914
32045
3982
2007
23035
32018
1348
30521
3723
29478
9216
22158
24638
30033
71
10343
23599
17405
12592
16790
13614
27093
30168
20719
28695
4510
5926
1851
29516
29477
17251
14120
19700
31236
32395
11264
24838
10264
8053
16799
8135
1578
11272
10693
1229
17528
26091
1736
4220
20937
5494
20348
2039
14078
24030
12081
1430
2889
5103
3827
13611
25560
122
26945
11010
10193
9490
20501
14994
10223
27064
29999
21428
4873
14583
17156
20644
11178
16992
22917
18884
29467
12312
14757
28379
8515
22586
26421
23078
16468
762
10183
4102
32310
32279
4546
21223
22099
28842
10321
26061
17711
28949
30683
3547
15368
26277
20263
4074
1380
29218
25662
22368
13536
4756
921
13542
21847
28243
28171
9278
29800
13987
3061
13002
10714
17926
22335
6865
12552
4291
31055
26706
26592
12425
28725
31592
16127
30480
23901
16217
5193
13160
32545
20961
24229
30738
27978
13566
21146
32396
11263
15878
15282
26384
19114
18589
21894
3209
26023
15297
26088
24263
4373
26121
20671
11089
8214
13006
31877
2324
16962
18054
23720
22276
23141
9295
7516
10829
782
19021
15200
9548
9164
5925
8078
3607
20580
7811
3925
4165
21535
9863
20762
19554
6226
29058
30928
31844
16012
883
12157
6546
5267
19568
8386
1579
15816
2588
10182
6311
28661
678
23259
26550
5035
4619
16368
7201
24324
27551
31195
24197
498
10659
25350
22595
11329
29030
13837
14980
27384
13925
27746
16141
14200
16064
495
5000
8191
18800
14723
18017
32743
29089
20050
25114
26846
390
5669
9078
31276
29891
13591
22488
3807
30853
24276
26171
7637
1934
159
1970
28845
4917
29931
16157
3976
31322
3177
14121
11180
1921
21707
5991
8232
4134
21495
19607
30161
24666
22826
31157
12557
17555
19161
19264
29015
16778
18625
12086
12519
18757
8819
554
16021
10150
3347
23417
7062
11334
27163
22443
7079
24537
3257
32166
14138
27789
5152
15142
4090
31615
23450
7395
8208
1564
31000
18307
31316
26483
31125
13682
2375
25767
18291
27242
5869
31504
24328
10367
22298
30992
29740
8490
989
15937
29529
15975
27344
3420
6729
12565
6477
1599
22522
30149
8309
29623
24294
7433
16605
31371
18942
30848
14082
7901
7189
29190
18048
23187
5908
32043
9072
23318
12377
32304
18381
4914
17878
15141
26170
27369
14791
18598
14434
21518
6432
28859
27982
7448
12131
12190
32648
22874
18731
25029
3789
30203
17374
29828
18618
30139
8599
6225
26638
4728
351
31435
1766
4200
19590
558
3186
6951
24353
11651
7412
7174
4774
23940
12060
11694
8039
19620
27331
14936
27461
976
20444
4446
8885
11606
10117
29922
30509
1243
19035
31855
22797
30995
28397
11653
28119
7352
1265
26989
24725
19059
30865
18584
29104
5246
32150
4805
12741
3611
26441
23391
18343
16572
24066
24374
30384
11551
19923
28295
13744
8343
16731
15219
11424
24949
9035
14727
15125
30005
20594
22831
13041
6822
738
27503
15222
1852
11288
9856
25370
28770
29667
9628
12816
27650
10251
20990
19101
12506
1171
30440
24286
31021
6409
14502
13542
18960
21131
1495
985
18476
9247
25650
9878
24911
30498
23287
15118
19655
20643
721
25105
30811
13885
27603
17218
20455
27200
13099
18671
28547
19643
20739
14857
28221
22893
12005
17814
7945
17627
31228
8517
3489
5942
21042
12202
28259
15127
31139
1273
17813
31941
531
6510
4941
3188
5578
19345
20550
8098
7332
23734
6359
2682
15896
15469
14956
11197
15370
25927
7979
30717
9169
11532
19900
14908
31296
16866
14703
10124
126
26800
20143
13730
17363
12218
23084
19272
20860
11464
29280
6692
9789
8934
29862
19942
15671
10682
12735
10119
97
16433
31856
25295
13361
4180
12666
8067
651
6383
9635
17600
8149
6682
9891
12140
25323
11999
5867
4117
1016
31475
26064
29551
4896
8508
29174
16953
26611
13957
15118
25497
6695
29582
9819
5682
31057
22
20200
14539
11014
18549
7484
8194
20128
18564
23831
3015
11786
31520
16929
12014
8049
8674
10423
13599
32206
1527
29062
12711
17420
3100
12374
14717
11157
18564
10688
13609
26484
10385
6053
21729
3478
13324
31190
25105
11121
23730
6737
15922
2048
23711
12392
582
12587
25971
30657
26787
2905
18784
4469
16814
26140
26210
21107
28919
9191
26293
9446
2030
9412
10024
23998
12691
19318
13720
11042
22041
2200
6360
25785
10960
10079
29306
7505
19196
28366
28702
5566
1714
5430
4236
28117
26857
12868
7463
6358
32009
18027
3928
3203
6791
24421
28939
1307
2136
25575
27392
4515
10200
4454
16876
1474
15040
20869
8869
12194
3015
27125
7897
19494
11944
18169
7525
23863
25817
18755
15483
26483
24667
17189
266
5491
11083
16487
18653
11804
2811
28378
10257
18921
20035
24277
31229
31874
6443
1822
19768
6183
16243
25613
14243
1859
6022
16421
18791
3043
9342
3341
2144
24607
19237
20134
1767
19747
6360
18505
19259
18213
31981
2551
30651
9121
6723
13194
2611
13912
12759
2655
9050
23571
24285
3236
26399
20158
16217
13805
7180
10435
15858
30375
14297
7922
19547
541
13826
11717
5093
5208
25445
11612
23815
26036
23214
2249
5510
5737
23543
10898
28720
1161
18194
16538
7664
7302
19130
21091
12966
23489
32372
3774
17304
16134
1864
2170
14142
11500
26074
1463
14332
49
559
8561
4597
16177
5555
15919
23125
11921
31964
978
5465
11932
6122
22578
25108
24729
12226
10099
8997
24270
5514
9327
28806
10665
22444
10260
16185
11736
23382
12791
8464
26215
2355
22784
7703
23076
15577
4382
24106
24841
33
29878
8453
1071
13837
14127
11036
2417
17111
13769
26566
29564
7068
29138
24894
14759
21726
20496
32747
6619
24054
3122
20700
30142
6272
26727
13374
17912
16952
17592
8056
15365
9656
7017
14660
20082
29544
13340
18608
21507
21767
12933
1168
13267
6634
10149
24800
18503
18636
5530
790
13052
20423
18743
26826
10799
29283
22831
15637
11709
4134
16545
7726
16025
18090
31474
19717
17244
28851
25668
7802
15553
4792
8182
11270
26051
16935
16883
31548
11117
16284
3074
12987
3475
8748
9773
12883
27206
32595
29022
19738
8452
3538
6473
31551
23470
22816
13852
851
7767
20082
19984
26128
29451
12651
4300
16661
28118
14443
3145
30357
17291
7153
6426
83
31421
6935
27304
28504
32009
6222
32548
23416
8418
19966
27777
26552
1346
25388
28679
23801
19693
23519
14221
26977
30555
8307
17155
20548
19869
17512
4168
9
11601
2863
1654
18081
19460
18983
12508
23378
13378
6138
2944
11310
3799
10349
31528
12865
8366
25437
13595
8657
7701
19434
3711
32338
17961
14694
30567
20485
29385
10395
31974
21317
29176
23021
20135
3088
1363
12870
3537
17566
15556
5920
24848
9531
932
11362
30374
10351
19654
26059
15764
31877
29533
21664
22737
5927
30618
9970
27823
14254
2256
27924
2859
27212
9028
3384
32380
16413
7736
1403
1240
4678
10981
15659
8858
7523
29772
19807
26671
21369
20946
2301
24216
2212
32692
5970
22871
21361
27506
18149
1917
8621
17949
27879
23414
20051
5300
7195
9948
15762
29559
29793
13995
7031
8912
18292
9223
25881
1737
28754
21393
23038
30682
13286
29406
24370
12981
15916
30668
16759
11744
20183
28802
14630
2058
16435
30222
4398
3625
22329
7071
13391
5756
24393
28818
4505
2397
2553
24759
14271
26504
11537
14469
25992
8441
21198
13135
14397
693
27849
6424
11166
10540
2073
19888
4863
24734
7973
25500
10990
7227
8487
23653
21363
6079
23336
31073
19023
20959
7788
30663
26802
12403
26747
13653
20259
417
13424
14232
1950
30647
15414
24229
25982
22292
559
21227
15790
6373
1430
14750
25649
9757
27390
20481
16850
17268
21830
1834
10468
6865
5441
16098
374
17095
828
6652
2691
11829
29890
227
18902
1864
16691
26612
17157
20269
1955
4439
20686
5162
15973
14144
27441
32525
16441
22413
24826
24545
6551
1828
11541
16670
21690
305
27472
2451
29232
27690
7332
23287
17196
1947
7573
18781
31536
26644
656
3959
29402
8573
27476
6403
29225
5600
6068
2161
15574
18895
1810
7770
21901
9068
21413
4394
12166
28693
15490
33
6312
10532
18402
18607
6655
22752
8058
27785
16214
6630
19899
4304
29096
618
10646
7313
8430
13253
20003
23993
28760
26432
25692
31699
6729
31804
19480
2270
19808
16983
5716
29925
22065
11028
19163
27874
30802
15097
19572
16637
520
15124
22051
30255
4190
20926
12639
27754
15579
23082
20519
12251
5026
19137
2950
16331
16075
26971
21358
2282
25848
29700
23158
27523
30415
6077
1086
12256
1566
10714
11149
6992
9067
19179
22467
6072
25631
23549
19017
5829
14800
10874
26754
30762
28608
26260
6806
2786
5275
5173
17775
24595
15183
6692
23336
13923
22875
25621
1991
27756
31079
23556
17879
3314
10233
32266
26492
18215
3040
30076
7901
23662
23014
3198
6677
23605
1719
3121
15052
11931
30851
20831
20613
26748
31606
22646
26740
2788
25251
24293
26065
26776
12299
3236
13872
1788
31103
29925
22652
20911
26333
13502
16208
18862
1803
30978
23517
2842
14195
24425
1228
28966
19941
3005
24590
4829
10799
11655
19312
25381
24682
3880
2310
13103
17574
23883
15758
9534
5543
4086
21127
11546
22170
23187
31921
7904
16087
3510
3687
15410
13277
22181
13730
11588
8734
32186
26917
21593
16031
21892
7993
16853
9880
22504
14400
23400
15692
20931
20827
25438
9299
6334
28924
16169
26511
19903
2356
20158
25990
29951
14302
30966
6272
17613
6829
27651
16853
24493
19896
1096
13053
14935
29602
10349
16368
26045
21869
32527
8939
14882
17162
1943
24664
21768
8749
22801
3359
20338
6706
23541
28804
21330
2824
17807
21161
23456
4446
32497
4721
32284
6344
27733
11712
17714
31086
29881
29079
15675
20337
27393
17762
30791
14606
27818
3616
21799
11494
24962
11879
31367
25057
31105
31968
31234
2226
3699
20602
9835
28346
26612
1628
31482
694
13230
4398
3304
19513
13204
29651
31133
24763
18131
1604
21778
589
26951
14606
27651
30968
14673
9589
5924
18484
32732
31922
23207
1776
11757
29500
13367
5737
7982
8310
16941
28235
11268
28499
13141
28709
24953
6849
15831
29968
245
30058
31559
23111
28575
28531
26234
26598
27791
31648
21457
5383
26138
15522
13174
32605
28907
30155
27196
21441
3859
488
23952
10895
18839
14425
11261
31964
24840
10992
29795
30371
23038
6906
7342
26282
3814
22980
8965
22017
30572
23469
11636
6537
12215
26941
8727
18920
6949
15193
17224
26776
9024
11987
24906
21316
453
3228
9583
30320
12688
6880
2848
12989
1930
8441
6384
8375
27207
20111
26596
19870
19935
12103
15345
12721
20896
21535
5508
20615
20470
19564
10212
12884
28768
22515
24986
21001
16139
15057
27624
20819
28270
1677
20638
7560
24640
25787
18767
18842
13043
6990
24396
6056
8618
14042
20174
28619
23419
32707
32175
14548
15032
16993
4191
17054
27470
30004
14676
31995
19106
17433
15398
14773
20308
24463
22116
23304
4858
6623
18023
15537
6864
913
20158
26300
8462
21765
2271
21172
19726
19624
2978
10203
17352
18104
19918
20091
7560
3328
23169
5787
31199
12702
22388
18302
30721
14897
17578
7384
28820
30576
27718
546
8418
27284
4936
1787
8563
29027
25611
1908
2933
11109
1068
29726
31940
11475
10748
29232
15947
967
8925
15103
7465
4136
25653
10546
14385
5131
3454
15394
5524
2527
31207
19540
12477
17095
4051
9169
2235
17272
9988
6107
7234
13516
4346
13926
13807
19369
1986
18382
1196
10272
8810
1663
5677
27596
15397
17269
6772
30480
23943
8953
16081
3351
29544
8904
4356
12853
24849
15944
12789
9343
26790
23428
15844
66
2926
23440
23650
30180
11760
29832
1114
4766
20677
31992
11884
15204
25450
32586
11902
26203
6582
9217
4877
21620
22434
21463
6149
14353
10010
16489
19859
15463
10358
12305
7895
9149
10396
30406
16526
1106
3850
11611
14781
24210
28081
26912
6662
1087
19654
30142
5274
1191
11516
28329
17840
21272
29439
4371
1318
23289
18881
19982
9539
22748
11460
10881
13169
31530
21405
4729
25004
10155
16983
1556
4864
18939
29993
2248
7490
18023
16926
485
29532
538
1839
29520
14392
6399
27616
26001
31616
2683
15174
16071
14743
4347
3626
11477
31333
8090
1047
29325
19357
11570
19711
8241
9626
17893
22769
5838
27797
8825
3589
11463
14994
15687
8953
10700
9394
23913
7747
12237
24380
10337
31758
18399
30586
19832
22077
7050
26538
1716
19590
25018
18303
7312
32630
14402
4944
1089
1046
19751
18301
16744
7346
14031
27567
9816
32356
10679
145
5576
9413
10933
16188
4624
31523
24758
22533
22877
19248
5912
96
13976
11344
5392
4985
29162
8391
19509
1345
28315
31923
11696
20663
18720
13276
25251
3146
25543
27008
9117
18606
9329
12045
7347
4770
6470
29849
17487
7267
17798
7998
3390
2090
11520
24107
12480
25114
24159
6770
5373
4252
29523
24007
28299
2662
12031
24033
7140
31650
3565
28103
30402
9956
23533
15340
19504
19153
28914
14262
27459
14821
1937
27986
7350
16951
25397
19086
1015
12986
6506
14688
25092
11314
32127
6339
204
13824
27401
16819
17193
32425
2391
27060
6837
25039
32267
32052
25747
30941
22721
22873
27260
10758
12181
14192
16284
2929
18526
20831
16996
20382
27924
29016
5029
26964
14359
26990
25338
7943
31626
8507
9902
32531
32264
17738
9215
16473
2664
12010
6754
5577
20480
3201
27058
32122
1829
29568
13270
9856
21604
15665
17750
19845
11324
2098
8695
31545
5719
23825
11894
3012
5264
19557
12119
25336
22582
4665
19309
30880
8025
23720
7339
1588
30921
13738
16941
2229
24210
11448
25558
30903
17656
15690
28412
17153
14119
9783
17788
22439
27392
3389
26927
9525
23677
32561
5354
4821
20884
16891
2094
4839
16605
31280
17402
26128
3996
1236
20562
1190
3283
6833
12957
31423
26328
4511
11628
218
19445
18121
1205
5106
17782
13644
27286
10874
12320
24875
31383
5894
3489
12363
29513
7155
17355
30060
29380
8803
12684
20536
4318
1218
9109
3901
32533
24061
30273
32087
19795
22771
10301
22473
6778
21857
28774
7559
23811
21074
14433
19957
29179
24290
27401
11533
32151
3202
20923
3698
2302
25771
29157
14298
16292
26905
31695
5946
18288
1537
17908
16458
10665
19115
13125
22754
20660
11268
16548
575
9754
15018
23793
24072
2762
11419
5535
22218
1569
10016
5763
9817
6972
26215
8322
24710
27072
25632
25018
32316
25965
23695
23016
27113
26367
8971
10469
15017
7481
26746
6653
1190
14568
16084
23997
1953
5506
22352
30337
15681
25163
14514
17880
22165
2820
23628
22502
17270
17751
19591
11103
24515
718
18025
14722
7999
4735
25627
5625
223
11911
3069
25895
28977
4610
7610
26127
22535
9591
13206
31028
23680
20087
26141
32
24137
13678
22413
3460
11060
27279
6565
8350
16970
3261
7051
10120
3985
20719
20102
24017
2411
20999
18595
26502
1506
28548
17133
5281
16437
12152
24502
729
17546
21145
3072
23364
21910
21673
22714
12420
30680
11949
19643
10096
13674
28722
23223
646
10880
28048
11852
4120
6310
19800
20271
22556
5685
16643
30659
28403
14604
6339
28427
30549
9458
26773
24744
24102
4925
24566
24939
22674
12179
15304
9659
1332
17643
25946
16034
24750
8668
21477
7278
13363
8779
3334
8736
30109
29251
22629
9518
30212
19350
14635
11667
8188
5977
2993
27760
17043
23196
23032
2971
9294
11824
8945
7746
2833
3785
10061
7032
28041
31088
26357
13205
15902
12530
28005
5174
5084
3785
7518
30993
20817
12960
6717
16381
10441
1629
28782
19557
31998
2519
22645
6662
6414
13299
21730
10906
29780
15264
20284
6346
23430
7034
31485
6616
20036
22359
14482
7966
27900
16205
5225
10894
10494
8349
7759
19207
24104
27351
25086
31733
11891
2708
1140
11798
29028
10593
31966
30549
203
15155
21880
8137
6875
26974
14634
31866
16847
16252
26076
31233
10540
1070
3023
6580
30425
14466
16878
28104
26490
16979
9681
21402
9759
28031
27790
4729
8247
5871
24309
12848
28655
6613
9939
14585
281
15943
11977
10824
12678
8594
28947
9659
19617
31024
4083
31006
3066
1632
30654
18032
18067
31485
16147
30880
12279
9241
29020
3318
11663
10957
16741
10147
16680
14368
15615
16031
15850
16104
23362
24887
7334
17037
23173
16565
31738
9765
32541
935
18748
10998
13055
2080
8536
6580
28642
26526
14961
13111
12743
13723
11568
12929
26189
2293
22875
30184
1591
15399
13914
30354
1952
12824
22826
16614
7116
22385
31041
23356
395
19317
822
8732
22832
11961
12091
27550
22727
17840
9270
22707
713
25736
7896
1807
14290
13071
25198
31816
23076
5635
32112
21087
10899
25943
24631
1514
26139
29035
13473
20170
7393
29606
4678
20637
24251
21931
32163
16690
13261
23207
18001
17450
609
8875
32368
23006
15972
23130
20226
8462
8792
7263
10053
6933
4764
13991
31572
22056
28271
8315
25756
18086
1654
24925
7118
10723
12824
31984
23239
13756
3201
1405
29241
18501
7328
23792
9523
17727
31151
32158
8388
32085
6346
15293
30062
16726
2940
14893
25907
11635
22857
10994
14486
30894
337
16730
454
29007
27771
19770
27872
6929
12016
19680
31414
25554
27980
7186
20085
21702
4171
15020
24169
12783
31720
25344
30481
8639
20484
10188
15846
23307
17536
11000
19275
8026
10280
19400
9885
19188
7373
13535
25088
5369
8138
2980
26906
13258
28215
7796
13145
25668
2152
4738
18460
8773
29581
30036
14246
16481
14317
15897
12574
18289
27489
2765
11203
25530
6261
7986
16385
4589
9927
12681
9374
17605
3288
1770
25669
11527
6108
6412
15998
868
16764
9406
25227
19182
10340
14731
31634
12021
16303
7737
12909
29311
20840
15298
23294
26450
5942
23273
21411
8314
20484
30094
4554
14153
19984
14779
14259
31492
3271
22782
10241
14406
23599
24495
29247
26296
772
2028
19357
4294
6154
5249
28889
32751
27832
2782
16663
147
30657
28382
21550
1200
9502
2768
14368
26362
17592
29407
838
20755
11896
15261
4075
26566
19274
31260
20744
31345
7907
30926
22818
4618
4083
15143
2189
11038
7130
1231
14371
25243
2838
30737
4654
26530
24901
24433
4163
15082
7086
22278
13199
19
30971
20701
20744
24273
528
30078
27853
15080
19986
25046
17077
3534
6589
12403
6273
30259
6934
9514
2783
21968
22197
24694
22715
21583
11379
27891
18440
30626
25620
30646
22460
11145
8473
32626
22146
4772
9600
4448
9264
332
16997
9159
11269
14099
1119
12505
1471
18845
21979
15667
25896
16906
4013
2421
3619
19436
2119
25297
26618
2886
22415
14422
17833
10986
15938
19275
2744
30762
27745
2381
25893
27195
8043
19936
8871
32050
28946
25969
13108
11721
4932
16183
10149
901
32197
17156
14889
24506
31670
12533
12938
10226
1419
24653
14567
21740
10233
10056
18803
1007
21898
26390
10287
27722
31805
3636
25604
15176
9007
19650
18483
546
5364
16793
23948
21841
6972
10612
30727
4469
29508
7506
242
9760
8022
20727
13888
13883
8781
29248
16212
25580
12367
22544
13376
10797
27621
31036
14386
23596
12759
13620
10766
8388
15791
6190
5
30199
3528
21923
16680
6644
4213
25817
22583
20446
32239
17789
11861
5197
9159
13795
5682
2116
3827
11925
7227
32249
15279
7333
909
11794
17771
18608
15413
30657
32657
23635
3896
29655
21932
2294
7026
22608
28556
13844
50
12661
29918
4117
3690
2157
23984
22824
32659
19456
29460
17754
29487
5238
3767
16345
31026
14880
9878
2045
31100
5722
14900
27501
3369
8759
32389
30688
18555
8118
2724
5210
23967
8684
26438
1441
2163
15278
3525
4843
4083
13354
2702
26990
16914
20239
29712
4717
22912
13768
3952
2172
25015
18498
3843
4537
8733
1512
12539
5780
61
1635
29121
32514
7392
22726
29826
23245
17123
992
12823
29537
5209
12759
25384
9670
26085
23
21527
9412
7338
4437
26002
25563
11991
21193
6268
12186
24926
5183
30807
24106
12041
15568
29359
31232
12017
20590
15962
16806
12915
12433
8663
31125
26993
10317
5074
1071
480
31553
25817
19387
24721
18799
14060
6513
18778
32201
2851
1050
20245
32370
18717
17038
18524
19078
20971
6400
16920
13153
8119
22657
6959
24061
6362
22690
5698
6364
17061
19436
15501
2006
994
1836
28726
32472
21146
14840
30496
16731
7634
1402
12910
23191
23488
13389
10521
25074
18619
29811
15768
13029
31809
23092
30134
25267
16990
24539
5121
32290
5788
30013
24505
17130
5517
3326
23228
7947
23211
16985
19403
4008
2908
30066
8656
5210
20965
29402
27346
4215
14290
9094
7464
20731
21304
5256
3428
14135
7581
15917
14990
355
17419
830
32234
29584
30698
11564
1857
27750
21941
18151
14939
3555
2592
15535
26593
2285
17615
9877
9048
19135
1072
16605
6297
9938
14254
16203
16195
23418
2413
20701
2841
25596
25093
29267
16119
14490
30142
21399
3066
9434
29883
15679
27032
15449
26998
22380
1816
17679
13606
19122
24366
24334
14548
21651
26315
21115
13596
15310
32339
24830
8601
29280
28318
5999
25966
13739
9218
4154
28949
11277
23124
9555
25186
14151
32514
17690
2421
22920
18845
17125
13718
13242
7948
17847
6140
16406
14828
20605
10086
22513
1678
9806
26822
24068
32667
10669
13261
29227
28908
27399
4227
12263
18446
21298
6214
30065
8891
6663
7104
11816
2011
24900
30759
27501
22564
8874
24805
20293
5955
2843
11764
13101
15651
12199
19504
16262
8017
12349
19758
4328
6130
29129
14008
4072
4956
16153
25492
25594
11793
31593
11317
13927
26982
31361
21640
14479
3745
15407
15489
19550
18135
20387
26415
21780
5327
31696
28198
16551
14168
8363
24247
11459
26365
21274
8739
341
28937
777
9382
7165
21770
21362
27039
7034
8921
184
27477
20838
1080
26663
7738
18318
18885
11789
26774
13748
9039
18327
20986
18295
24501
6180
2619
15036
20578
31036
21090
788
13551
11636
3220
2739
24848
16016
3572
19543
32571
19936
5125
297
10216
6740
29986
31139
16784
10343
18128
8639
5037
19934
20873
375
23748
9598
27110
4733
1287
3385
5282
26537
2156
21522
27558
24583
18182
25432
3361
13367
25458
18456
19454
12917
17
14560
28600
4321
24974
11643
401
18968
28928
343
22775
12183
17415
25031
20994
17582
22525
12181
17609
19287
11046
28788
15753
27073
7001
2616
22967
32700
435
8168
5434
2843
23416
30184
16845
16336
17357
8387
7030
678
20091
2950
27045
25193
19443
9876
14680
18160
31601
6362
19420
30081
8249
15194
29715
27046
22385
7573
5671
23293
1170
5274
27614
21216
19495
25517
30385
23187
8706
6702
19811
9025
12585
11544
7500
19213
19703
18671
16823
27834
16480
13906
28180
3536
32721
21489
25070
28086
24808
12729
3880
12479
26965
13893
30272
29177
29791
8534
12681
20127
22648
12872
25070
1323
31460
6867
22360
280
25817
24534
27763
8989
26495
30850
10336
4881
23053
23827
21199
29836
25324
4455
3940
22176
16380
31497
17533
28963
8764
18889
30419
14754
31282
24924
6926
12629
12827
30408
18930
21617
12531
16708
1724
17037
1952
32651
26696
18082
19112
29562
871
8847
10042
31140
30243
28543
2439
14344
29988
18296
10615
29873
7969
18047
5628
10397
28720
30438
20534
17692
11022
6180
28601
3584
27382
21482
12392
23831
14602
20614
559
18884
5930
17339
19445
17596
1113
28078
13107
5753
17113
12555
26506
755
4558
8336
5418
26457
22980
11177
511
24760
17657
24528
5408
1692
6983
7309
17804
28042
29320
30553
21806
30187
6697
6220
20676
23015
16233
9261
7705
29493
12288
31294
7281
15263
10072
32383
6116
18755
19555
10035
3550
5304
5550
13234
6099
24386
13511
19504
17433
19975
6121
21991
528
10366
5832
8175
15947
23929
27335
14487
23611
8147
6981
4587
15703
28044
31873
19298
14637
20094
1012
23453
30109
1623
32405
11187
2344
2456
20103
10661
21742
20587
16026
783
4315
6729
13696
1296
1922
8293
21526
5139
13287
22514
17108
31569
16491
6954
22185
9017
29943
26704
11647
26171
18550
2674
15543
27423
22769
26854
3401
27420
19028
12204
26750
27514
22765
25252
22309
22608
16998
10510
19300
10227
23547
17914
7688
14698
10045
18683
953
18247
17754
631
8207
18279
24039
23689
5938
2098
29336
3414
8572
14188
9462
7861
21754
2496
1172
5078
10115
1878
29738
19836
21266
9706
4945
8538
21247
2190
3765
14371
5036
22778
14549
12024
3240
15183
31355
12736
8319
31716
27231
20258
10008
27064
4453
27704
5531
24614
27639
4112
14113
6632
25695
20730
8784
4396
15296
28272
22996
3183
32453
9097
8063
11359
32530
15774
13307
5358
3926
7349
19144
29268
30081
31393
32550
24075
30771
3172
9578
2770
22537
15727
22000
15328
14333
9530
22164
19439
9374
29823
13424
23487
28571
12197
1934
20714
24617
17566
23631
27593
5558
1990
14015
6687
20367
29490
25987
31242
24436
11710
2678
23736
11395
18612
31975
26771
32265
12166
2740
26674
10859
17423
4014
3039
7599
8782
17853
29191
31577
30985
31699
12164
9289
17367
10836
633
5621
8770
24957
5418
5421
2487
18012
12426
31389
2795
16563
26737
27182
31994
25100
9661
31646
23773
24140
8590
2353
21874
30679
6070
11352
31145
31996
23979
142
25786
29125
26756
21142
11704
27527
23464
20885
2467
3057
4440
14187
956
21200
27463
29367
22226
21223
25109
22255
2465
25244
28707
8976
31726
9849
10383
21610
12167
14247
7326
21259
23393
18466
1287
14368
24822
11579
9177
7328
9998
3305
1209
16961
16998
5284
27457
35
7807
31773
7169
17986
30233
25837
18221
7338
28866
23142
26627
8250
29944
23908
6586
10710
3141
12736
32055
27416
12746
28523
10500
1272
103
6247
8840
23646
5995
14210
12527
26786
4273
26326
25679
11042
28022
6898
151
12260
7375
7011
6034
1278
22497
12044
22098
6413
11873
29369
13576
30459
31240
12394
27332
27460
30688
19651
18099
10306
4690
25162
524
7673
25159
15876
16547
332
16210
25484
16145
29661
17284
22981
8161
31586
102
8563
8457
11759
16197
15201
24725
23646
14805
9073
21209
14145
11993
1754
24939
24469
25487
21873
29798
30378
18885
9498
13769
19797
26519
8736
25072
8215
31211
29206
21159
21816
21458
9385
22028
18999
1615
31090
12478
30179
27369
1771
18837
25614
25623
976
18328
25417
15958
1966
23346
17606
16110
13114
20486
22812
6668
10739
22263
15752
4371
1631
8874
1488
19545
25927
15603
15286
2363
14788
20633
23232
12574
20136
3821
9762
14012
30054
15273
15771
13771
32656
26006
18203
10102
18483
29141
18318
3183
26096
16621
30014
32467
17412
25774
30849
30028
14531
14968
18039
30870
9139
10040
455
5634
2148
18084
22223
3483
29950
28557
27741
32606
6051
4225
12447
10050
1113
18891
11595
4818
16746
2326
30482
19066
3313
6407
10978
13249
13521
7198
17073
12270
19474
14111
13354
7885
14112
21649
31979
11957
21444
16861
17521
11311
28861
4887
7727
20822
11473
681
25710
9420
13279
5783
7979
5613
28235
28301
23920
8248
9526
32286
28675
7829
5019
13198
18111
19384
2231
4880
30811
18372
5524
22262
10897
32717
6779
21629
30849
10228
9834
31833
27173
30193
2537
25407
28025
14752
3438
28896
14680
18380
28278
30057
13357
26
8041
18256
14135
27629
14623
16151
6240
31542
10259
11816
31912
31188
23540
29354
11718
2592
21192
927
17171
24465
18983
8829
2574
26699
14971
3117
12730
18655
12480
325
11887
21879
10726
19
15610
10798
31713
29453
25768
29492
27461
17657
29428
31462
11890
12086
2422
2405
9754
631
23051
4652
20673
27448
7226
14195
9602
2521
45
29904
16225
28947
21383
16532
28316
20885
20592
22448
3527
32617
15847
940
28050
16295
7772
29803
23803
3856
15852
302
11648
31309
3755
17428
7495
6132
5775
15811
8545
5746
32201
18287
1048
1960
24769
8566
9326
8629
26548
18596
9424
24712
23319
6509
26994
6680
18775
27444
1892
26333
522
5250
10777
31331
2278
1452
14085
32140
9282
3016
23821
23802
19575
22303
5442
1332
17226
9192
2059
3617
26828
29575
8946
10994
1061
4080
19317
31747
19472
26593
8319
23830
17393
21263
9222
16183
11031
4063
18810
20497
13401
5531
30776
10244
14529
13618
22965
2028
1904
5413
27620
8439
209
24791
17802
23702
12682
23582
4167
13850
10267
19617
5747
7689
23361
8116
23765
29000
4938
7081
21371
6117
21413
15713
14278
8151
22889
17540
26226
21022
1827
13059
6540
28199
13891
25400
29817
23944
20125
10884
10427
19594
24764
10036
13431
27533
7506
6889
18570
10741
3624
1284
10961
12468
20991
29909
8104
317
12150
13505
8375
23746
31503
2020
28207
4482
6856
20483
4123
24554
25192
7352
17262
7563
8501
13963
4107
29590
1074
22199
16448
9983
31273
15379
18614
28497
27083
26417
16281
21045
25908
19897
21407
29292
16107
1293
19614
27665
22539
15149
27203
20482
21306
1376
1855
22359
25262
25208
30347
10746
24775
20156
32642
4675
21437
14512
24362
31823
9546
18409
10726
11788
30880
14518
15578
8747
17181
9029
30768
22787
4112
9841
13789
20357
24219
25884
15007
18762
8155
23173
29929
25891
12506
14982
24453
29469
9741
4536
2997
8773
21141
17931
12760
25445
22481
6485
18348
5736
25394
18774
31900
30444
646
12354
29491
12603
29019
18431
11726
20561
13934
2444
3801
8994
18686
3499
22166
30039
29176
19550
20152
30389
6290
7779
2588
15697
15368
25861
7738
14115
31183
1036
19149
18591
21125
13903
