8203
2722
7107
11509
17711
4321
30472
18352
537
26996
20997
16007
24499
24753
26659
13408
1541
20793
28040
20589
1794
9395
741
1233
16810
11840
3441
28890
3997
27285
12612
24023
27897
17286
21144
27264
24568
11892
3389
11740
5363
3588
22415
20185
16244
6950
32573
2163
21110
20344
21330
5618
8528
1656
4248
14267
28009
3705
31365
11300
9696
29031
21702
8508
1710
24007
19474
7180
22904
24358
9448
20826
16958
16741
5501
13247
25720
25153
9168
29008
12368
5295
21999
13830
17071
29012
170
27324
7222
12120
24879
22638
25408
10321
11633
26560
6321
28821
2808
17370
10017
30092
17261
881
16283
14316
18685
27724
5900
21256
4911
12715
1110
10504
18149
6730
29566
30134
2499
4647
21409
6192
8820
9752
2749
20506
9034
18156
14617
23419
31719
14305
23488
27277
29676
9710
28552
16701
31537
27711
6627
8594
13955
14890
9271
29731
22357
9063
19883
18410
7000
6591
25666
9209
8973
29474
8237
17277
23544
8789
5300
24577
32379
17984
11820
11818
2598
28836
16307
15130
12711
32084
12206
7356
17214
22764
6068
24871
7910
19745
22807
25477
29604
29054
21132
11431
4931
16717
16598
13661
5307
31864
25938
2754
30053
4950
6395
29411
32398
12760
19244
18513
31696
25618
9336
26440
32539
13235
228
60
3760
31559
11406
9116
9846
18889
18854
1529
3166
22509
20172
27188
24723
18243
23998
18329
1233
3385
7498
2784
16936
16466
9198
9094
23622
5510
25128
30861
25129
5530
9263
24659
8784
6986
30726
3670
19789
20714
18714
22285
31270
20360
32118
14392
6209
29318
13224
9902
6811
6668
16017
25413
30077
13730
30002
20780
31236
1074
2723
11614
15035
12882
12435
21083
13581
30968
24150
10738
8304
20556
19671
29432
15028
6572
22848
13672
18075
10776
22037
8379
22232
3727
14858
16971
5731
11981
499
30852
15640
6125
2020
23933
6195
11524
31187
3307
5523
31309
422
28218
15769
31868
10729
24301
28708
15289
3565
31534
11448
5449
32531
20595
16456
27475
19657
5864
9893
7345
18190
15371
18860
26202
137
3988
6102
30033
30643
11056
30383
11076
18067
18746
32757
30612
12807
23510
23029
3462
18930
13278
6453
9428
27408
19293
10564
19085
21252
29220
30942
4403
14250
23097
20597
27965
13066
15829
2134
5783
12385
15237
8352
30557
8138
729
9908
13918
23827
1876
16793
29007
13795
21701
13870
10570
28453
24958
18640
16704
15334
32555
3463
17029
4031
26441
2696
31669
1464
17193
28208
13384
20231
25109
30894
10471
17198
824
12299
9494
5388
17545
26275
22627
8026
15477
32681
10910
5110
6763
2070
21555
21191
1752
31388
5176
30397
49
5593
11697
8353
32697
29092
9846
9742
12863
14188
6104
27503
20456
22826
10122
17506
28349
24850
108
9488
829
14026
22882
12364
28395
17218
9838
20617
2639
17639
13243
13588
21347
29951
15233
17486
2271
10670
12922
32427
6257
22265
4376
9920
6377
25343
20019
21052
13833
29485
21700
31601
32117
13832
7786
13572
16797
5797
12477
8633
24707
4865
4565
17877
10265
12699
30626
12240
29494
23919
22696
31726
5050
6377
2522
19125
28453
669
28124
17237
29209
10787
14745
6705
6302
17306
31907
17525
13435
1970
27538
875
20388
19
15443
4367
25977
15707
13760
11951
10492
22222
30753
7771
13701
9763
4875
26489
11149
9074
9916
18819
18672
8775
19376
241
19516
16727
10227
6653
5956
10092
25497
2112
19395
31178
28916
27331
30937
997
20588
28842
3146
9406
6295
5331
26559
30341
23489
478
5532
18802
27638
22442
3484
27271
31804
21730
17641
14055
31315
6905
25559
25022
22763
13364
26819
12761
14607
16756
16825
8149
7316
9183
16448
2673
15452
2166
13516
29005
19808
19475
21342
896
25407
16223
25805
16945
24099
23812
24510
9726
28621
19048
16261
26954
21652
1877
12228
964
14303
11981
23915
22257
23733
13158
7772
9435
30453
26904
2760
4945
30182
20987
30082
11932
28462
2286
12977
2755
15970
6801
6397
2762
12268
14616
32276
26602
14039
13498
12066
26602
9880
31831
25413
20145
29576
30054
11301
25627
24878
12931
3700
1876
15499
13228
1926
17712
24997
30986
28339
17797
16916
15050
25597
16141
20112
6059
19011
17334
3457
27614
8373
20651
12042
23636
1601
8561
14936
15950
27309
6328
6811
14336
18482
2927
2031
8433
17835
22857
2218
6240
30316
5531
18474
1761
8495
29423
15032
23832
181
13440
10905
29683
1763
31586
5049
30470
27190
19402
3492
19995
31578
6022
16581
20475
31955
11928
23589
7138
24422
29660
164
23267
30552
10638
2914
25758
8767
1912
7249
6684
19439
12715
21023
29493
18392
11492
31040
530
21563
18936
6856
9336
27974
3765
13417
17351
20599
13834
6962
25661
6005
10296
11221
11786
25319
10861
13408
17787
28955
10440
8475
20430
3694
29473
2405
6592
7107
14166
4943
7792
31493
4875
17203
9377
26644
4607
3755
17391
22637
11007
10103
3125
12971
26232
23656
615
8882
16571
28724
19453
8821
9391
3437
23033
25476
18131
21144
16596
5576
27204
20737
26563
5282
4732
453
23250
12181
2333
7147
28487
31287
15936
26117
14621
20927
16749
3278
28242
8302
14438
26504
25764
20123
26279
16660
14215
23833
15600
10821
31352
11668
976
15898
30901
26439
8518
12624
26598
17967
3674
6334
9146
9003
6691
11336
21969
26452
25150
32285
29847
19197
25918
1241
17994
2576
15615
18925
28960
6993
11894
1596
14684
9577
25756
10738
29341
22603
13472
29191
22836
20585
25348
28010
12674
15932
32050
26597
13418
31896
27069
30775
3346
6505
24221
22158
9521
6848
23924
10349
28569
23427
20842
8583
2034
6905
31662
15533
3882
29885
24550
9895
31490
23568
28821
20741
7185
17809
14433
23669
3655
1817
16402
22790
6809
12652
2449
32130
799
9883
30020
9310
5146
21008
15591
12870
32593
19711
7382
11658
15293
25985
11115
23527
25769
14352
22945
21710
4537
9404
25948
6764
28845
22884
16209
15957
16355
26079
5902
29203
4355
30053
5300
6936
27437
31658
3636
5645
22426
7706
6390
17740
27020
23164
24743
30699
24372
2394
26939
4220
30114
3302
31430
10637
14498
20120
15535
18145
310
16019
26385
13858
1316
5794
2507
10729
24263
9883
7604
32765
28778
24402
23576
2791
927
9005
29102
24286
9091
25306
30140
29807
23334
22682
32605
29732
26721
4948
29203
22567
4616
20196
26486
6261
14728
12438
4466
21232
18390
16171
9377
15938
32190
20964
15688
14744
11425
29927
6522
7426
7726
28734
16071
26557
1467
9954
1027
14021
18711
11981
8461
25701
26478
4189
3650
3864
18960
11474
15373
5802
11415
15672
784
9811
23378
13028
13043
27690
17552
30072
31417
18465
2393
6966
26771
24091
29771
26988
2023
16970
29611
2052
11208
24545
76
1389
17560
12954
19584
20412
951
17726
26115
12657
1260
12552
17155
6337
2981
6711
16534
686
15861
23039
29316
10108
4421
572
10434
19099
19732
2693
8427
12336
27671
16752
28497
11230
20491
19549
19789
11598
29151
4492
1931
11967
10687
7760
32083
27486
26445
13070
27464
23761
20968
10279
31809
11233
19372
32212
13135
18688
5003
17655
8827
30007
1228
17648
5151
25826
16456
21202
431
11159
8268
21653
10425
8409
24146
14586
27597
30408
4940
18952
18408
24887
5640
23232
22178
26435
270
6032
22162
13954
23484
581
554
23585
29888
23486
1353
4551
26619
8271
5010
9391
4039
16328
16210
26829
18812
18691
17603
311
16739
27029
4005
9414
5347
8675
22819
30032
5317
4648
13008
2629
10607
1044
4261
12751
10756
19764
25970
17234
27254
24318
16790
20571
24298
14464
18062
16251
15022
16142
19846
11533
31054
4370
12360
24911
19452
9222
32459
17747
5672
17175
29176
18998
919
12171
16946
8378
29425
27847
20148
17699
7689
28742
15499
25786
17177
22680
25638
16503
31927
15529
4912
8407
11334
23843
20719
7522
10396
18636
1366
29645
8924
17120
5239
21436
29615
25433
11591
13607
11089
15458
23255
29001
30593
14843
23419
22706
17828
11820
1556
13211
20865
18581
4732
11182
14883
7172
17644
15689
3421
17056
5439
14467
17971
16302
14875
1522
18652
31965
8275
1366
6021
5463
28902
28334
17629
2193
8221
8310
9846
1289
26534
14403
11570
29246
27707
18828
8662
31754
9519
25996
12701
391
16700
28923
32155
27248
18466
20450
20977
29481
1113
25026
23333
13780
29972
18756
29232
27480
4945
28889
27847
12522
6049
4565
16927
29459
17823
13220
6127
6187
28229
26746
16313
14278
24630
6913
19233
3342
30926
32168
27848
26670
17484
32445
14546
5148
31760
12289
16560
9343
16760
32759
7725
26252
17524
10324
13980
20286
19876
23330
25403
27448
9154
14570
27366
6801
15520
8693
4164
9286
17485
3218
22296
32766
10866
20130
8089
31248
19837
31805
24187
17190
1902
22669
30444
2944
1084
24274
15005
624
23606
20311
23452
20866
18009
18977
19839
27235
20701
30131
7056
11471
7063
14217
5020
5708
19910
3157
21308
2154
7679
32245
7303
32748
19267
12003
6731
18829
2958
57
21552
17207
5130
30617
15955
5086
30980
26512
14976
24353
19056
6039
19220
23170
243
17319
31827
31132
6605
5121
29439
12840
24797
2798
20333
13449
21241
12793
27677
22041
134
4026
15726
27732
28437
14437
5724
8570
30354
28179
26634
21680
26466
30290
4971
31134
10389
30641
14104
25565
5315
10050
23813
12524
8919
20882
27470
24865
4991
17092
20560
28148
5707
9849
32737
7509
18103
21135
9217
29783
19166
15784
19183
19181
31692
5534
28378
16074
7064
12251
32271
23672
5158
16510
28236
29753
12445
7133
1107
15018
15606
17299
25215
30025
27517
3074
16408
17851
28021
24116
5821
17474
20781
20922
24404
14917
31903
1638
21169
17728
23047
21162
28661
25336
7002
29776
31220
19338
7625
13238
25296
12798
1726
3989
28851
6164
14874
31182
18960
32246
18175
19591
23202
4021
26771
18010
19356
25170
23552
5498
29016
3109
18691
7758
20733
10135
6880
24272
24957
15611
21325
22209
13000
2503
3032
15172
13439
216
19012
22686
20320
13640
22089
23745
8964
16413
25710
22763
22403
6836
11920
10432
3809
7052
23290
29128
21707
24632
23603
5862
7540
31463
2919
20346
4591
24537
4153
22720
14878
17429
28419
12117
10534
13912
3603
20970
28642
15878
32252
23238
16689
19017
101
11449
8209
32494
22018
497
9019
6355
23048
31846
24864
10713
15650
8851
24956
2273
31969
3113
634
4897
1648
5388
16451
25132
18925
5312
30055
19203
8110
12116
504
14774
27952
22386
7406
29402
3529
21730
11112
25738
20274
9104
20673
6658
10247
20295
21214
777
32567
16073
13501
21893
28023
31914
30999
11491
152
2954
24807
7226
24144
20123
11638
4542
14497
25262
30605
6574
30713
12089
23834
3111
27250
24301
17520
6790
6896
17631
31696
13683
15943
25831
1469
25173
8215
30757
10548
319
15299
21736
2708
14319
2034
31378
9101
22309
24061
7825
26149
14187
26409
21188
28664
10536
12491
26890
31226
25844
20027
29696
32304
27465
31110
15044
107
26853
13699
24190
25066
16033
15074
1805
3309
4881
18724
29653
4962
31916
2093
19919
22119
12795
8031
21281
20935
29977
12787
23300
21414
9559
21748
22536
12089
28599
5698
13362
18395
25158
11094
19925
16264
17897
18811
19528
13305
22234
6903
4276
18176
554
26174
5155
18556
21612
5433
32202
1949
27169
11407
20580
6033
8066
8746
32767
30236
30006
10160
14901
9585
24868
28781
13685
8707
26820
11676
2373
5469
14653
27674
23905
30512
290
13200
16032
13116
13482
22415
19914
9743
8394
5213
21286
2674
21176
568
3107
18702
6299
19553
15309
22678
17734
14564
405
24407
1293
17205
20600
30268
5330
22442
31264
5699
4819
20695
11931
12022
4293
14499
17714
14464
22083
17344
25482
27606
27547
2099
29620
11070
3577
28013
16430
32179
8731
20898
17179
29874
30184
22151
27236
4882
26322
30716
27626
23706
7818
9025
9183
28095
658
29033
30041
6345
22210
30724
24115
10440
3002
11965
25574
22379
25138
6788
25751
9013
12353
2064
22223
17546
3321
12958
31097
19832
15469
20642
26624
21913
16286
21505
26774
25803
24836
26405
2361
9364
25979
9037
1481
7519
4701
14369
9374
14560
17673
23421
25165
13835
12789
20900
4591
22829
23867
22206
5980
4985
6345
10466
23371
32214
20628
25451
23925
27802
26444
4392
3227
2408
17107
17887
25407
22105
6982
1278
1930
28470
29605
20285
11787
15804
14197
15200
20242
15082
32192
27978
3433
30790
21201
19350
3261
19091
11773
3854
21502
1715
24612
14825
10578
1876
31463
27631
22399
28028
21136
23879
21874
28040
28215
1413
17259
2512
11076
21332
20208
28164
3523
1875
26482
9137
16325
7393
29826
4750
30039
32017
20331
16214
14749
27566
13805
17118
23152
8424
6614
21416
14461
19768
28525
17057
254
5954
6001
27959
30075
6000
28650
14106
18807
28516
8374
15130
9811
4983
30590
9093
6882
1453
18756
22869
29447
17722
1125
11506
10793
8414
25772
32506
27461
22313
5624
3710
16301
18307
31373
4134
19049
25902
16934
28106
15144
8935
20081
12817
15163
30269
24779
8888
1051
10586
10201
4543
5832
4215
31660
21998
22562
20905
19063
510
29956
15016
18722
10425
28392
13149
3958
30058
1407
12198
2804
2383
27787
11149
27488
15460
30626
10418
22654
21151
19215
6361
10964
21837
17661
13987
14137
28313
26235
24790
6609
30177
17748
27119
29838
6849
6794
15235
2705
10965
16722
12746
29503
6782
31626
3307
6068
1180
32097
11248
24012
4134
23311
19874
20940
9920
19199
15127
11959
20116
6896
12156
10865
1920
20713
206
24151
25185
10741
16885
27187
7735
17190
23537
21868
20069
15402
19403
3123
30007
5194
24144
27728
30859
16427
22090
4634
4177
8176
28265
11186
26088
18813
13648
19385
30061
16383
17345
7256
4512
21607
5904
11500
14697
3498
10103
14255
14539
4291
14556
22790
17921
23304
10643
27028
12998
16345
27420
2816
22193
14733
12562
12606
2380
5292
25183
1613
22814
17308
27417
32031
24893
2428
13953
26326
13484
7368
9016
25782
18046
18850
17289
7874
28510
11249
959
15218
13048
6730
6345
10108
8363
5502
292
6807
20788
3601
17048
15346
12410
18454
26229
20006
25423
19862
3779
6689
12517
14341
23477
29717
6855
2925
13490
6118
27072
18816
32333
28235
17732
6325
7244
31962
21608
10150
12156
11953
19812
27387
9140
10157
8753
7930
24484
27961
27109
23694
22504
8180
32255
6524
22655
20432
24794
13911
302
11992
8109
7029
32067
11542
4859
19956
39
21347
10429
8584
10648
10108
8252
21485
7339
25133
20575
25672
15480
1499
23223
30278
588
17442
26407
9508
454
25657
11808
25413
15623
9906
28959
23334
26514
24395
17217
173
16730
19487
32012
23762
10106
28742
13619
25899
17067
31468
31092
3544
6513
25687
16545
12603
20275
14884
19484
29252
18737
1181
19484
31067
30606
15887
27151
7545
11427
22560
13081
4027
26993
15926
14038
29056
25550
5056
2488
9623
8743
5962
27158
9638
30728
164
27898
32437
6606
20309
28820
22877
18707
24859
24492
28594
17545
20818
28763
17333
18066
24579
1813
11737
7036
13744
22635
3194
5233
25965
19648
25419
31126
23968
22477
28965
32234
16918
24179
82
26546
30286
13239
3088
4241
2749
15788
27323
9993
3251
10143
7862
5069
9096
21177
14044
20207
27393
27138
3692
28106
4140
32648
9183
10430
22506
48
10571
1726
8337
4945
22916
32166
16112
32469
24060
21726
4525
9224
4100
9819
775
17625
23292
6945
21577
11256
13139
30959
4745
20268
31138
10042
21118
19336
24379
17127
26376
2923
24314
5238
7706
8930
13485
30661
12466
19787
12600
18168
18546
29899
10329
27479
535
29906
8026
2569
1342
27337
9004
10984
25773
8938
3592
27769
10516
31102
4917
11533
32299
9709
5049
5438
15597
2964
22093
10613
25314
26230
10404
15334
1776
5416
7608
30567
30102
12027
10943
20571
26791
30495
6681
9483
26228
7603
17826
12495
14222
293
12532
24698
6252
16032
4684
21792
23857
8305
11765
20665
959
15278
24823
23961
28980
24657
28212
20187
10854
12920
30765
6079
19789
4444
27362
10716
19041
17858
21929
11791
6676
26478
32336
12075
646
12282
9781
22104
9937
12708
27447
29225
5808
10663
21824
5613
3754
28912
4458
13507
6365
21191
15847
9204
28814
24472
6365
27584
12921
2209
403
32231
27152
31849
26025
20277
11427
21618
30706
28656
19782
24760
2895
12332
29376
22779
30417
19598
19966
17056
32042
23509
26771
13813
21002
45
2639
29896
16318
27122
29731
18089
32141
14586
12955
10655
15790
22732
15573
32352
846
4368
12719
15051
21261
24105
29755
6397
28911
13528
5977
29499
25605
22876
4199
28985
5252
13140
22638
11280
26812
11466
1969
18337
16920
13232
2828
4414
31036
5654
31433
2810
23355
17338
20305
489
17081
29234
17624
20480
13731
29942
7108
180
18068
30237
22268
15186
2608
31242
24492
2605
17714
21405
24832
12212
7241
21080
2379
32684
21243
13453
11166
16631
7927
11773
15273
4095
8458
31164
12919
15324
21819
31497
3966
24869
31195
27558
15625
5854
10839
14890
7186
8956
15225
24417
23476
18884
12658
19203
23967
11195
28363
2801
20517
29446
26584
17015
5185
30962
10475
13088
29427
21894
13240
28166
14917
5668
13665
17782
12797
16022
21033
12186
15877
7890
9279
20272
2486
276
11672
5444
18100
29350
12095
29145
1007
18969
9656
25534
32130
20020
32007
20541
1996
15616
23804
20958
5618
26557
19657
19178
15619
7270
22684
5711
27935
5552
7318
22337
1166
4766
27964
32553
4048
514
21032
16412
11969
21337
231
15890
12010
27388
26026
29005
23474
6647
14621
28353
32002
26919
10912
26808
20865
29770
27022
13591
23375
16908
13797
30184
15664
24465
30505
11889
4366
16986
8608
8750
16457
32303
29314
24373
13622
3316
20236
15584
12777
25555
14022
12609
6822
4167
17922
24608
20404
12810
8323
3416
20095
9757
14183
5503
6448
17346
30584
20819
15093
23379
6418
15445
4415
26906
3186
28422
19543
18307
1651
28070
12326
26263
19088
16106
16573
647
2834
14336
12386
10094
25107
15545
23330
5465
20519
31582
23248
8230
13556
19088
24782
30633
22953
6280
314
3496
31752
11428
1240
21610
32254
29453
31054
19563
28139
20521
30786
17294
4508
6502
8720
29975
20235
27970
11206
30936
15116
7469
5398
25723
15812
2231
32082
27385
2735
26543
9302
26241
15945
28761
3235
28313
21982
17718
2269
22984
19590
1738
9207
10860
4940
10649
14811
2836
6041
14454
8777
8484
21058
32666
2020
594
12139
29445
6313
22222
13493
17110
31414
17379
12705
9882
2264
23066
392
28318
16246
14963
11003
1725
7868
31162
32557
9937
4336
21677
17742
36
25602
10255
29849
25444
31386
18363
27177
10642
21032
4571
17610
8130
26938
2389
8533
18956
19775
22757
11381
18548
22483
22380
24927
5666
16311
3678
17884
18327
24421
26243
22036
15585
5301
11054
10482
13398
13597
19536
23747
24554
6655
20236
7418
31725
23382
24367
5749
27722
13682
2996
9883
30458
5629
3014
2189
29029
13762
2253
2684
27399
21382
5756
6563
27901
10565
2490
22187
18593
18556
21687
17338
19830
16046
1538
23064
26952
17594
20214
21247
13278
19939
11677
26312
8377
29341
18688
21836
14762
706
24334
8871
29424
10856
30042
8561
17281
24824
27077
6756
3773
3117
21567
17247
13257
25525
2117
65
18030
1928
31533
14639
25719
5080
7783
31295
30380
20325
3616
18218
23972
30636
3433
13243
28846
12021
23667
18007
198
23615
13464
1134
1589
12385
11689
8142
32655
11166
22415
13699
21300
10553
2333
13324
32751
30186
1976
15500
30303
26442
1105
19227
32431
28386
375
29404
12379
15749
28631
12956
14765
27455
731
25895
17539
17246
22456
26917
27821
19714
26460
16127
27077
15623
32644
4895
18199
13113
27236
25627
6004
20483
2767
18715
16475
22529
23410
22851
14727
29556
3890
31493
2713
30359
18208
10530
6632
10348
26413
4060
4460
27184
23652
17233
9973
32054
13372
23261
21956
27475
10082
27203
7352
30044
14119
29785
4422
21376
28733
16887
19444
26100
9872
7887
25882
174
10222
14671
24125
9415
10780
17272
25348
2529
21005
9955
12462
16554
19298
5570
14593
2210
1976
14
4865
27542
28378
11075
4176
1808
1729
27069
10440
82
25367
2471
8357
9696
11232
28692
9253
22090
6663
17513
9839
13589
28619
7807
8735
25201
14905
15962
30984
15845
16592
27154
3557
27932
8767
26601
16220
22631
29489
12174
26560
21135
21631
4236
32452
708
7346
15887
11905
498
3797
18883
26745
16898
3233
24913
11498
16778
20684
807
25776
968
10591
22046
19537
31342
4678
28633
13938
20687
23270
17574
29523
20033
18056
24143
11706
19381
9976
20191
28609
19810
3373
7829
30909
20066
9978
1808
22914
27953
7846
24885
31386
24457
4264
28
11476
5068
18682
30750
332
23246
8272
22302
6257
27472
24947
30161
30338
7956
31243
3562
2923
6076
16838
808
12254
18745
7262
29382
23943
13327
3246
8395
3023
17884
29783
20495
20715
31076
31673
4992
9325
8666
20797
29794
21015
3054
28933
16999
22554
8261
20415
2813
21751
1019
19624
22648
26608
27097
22881
26781
26231
3233
8513
18102
14676
29030
4736
18041
32560
22468
13209
10907
2308
28620
28265
26233
29891
21462
18614
13786
13420
6117
29701
24276
10710
26963
32172
21858
13817
32285
11943
28555
4200
13926
25979
6398
25317
31148
19948
5676
32259
13413
32011
4598
32465
22702
6703
2265
16553
9383
915
22102
4420
10853
5600
6958
29713
9308
8998
8748
12732
1601
2040
28093
2201
8420
17510
31954
21837
5500
29323
26032
17682
26745
32173
5228
22033
31008
29332
5363
14672
24823
20614
29799
11906
22426
28148
11370
31216
11058
25565
4654
10859
22826
13074
18005
21314
5673
15281
7172
9100
24157
23054
21347
12633
20734
12390
2241
14230
28135
9005
31582
9382
7748
28853
21005
3132
30562
6811
4310
23927
25874
32265
28711
3042
30907
3818
10341
10694
30635
32746
4177
4447
9102
31108
1268
9530
25209
28946
21578
18697
19804
9905
24060
30034
14365
22694
1951
18773
3538
25550
13860
1038
14929
25048
17534
15177
4445
19132
18478
28144
4684
25351
23014
263
1001
16422
7550
6501
22150
4224
2223
3543
6178
25715
5493
28695
30422
24661
19606
31494
1531
23251
19545
5364
21604
32416
11362
3322
27784
17245
21918
11857
19523
15215
3226
9906
11621
17044
20667
2664
20432
32368
4599
6917
3797
3562
8760
8783
15067
31740
18817
16724
1415
23464
20781
12260
567
247
1641
2995
31142
31126
20436
8730
21974
1630
6091
11147
26833
25937
5095
29477
1929
31313
17852
8757
26169
14875
24820
16089
861
19642
22736
26464
13736
21472
29997
14506
20967
32355
29183
1403
1597
8544
27052
5217
21413
11999
2074
27544
31614
31679
2356
16773
27651
6317
15339
18867
7820
16607
15949
28411
19255
18837
19880
20222
6478
28297
3460
4984
22994
21305
17125
8909
4918
23539
6259
19255
31213
12316
2099
10125
11681
16596
9769
7137
21150
16154
29622
28710
26391
3532
30177
26229
21418
10613
1047
4723
16553
6807
3327
24646
22800
1621
17517
15297
27002
21888
25940
11695
17499
7905
25814
20107
16472
11618
24103
2951
3429
31765
9237
1974
6709
273
26897
22838
27202
17912
10926
650
3599
26766
29977
20821
24386
23695
19596
26724
13513
15455
8862
4201
10204
31784
2428
11644
16229
11722
2178
14282
20363
31068
4948
25994
12886
7413
18468
8352
13120
27151
6131
9647
9649
24033
17246
6085
18299
29472
6665
23780
26297
7853
31914
4851
31052
29777
1565
16783
1580
25600
21767
29899
31135
26114
17835
10983
21532
16869
31271
5109
30680
15518
12027
28706
28242
12542
25244
11031
21735
15767
2373
21507
25271
5850
26443
10358
23689
2783
26649
16097
31110
15940
17783
602
26483
7079
10760
17387
19743
1795
10204
29701
19203
893
19641
20597
32037
10648
24672
5648
12756
31830
8929
9508
7254
28790
8712
21510
28598
3011
6378
29109
20633
27512
21754
29843
20976
31482
14907
26486
29233
31297
6418
10328
17783
7685
32457
12731
30851
17877
17392
20767
25963
6308
27469
18791
8032
22774
28328
30141
3278
3976
3495
28202
22311
21135
6096
18648
22641
9884
15513
23853
9725
28899
16127
22923
7693
3327
729
1408
12011
4148
31106
11006
1979
27816
31863
30557
23968
11416
10065
25452
15649
5991
15850
7186
1977
17440
19669
1184
8039
291
15866
26633
7595
13654
18601
23487
3572
7119
29362
3479
28403
17478
19166
21176
22583
22912
6899
28778
10007
19470
10103
26133
8103
17827
13010
18583
23590
19567
22434
5447
21902
1955
4054
22141
25062
12628
4226
9627
25263
10897
5185
9228
32665
7551
6782
8587
5265
9079
1336
28054
25523
31776
769
4055
24267
4653
20293
14704
8959
14853
5022
24748
2056
19097
18499
17162
15053
29380
10241
21260
27612
21550
23733
29846
31679
32168
12307
15545
15684
3492
5214
4776
25785
19242
8596
19347
31087
759
12031
2557
20479
31109
8830
26838
16412
14152
32404
13663
29633
31075
623
21082
17107
20978
6761
5486
19206
21935
6690
5585
5694
20930
18922
22110
23431
14951
13240
6371
26529
28539
22669
27779
16378
4340
21096
22997
6366
4837
16608
28853
11267
10003
23882
30721
23872
5018
16974
31422
23057
30384
14077
3570
31409
1018
15647
24922
19826
8132
18888
23566
25905
12224
17854
12932
18799
9925
32413
7501
29443
5533
24534
11381
10408
31063
14825
1683
23407
13473
2083
10982
32537
22217
27921
15825
14760
32669
6490
29378
5067
23330
7223
18667
17567
2555
9096
713
24790
30986
24097
17342
9295
22716
1675
2070
560
14816
5635
11184
8854
7397
19125
20611
21609
7856
12191
15210
2110
13445
5787
9436
26477
6697
31370
23642
18216
7538
16963
5501
31856
28353
11127
18632
2835
10006
12927
11513
18509
25758
25305
6684
12698
3422
3255
7499
9848
31289
15668
6067
19920
30417
3041
12837
3361
14526
27358
10191
4670
4406
5162
6284
22653
14814
7146
2469
23487
18451
5882
20821
28039
18736
12943
9492
30586
18287
2902
29089
16716
16436
2553
24562
4648
6753
10708
21607
24742
26261
13234
22760
27429
32610
395
19261
951
13240
26738
21473
7715
31070
29249
18307
16246
21179
24762
29095
23855
8641
15791
3040
32606
19484
25825
11307
7208
14485
5963
25888
25728
657
10659
12104
16125
3261
15260
9427
25718
5194
23272
13117
10318
7498
19258
17589
4521
1845
27328
8404
11244
11781
24684
28745
18036
2658
14544
7786
31535
7059
1265
7603
4860
5656
15313
16283
1690
17034
30460
17204
18334
5608
27323
21244
20873
14108
10335
13278
16083
31670
14176
2035
3541
26302
23967
2310
15573
18007
17178
24707
3378
30918
25332
20647
4341
17310
17857
652
30231
1477
14796
6554
21699
20052
6890
15597
29314
30154
3571
22310
9057
2816
7760
22974
16737
17924
4136
13121
26951
21894
32645
19591
15619
1138
1787
14848
14305
30885
20533
26273
32408
13716
16067
25317
12047
19214
11913
3974
5056
12123
5706
8021
27588
1533
13870
8363
13538
12493
19224
25576
22792
31123
31993
26763
32277
24499
28886
26592
1665
8831
14152
345
23958
4116
22124
3857
20146
10699
11600
30448
26629
21615
31501
29679
30804
12993
463
30110
24807
20297
12852
18294
14691
31688
31598
31343
4478
28419
4291
22325
6457
17219
31694
28018
4050
15307
23819
18911
18304
28366
17171
27417
11325
25034
27129
6664
14786
17315
25862
14640
23588
29115
10133
17542
11674
25207
22412
16546
10990
17940
22725
28448
1874
7380
26464
8905
26973
8823
26947
6274
12580
21235
11878
31665
27300
12323
26325
14718
30267
28875
30421
12035
9281
24684
10482
28889
24795
16853
9747
31543
10468
26180
5135
17123
21525
19836
28672
488
8295
28626
26323
14885
28901
2056
16492
17840
15789
5720
12312
451
15847
21414
30978
3252
18988
6625
11836
2801
19288
22307
31725
18421
15416
18792
8726
27489
8862
25474
4882
11463
23761
26916
23047
20761
10490
30114
5360
16772
25697
24062
4515
24650
3833
2473
6217
29729
17535
23890
29437
17201
32234
3661
2077
32689
30385
12831
17342
16559
9801
10407
11330
17660
5453
12948
1457
12723
945
5779
19668
31195
28937
28701
10843
6738
31206
26706
28749
25722
6861
29089
6233
12298
22165
17932
10640
16284
13879
18342
25514
26392
32444
5501
5838
17410
21286
31218
30637
7645
12701
660
23888
7026
4248
22668
9256
25823
16495
18441
953
25751
7324
32584
22019
29833
27795
20325
23642
16599
7039
24477
2225
29863
997
10817
29770
7090
20741
17001
12484
4603
10886
446
4197
15944
10468
5535
3008
18979
1598
26785
1336
29252
30165
3490
25822
12630
24920
25136
21997
29370
13345
27166
13936
11263
32738
16192
17692
31960
9039
3341
41
709
24106
30982
2681
25837
14359
12452
22465
29734
14334
22735
10482
1925
15974
13232
12970
28705
3267
14454
21436
7861
27709
7237
14828
2124
21769
21832
10953
27941
9695
1943
30751
27277
7451
3456
573
26279
17793
12086
26905
13298
10959
16886
2749
20719
16556
22770
19907
9863
21837
7386
15093
31169
21164
4669
12648
9188
4824
18549
26758
5500
18689
8585
16995
12589
14276
19850
4832
16723
924
3585
24456
4974
30147
27324
29087
6107
30593
24085
29849
25212
6859
7001
9823
20873
6244
5764
4358
5834
16579
27427
5719
30733
31606
14548
17980
27924
4675
4118
11987
19847
24676
13400
21055
19084
28637
5840
18060
7803
9146
17691
15047
11023
4443
7781
14777
16412
12086
14921
18124
7949
13782
5891
26651
1495
29482
19285
18067
31494
8124
23458
6618
32654
26909
2250
32099
22071
24002
3076
26627
32326
7262
2925
13784
22536
15768
18851
6551
16428
19804
29916
6813
32618
7195
13339
28287
30358
526
4916
24826
12142
25420
7076
17934
12942
21062
8298
24461
9037
5247
29104
27284
12128
7069
1174
13729
2458
11229
16439
19602
27586
6575
11749
21653
240
27816
253
30303
25899
17462
21118
28891
15478
19277
18385
21204
27140
32356
31879
26701
4721
2971
23444
3547
26104
25169
31110
14659
6367
16514
8463
20784
18021
3176
28790
26945
20223
13909
31546
18510
29776
17679
27793
2965
17669
12366
12737
6880
23373
19182
7708
4140
28406
11238
18228
29301
29704
10601
26788
32503
22446
1255
2163
31721
31773
15029
16741
32712
3630
32278
4914
11470
18354
25914
17250
12823
1496
29234
11639
636
29483
15972
18384
16606
12956
9852
13724
19261
2364
27169
13398
5420
9603
26316
701
12094
17888
28883
16542
11289
9933
13384
22174
29621
31818
7529
677
2466
23127
13746
13467
27156
5334
15857
25206
15707
9887
11835
1536
21455
13362
20396
31189
2213
767
10533
17589
12444
24716
20358
31646
17644
9345
27701
10270
3092
6703
7004
9381
20687
20643
14824
21060
22430
10748
11328
4718
1455
32194
7178
5486
21734
1585
3649
32670
22699
5152
1910
9408
9788
10315
16156
18313
25102
27078
18562
16925
17461
17892
14498
8863
9831
25604
13031
13432
20402
20928
30286
5452
25012
19492
12918
10702
13814
9037
10724
12398
19128
17508
1526
31770
9858
22679
8673
17886
21909
13102
10744
21086
15217
22806
21262
14496
2081
17724
11841
4817
24057
11563
10244
12000
23961
10489
19786
30047
20253
29568
17468
14533
13171
31837
23130
22589
8822
28476
25773
13803
20988
18468
18954
6063
12723
17149
27931
31117
6662
10978
18851
24090
13583
22243
29978
16078
12713
16839
13698
31973
3299
14869
29354
21609
22151
13923
9888
16193
24076
14376
29342
13100
13220
19673
24224
26294
16308
11817
15236
4662
27742
17458
16045
27094
22129
23230
2983
12316
15032
13147
5192
28834
27801
15112
7215
1410
29158
5209
8038
1308
13132
6112
26603
3098
18111
29577
1348
8419
10438
18337
31757
18095
23055
9273
20528
9184
2335
9854
22293
7141
26333
3472
27431
32323
13317
27789
12285
18880
14230
27777
21257
25650
17587
30035
20037
20114
12542
22654
13293
24205
30364
3390
27088
23564
32588
24453
9036
32356
12551
4211
12751
7294
9926
24342
15490
4051
5065
1083
9916
15264
10574
28719
10091
4998
768
6624
31545
8290
6463
22119
14827
15500
4930
1261
29301
25664
26237
4273
9809
30043
30494
19394
8640
7374
8411
29143
28340
19456
13294
15631
2675
25935
11416
30812
29939
21100
31080
21373
22983
7362
27171
10595
4065
25577
21421
17943
2791
13639
19480
12875
27701
5340
20995
31662
22702
11041
26689
9908
14404
29694
11884
15647
17348
19264
10954
8555
10741
15056
7098
28858
17531
22052
22359
3231
26467
26781
3942
31454
6412
28386
5689
32009
17082
12481
25745
2064
7001
5650
25830
15803
28955
28094
666
10578
5663
3054
16906
2495
5537
27120
30675
10428
12850
7509
12811
1250
14909
20879
29963
8021
24425
17780
15517
167
17968
31847
30847
24958
15705
16793
20722
21494
11773
1820
10043
6440
19784
30540
22235
5926
7626
28815
21768
11638
28051
6910
29788
11614
8832
5187
3337
21214
9927
28605
6309
7150
32580
5147
13118
9659
20775
23677
8286
11239
20693
25503
24213
24572
2071
11013
30516
27381
31539
14327
30036
381
32334
21520
12301
25601
23779
13619
17055
16385
14486
8719
18114
16168
10645
18509
21868
542
23982
15260
27498
13399
23311
29864
440
18408
32140
30785
9661
23807
24052
20101
1701
4102
9186
29143
22262
24375
22957
27500
12815
26948
29744
11278
10979
30727
7744
24447
12820
2594
7816
21630
4691
28849
13392
13537
8446
26364
8155
12492
26475
3917
14187
10975
20902
14373
3779
20624
5534
28897
25830
32191
31459
27642
16214
4682
24767
9462
22272
32157
11128
25750
30334
27964
22856
12646
17173
16734
24205
7211
18496
30263
28077
10472
8709
30004
7165
24603
27002
7426
17996
17130
32265
12096
22887
6081
9692
5100
17514
10079
30850
10598
19778
28378
7527
11948
14895
14319
2630
27271
30420
18554
16853
23109
1400
9184
3432
4774
23541
8486
23460
9086
29891
17257
13105
3969
20878
16228
8331
31822
15422
17754
13660
1114
5109
13468
23464
4535
13671
2049
6109
333
19620
30615
8158
24848
8931
8804
29589
19654
15390
17286
23512
2604
19707
22075
15987
5576
5844
27727
29631
3390
25002
12480
9561
21513
32406
2239
10461
18902
18658
9077
17057
3169
27479
17615
7859
25783
5170
22361
7762
1176
28974
5697
28669
26057
429
13207
14363
2285
2275
18519
335
28160
1943
5653
2861
19388
21532
2872
29692
23688
14971
8499
28871
8245
30190
13305
4234
11631
26524
10435
26059
11567
16969
32468
8425
23592
24216
7846
27907
10212
29926
2718
32515
4097
29936
3129
26875
1368
18916
3504
26521
5275
21252
12159
32094
27392
22143
22002
6970
29523
31148
2326
9132
17504
15691
5029
6267
32614
14068
14582
13488
8117
27800
24559
20817
10321
26939
25796
20248
13990
31659
4840
3665
16385
32271
31732
20477
23986
368
1731
28838
15265
6442
7397
9451
32
19984
26187
141
14506
5504
12483
31622
27473
24623
23803
3757
7938
4939
2977
31893
10075
16511
7537
20491
21037
19148
6186
3183
16276
23163
8450
30608
15129
10892
4199
18146
5202
15511
26589
32343
21914
6172
11535
21321
17818
83
13832
10376
28532
58
14126
