5706
12958
16001
21029
29914
4032
3122
5507
27269
9221
28444
24331
17504
22446
436
14956
9640
7692
12684
5190
21980
6242
29221
21350
22466
14243
24860
5105
22906
17928
18014
10006
728
29440
25722
20508
12356
13019
17786
12920
22338
25960
22988
15196
16334
29270
20424
15214
23905
32556
27036
31373
11382
3331
14534
737
26276
13109
9452
3496
9090
20569
25105
27902
17000
12479
31427
19058
7451
25044
5628
12138
6801
26624
31906
29822
15895
16105
30333
20646
10755
6129
32543
13775
11013
7030
5936
32728
1449
32178
24290
29189
19161
15044
8182
31914
23075
9657
10360
27626
7970
11863
7200
31334
1815
11674
20802
17914
28506
26207
26096
9632
15723
12156
31875
762
5319
15602
28647
23255
23342
5154
22213
11184
23793
14094
5616
31566
20419
20709
22068
20665
24017
3667
17078
30669
6041
31872
30685
22960
23352
16077
8503
6950
3378
10423
27394
28628
19454
4933
22292
21077
24075
27234
22386
16035
2007
18110
8950
30450
18327
16059
29772
23822
12972
12237
6883
11147
1016
20640
6201
13523
19543
22168
12584
24241
18304
27335
8728
7476
8381
9474
10452
27046
8151
14796
25946
7247
1552
25092
11633
5818
464
12823
12422
11621
30524
15669
26512
24525
21958
17275
1807
11768
27767
21219
8217
15504
4720
32763
30410
15240
17936
13880
6328
5692
20816
29131
15058
22490
23890
25458
4565
26659
1381
28516
19191
3624
10884
28633
22064
13218
30440
20313
18487
32287
9821
2794
27301
22712
2706
414
13946
14235
29850
7670
27442
2073
19707
1090
5916
26223
20242
9111
793
3148
13535
29211
8710
24521
23380
31194
6382
2021
30447
10403
32302
15050
32441
29503
32430
30145
4416
21874
23536
17753
789
13521
5142
13293
8679
5700
22530
1457
13151
2594
19210
21572
5144
25199
20699
2122
14806
10828
11492
11525
24017
19752
22736
26914
11441
10406
23740
14591
4119
19185
28658
19028
23833
10770
5608
21210
3147
16258
7952
9747
24309
11115
27404
30208
8530
22084
21465
17094
1990
11389
18089
30813
8552
16116
17521
27083
18430
26679
30154
15937
10961
28252
23612
5238
13178
9446
31087
3234
19377
18519
2840
15099
11174
25704
12348
2845
6430
25983
1028
27353
7294
14426
6920
473
2759
24714
3692
14725
22505
23143
24130
21887
998
27385
30263
20761
26176
12979
30031
24380
344
12650
7624
19143
19344
3201
31097
14083
6834
25315
26487
27088
18276
12890
8808
15927
23327
26671
15854
28233
13360
8426
14528
16037
10424
10081
20965
19526
8342
12399
277
20218
31511
31487
5999
29697
31798
21563
32574
24128
8081
18066
10113
16239
24494
27106
26346
32286
6369
10544
10310
407
8654
6926
26559
17991
14565
11860
14362
13244
1568
4345
14932
19159
30656
21739
4355
516
3088
30489
27309
12031
23932
11466
7146
10086
30177
13822
27790
4688
30962
7950
1481
20649
5251
812
3565
10616
19628
2887
3099
25825
5246
18469
8805
3238
29981
449
11946
19217
13206
20511
17212
22878
26228
19748
29812
31242
32694
18129
31384
27794
25527
4312
17926
13028
4790
7503
10250
24561
27987
24032
14690
21055
9145
30488
6065
9633
13223
7919
1316
26997
19206
375
21076
30052
24468
9441
8976
18658
20296
564
279
31371
641
20877
6462
17650
20075
1375
19748
11979
22445
24914
25608
19271
23550
10454
27473
20503
409
14635
10804
28016
9907
25432
1108
13103
160
32491
29441
20061
7038
11867
6257
12639
31273
4656
27917
27553
11152
13290
22434
3033
1932
8982
29769
18768
20049
15962
21796
19870
265
28705
19649
22949
604
7999
4274
18307
30725
15209
2133
29018
17787
24957
18295
2145
4706
12575
3355
25447
12838
15747
2083
5847
4039
9938
9653
21771
23330
16706
21868
3041
5689
25858
23748
29004
24083
23770
32138
3833
29563
12154
23948
9757
5904
1864
72
2846
28836
20610
26590
2962
2170
21154
3323
5105
5457
20795
32576
12694
11935
23915
26094
29815
22406
11277
2660
26969
21350
26851
28638
2938
16188
2169
8764
23467
31816
32351
25857
26728
29465
14192
17294
26234
3103
23892
5715
29978
5922
18417
19715
4661
10652
13942
20181
30747
15419
3711
12858
19976
13817
29674
21034
29028
12819
9961
2932
4169
13482
31312
22667
32061
2797
11603
17353
6328
16520
13659
15015
23235
23668
32351
31930
18805
18538
29895
590
29441
6367
6021
28213
20283
31962
21980
7242
21744
19498
27938
18542
18151
22329
4757
30943
20129
8764
5250
14630
12747
3292
20292
12979
19409
5101
177
2667
14914
3795
29478
8638
15477
9864
16863
27000
12188
16437
14141
2328
30531
5221
1382
13784
22945
14126
29624
7283
15721
20443
18240
25657
465
5806
13426
15120
19580
30730
28348
1052
448
5600
20044
27703
24299
8446
20719
7118
838
9741
15703
7954
13675
10369
1069
2342
8212
9612
4372
2394
28273
21251
26889
183
827
5979
1892
32472
25695
16446
32121
7061
1674
22594
304
17212
29947
32560
8014
25217
23570
26213
2698
8645
19380
10112
7527
32113
4654
26343
31904
13329
20810
18224
25951
8491
31922
3021
16270
182
9491
20957
16713
3174
30919
25327
4607
26953
30856
24561
12993
9953
21495
31096
10314
21555
21430
13862
3409
28880
24105
2344
12617
7560
14919
29950
21258
24224
14572
25311
14170
3611
9672
10463
26711
9655
30148
25622
28108
13835
11179
4587
26849
15750
2938
26364
24207
6213
23564
11935
29401
965
8724
19361
12400
23404
25606
24328
13285
28695
9687
16923
32693
26097
32712
17682
19851
25649
13963
13451
11928
24449
15418
20063
4593
15352
32176
27149
21431
30040
11610
14815
10079
20837
16887
25013
22073
23693
21574
32463
26613
2554
12568
3309
22800
27471
15719
27706
20164
5999
2677
12935
6005
22563
12015
25976
8596
9523
4385
22518
1488
29711
969
15957
19590
13324
7835
14751
13040
1723
26164
26088
29209
25621
26101
30061
29736
18349
25704
24914
2424
1610
8448
21676
2292
23411
22447
27080
11667
14781
18038
25233
20123
1104
29638
1893
13911
21958
21992
29517
22963
19352
8640
10101
24780
14136
19437
17844
31545
15713
11422
21054
462
1786
3021
14496
6487
19362
28015
32030
31312
7500
8548
26908
6995
7693
22895
26206
1757
11684
2722
23823
31429
20086
7420
15598
20225
29710
295
2329
10753
5587
24856
27382
7835
29283
22943
15907
31358
29516
7665
5470
25909
9985
9812
18205
17361
15247
30812
13384
11704
22640
32708
22557
22523
29113
13934
4220
5168
28581
15949
25461
18112
2723
30680
11843
25370
13782
29110
30688
14806
12453
25201
29323
24584
5708
1934
15927
13066
18969
28551
21999
16704
7073
32276
6464
10919
26943
10342
3825
21774
30230
17687
25595
91
28457
1819
8755
14980
11797
13462
22094
5966
11893
9254
7140
524
28550
23317
6938
8161
13978
20940
21322
1715
21005
26119
14199
29814
18684
1426
23746
29385
8875
287
9804
15108
27658
20036
4863
13644
22811
13430
19470
6222
26825
22920
20945
6087
12031
5648
2937
6893
19639
6408
31155
7425
31291
16469
15133
2612
76
5728
24714
24891
20718
10116
32466
15570
8677
28503
22343
4107
16725
26088
14900
1883
5189
16490
14282
31254
28811
24992
4380
8650
20640
3525
16162
2694
6141
30767
7661
24127
28156
21088
27338
6561
4115
20046
19915
30834
25175
1851
7557
1741
14420
22741
24245
24897
30379
27908
21316
24440
16010
9055
5487
13294
6014
31936
22982
32498
18905
1097
19478
16490
15643
20233
10238
29812
14256
22305
430
24911
12929
25665
21684
1926
21140
1722
2874
19205
25955
17096
26378
14676
19620
10881
1803
7095
25211
24056
27754
17563
9513
11227
31109
24281
32106
7375
29668
1075
30052
4961
11731
29594
8055
28024
4855
27689
13473
21175
29706
22046
16319
21676
22680
25052
31557
27148
9437
29297
17228
4942
12028
9674
4839
24597
3382
24478
24394
1316
1029
32602
28616
14533
419
27703
8390
14846
8772
32574
4825
30096
7510
12151
13446
26953
13809
9829
25206
12013
29904
28798
32357
21115
19025
6346
6970
27595
16234
3340
11851
10990
11865
24211
26528
26007
31052
31000
26176
21179
2583
4291
25739
5404
27297
4397
19907
29890
3670
30311
3029
1616
5844
9158
18084
26045
5373
30400
15126
16981
14094
31471
32506
16437
14140
29146
24352
16946
17061
28939
1177
7177
13249
238
4327
25601
7853
7029
16304
13339
18775
11067
2342
4947
14253
7350
9400
5599
21751
8715
32412
9703
2283
16189
28708
15905
3337
28895
29846
5758
22276
6094
3100
24274
27010
26414
20247
11503
1244
17833
818
2743
20062
17392
12361
24921
10874
9152
17243
30051
2258
9347
15930
16724
11617
18112
17248
3654
25068
3047
13665
22040
29640
6202
15578
6297
24075
5039
335
32294
4486
14971
29800
29813
26016
3235
23391
27859
4868
17463
30987
27056
10149
15123
29369
9886
6870
8620
31227
2364
31426
6544
29008
